BW = 10000;AVG = 15
+7.100000E+9	-1.879052E-2	+9.418542E-1
+7.100015E+9	-1.850005E-2	+9.415408E-1
+7.100030E+9	-1.883127E-2	+9.410817E-1
+7.100045E+9	-1.785642E-2	+9.411710E-1
+7.100060E+9	-1.808734E-2	+9.405592E-1
+7.100075E+9	-1.768950E-2	+9.409846E-1
+7.100090E+9	-1.759856E-2	+9.410548E-1
+7.100105E+9	-1.743399E-2	+9.415663E-1
+7.100120E+9	-1.748626E-2	+9.409089E-1
+7.100135E+9	-1.802389E-2	+9.406296E-1
+7.100150E+9	-1.691866E-2	+9.411559E-1
+7.100165E+9	-1.730893E-2	+9.413994E-1
+7.100180E+9	-1.721303E-2	+9.412883E-1
+7.100195E+9	-1.731866E-2	+9.409042E-1
+7.100210E+9	-1.699356E-2	+9.411484E-1
+7.100225E+9	-1.675950E-2	+9.416540E-1
+7.100240E+9	-1.677401E-2	+9.416822E-1
+7.100255E+9	-1.592604E-2	+9.411975E-1
+7.100270E+9	-1.635186E-2	+9.412877E-1
+7.100285E+9	-1.642091E-2	+9.406844E-1
+7.100300E+9	-1.626262E-2	+9.410531E-1
+7.100315E+9	-1.654571E-2	+9.409657E-1
+7.100330E+9	-1.644646E-2	+9.406831E-1
+7.100345E+9	-1.558824E-2	+9.407557E-1
+7.100360E+9	-1.531995E-2	+9.407382E-1
+7.100375E+9	-1.523381E-2	+9.412184E-1
+7.100390E+9	-1.480871E-2	+9.407710E-1
+7.100405E+9	-1.430707E-2	+9.413224E-1
+7.100420E+9	-1.531684E-2	+9.412441E-1
+7.100435E+9	-1.496617E-2	+9.413363E-1
+7.100450E+9	-1.390883E-2	+9.413104E-1
+7.100465E+9	-1.357551E-2	+9.414286E-1
+7.100480E+9	-1.413809E-2	+9.416496E-1
+7.100495E+9	-1.399350E-2	+9.411876E-1
+7.100510E+9	-1.344642E-2	+9.414879E-1
+7.100525E+9	-1.363234E-2	+9.413243E-1
+7.100540E+9	-1.390958E-2	+9.418293E-1
+7.100555E+9	-1.382450E-2	+9.416258E-1
+7.100570E+9	-1.303745E-2	+9.416219E-1
+7.100585E+9	-1.331059E-2	+9.412194E-1
+7.100600E+9	-1.284803E-2	+9.413250E-1
+7.100615E+9	-1.236078E-2	+9.409070E-1
+7.100630E+9	-1.249328E-2	+9.410525E-1
+7.100645E+9	-1.236254E-2	+9.410065E-1
+7.100660E+9	-1.235507E-2	+9.414742E-1
+7.100675E+9	-1.218969E-2	+9.415006E-1
+7.100690E+9	-1.202850E-2	+9.421854E-1
+7.100705E+9	-1.223102E-2	+9.415988E-1
+7.100720E+9	-1.185675E-2	+9.414356E-1
+7.100735E+9	-1.152911E-2	+9.406352E-1
+7.100750E+9	-1.160467E-2	+9.410859E-1
+7.100765E+9	-1.176414E-2	+9.409057E-1
+7.100780E+9	-1.146464E-2	+9.416861E-1
+7.100795E+9	-1.144419E-2	+9.415734E-1
+7.100810E+9	-1.088744E-2	+9.413058E-1
+7.100825E+9	-1.045083E-2	+9.407771E-1
+7.100840E+9	-1.111199E-2	+9.410220E-1
+7.100855E+9	-1.087600E-2	+9.408740E-1
+7.100870E+9	-1.084352E-2	+9.403252E-1
+7.100885E+9	-9.989606E-3	+9.401641E-1
+7.100900E+9	-9.733983E-3	+9.418309E-1
+7.100915E+9	-1.002699E-2	+9.414696E-1
+7.100930E+9	-1.033517E-2	+9.415324E-1
+7.100945E+9	-9.281036E-3	+9.418288E-1
+7.100960E+9	-9.287776E-3	+9.413590E-1
+7.100975E+9	-9.622238E-3	+9.418677E-1
+7.100990E+9	-9.829394E-3	+9.415457E-1
+7.101005E+9	-9.895208E-3	+9.412225E-1
+7.101020E+9	-9.792638E-3	+9.417342E-1
+7.101035E+9	-9.007935E-3	+9.411454E-1
+7.101050E+9	-9.009911E-3	+9.410160E-1
+7.101065E+9	-8.732349E-3	+9.408756E-1
+7.101080E+9	-8.998344E-3	+9.407761E-1
+7.101095E+9	-8.619934E-3	+9.406915E-1
+7.101110E+9	-8.219158E-3	+9.415010E-1
+7.101125E+9	-8.174722E-3	+9.409243E-1
+7.101140E+9	-8.169358E-3	+9.410943E-1
+7.101155E+9	-8.147629E-3	+9.412456E-1
+7.101170E+9	-8.298359E-3	+9.414733E-1
+7.101185E+9	-8.005029E-3	+9.411134E-1
+7.101200E+9	-7.642541E-3	+9.410550E-1
+7.101215E+9	-7.294882E-3	+9.413036E-1
+7.101230E+9	-7.531989E-3	+9.419559E-1
+7.101245E+9	-7.192988E-3	+9.414489E-1
+7.101260E+9	-7.141881E-3	+9.415544E-1
+7.101275E+9	-7.166811E-3	+9.416220E-1
+7.101290E+9	-6.999553E-3	+9.415704E-1
+7.101305E+9	-6.897825E-3	+9.412784E-1
+7.101320E+9	-6.724083E-3	+9.414529E-1
+7.101335E+9	-6.551738E-3	+9.411541E-1
+7.101350E+9	-6.159293E-3	+9.410762E-1
+7.101365E+9	-6.124720E-3	+9.410693E-1
+7.101380E+9	-5.563655E-3	+9.413411E-1
+7.101395E+9	-5.438780E-3	+9.412927E-1
+7.101410E+9	-4.987634E-3	+9.411367E-1
+7.101425E+9	-5.393190E-3	+9.406251E-1
+7.101440E+9	-5.249043E-3	+9.407867E-1
+7.101455E+9	-4.941722E-3	+9.416747E-1
+7.101470E+9	-4.979554E-3	+9.413321E-1
+7.101485E+9	-5.125570E-3	+9.416918E-1
+7.101500E+9	-4.503527E-3	+9.411044E-1
+7.101515E+9	-3.756787E-3	+9.413391E-1
+7.101530E+9	-3.674201E-3	+9.420307E-1
+7.101545E+9	-3.867805E-3	+9.420147E-1
+7.101560E+9	-3.971043E-3	+9.418499E-1
+7.101575E+9	-3.763389E-3	+9.413937E-1
+7.101590E+9	-3.771396E-3	+9.417057E-1
+7.101605E+9	-3.808056E-3	+9.412652E-1
+7.101620E+9	-3.359187E-3	+9.414293E-1
+7.101635E+9	-3.269507E-3	+9.411699E-1
+7.101650E+9	-2.670748E-3	+9.412512E-1
+7.101665E+9	-2.540174E-3	+9.410093E-1
+7.101680E+9	-2.499793E-3	+9.412284E-1
+7.101695E+9	-3.013958E-3	+9.410869E-1
+7.101710E+9	-3.056574E-3	+9.414994E-1
+7.101725E+9	-2.665588E-3	+9.413459E-1
+7.101740E+9	-2.407154E-3	+9.416394E-1
+7.101755E+9	-2.284553E-3	+9.419564E-1
+7.101770E+9	-2.048843E-3	+9.421046E-1
+7.101785E+9	-2.083211E-3	+9.414745E-1
+7.101800E+9	-2.433587E-3	+9.411285E-1
+7.101815E+9	-1.577573E-3	+9.413708E-1
+7.101830E+9	-1.505746E-3	+9.415329E-1
+7.101845E+9	-1.238226E-3	+9.411394E-1
+7.101860E+9	-1.303242E-3	+9.411003E-1
+7.101875E+9	-9.534269E-4	+9.410178E-1
+7.101890E+9	-8.984623E-4	+9.408946E-1
+7.101905E+9	-1.091326E-3	+9.412103E-1
+7.101920E+9	-5.416923E-4	+9.411893E-1
+7.101935E+9	-5.465972E-5	+9.413694E-1
+7.101950E+9	-5.750516E-4	+9.414664E-1
+7.101965E+9	-7.371626E-4	+9.410866E-1
+7.101980E+9	-3.121002E-4	+9.411575E-1
+7.101995E+9	+1.550955E-4	+9.410156E-1
+7.102010E+9	+5.261795E-4	+9.407383E-1
+7.102025E+9	+3.342196E-4	+9.410599E-1
+7.102040E+9	+3.613064E-4	+9.416336E-1
+7.102055E+9	+7.410111E-4	+9.414235E-1
+7.102070E+9	+7.204626E-4	+9.414153E-1
+7.102085E+9	+4.351307E-4	+9.412391E-1
+7.102100E+9	+4.151049E-4	+9.412942E-1
+7.102115E+9	+7.788490E-4	+9.417663E-1
+7.102130E+9	+1.145523E-3	+9.412762E-1
+7.102145E+9	+1.780203E-3	+9.414502E-1
+7.102160E+9	+1.592205E-3	+9.412251E-1
+7.102175E+9	+1.653974E-3	+9.416894E-1
+7.102190E+9	+1.708410E-3	+9.413822E-1
+7.102205E+9	+1.968999E-3	+9.411800E-1
+7.102220E+9	+2.669804E-3	+9.412413E-1
+7.102235E+9	+2.558115E-3	+9.412612E-1
+7.102250E+9	+2.712498E-3	+9.415375E-1
+7.102265E+9	+2.740343E-3	+9.414732E-1
+7.102280E+9	+2.686453E-3	+9.411208E-1
+7.102295E+9	+2.949618E-3	+9.409631E-1
+7.102310E+9	+3.535179E-3	+9.409040E-1
+7.102325E+9	+3.479042E-3	+9.415534E-1
+7.102340E+9	+3.385792E-3	+9.417265E-1
+7.102355E+9	+3.138413E-3	+9.415035E-1
+7.102370E+9	+3.912830E-3	+9.413253E-1
+7.102385E+9	+3.968316E-3	+9.409256E-1
+7.102400E+9	+4.214687E-3	+9.413965E-1
+7.102415E+9	+4.581619E-3	+9.416338E-1
+7.102430E+9	+4.298781E-3	+9.414154E-1
+7.102445E+9	+4.358793E-3	+9.419498E-1
+7.102460E+9	+4.419436E-3	+9.417574E-1
+7.102475E+9	+4.953364E-3	+9.416728E-1
+7.102490E+9	+4.881544E-3	+9.413985E-1
+7.102505E+9	+4.955196E-3	+9.414257E-1
+7.102520E+9	+5.026757E-3	+9.416534E-1
+7.102535E+9	+5.612220E-3	+9.417149E-1
+7.102550E+9	+5.446998E-3	+9.415282E-1
+7.102565E+9	+5.107258E-3	+9.414992E-1
+7.102580E+9	+5.354052E-3	+9.415271E-1
+7.102595E+9	+5.315868E-3	+9.413451E-1
+7.102610E+9	+5.878039E-3	+9.410627E-1
+7.102625E+9	+6.257470E-3	+9.409586E-1
+7.102640E+9	+6.221574E-3	+9.412510E-1
+7.102655E+9	+6.368674E-3	+9.419797E-1
+7.102670E+9	+6.856972E-3	+9.417243E-1
+7.102685E+9	+6.798584E-3	+9.410603E-1
+7.102700E+9	+6.688305E-3	+9.409582E-1
+7.102715E+9	+7.014962E-3	+9.409856E-1
+7.102730E+9	+7.061549E-3	+9.416370E-1
+7.102745E+9	+7.107297E-3	+9.413109E-1
+7.102760E+9	+7.722088E-3	+9.416070E-1
+7.102775E+9	+7.584281E-3	+9.414411E-1
+7.102790E+9	+7.798525E-3	+9.416840E-1
+7.102805E+9	+8.021163E-3	+9.419186E-1
+7.102820E+9	+7.924039E-3	+9.413618E-1
+7.102835E+9	+8.479789E-3	+9.414807E-1
+7.102850E+9	+8.304134E-3	+9.416287E-1
+7.102865E+9	+8.478922E-3	+9.410445E-1
+7.102880E+9	+8.067337E-3	+9.412462E-1
+7.102895E+9	+8.713175E-3	+9.412285E-1
+7.102910E+9	+9.182988E-3	+9.413937E-1
+7.102925E+9	+9.972543E-3	+9.413029E-1
+7.102940E+9	+9.834185E-3	+9.412583E-1
+7.102955E+9	+9.148982E-3	+9.413261E-1
+7.102970E+9	+9.540580E-3	+9.411203E-1
+7.102985E+9	+9.415166E-3	+9.412140E-1
+7.103000E+9	+9.511056E-3	+9.412996E-1
+7.103015E+9	+9.631335E-3	+9.417413E-1
+7.103030E+9	+9.960358E-3	+9.414689E-1
+7.103045E+9	+1.032046E-2	+9.412129E-1
+7.103060E+9	+1.006140E-2	+9.413135E-1
+7.103075E+9	+1.023053E-2	+9.413354E-1
+7.103090E+9	+1.061604E-2	+9.417730E-1
+7.103105E+9	+1.121770E-2	+9.413482E-1
+7.103120E+9	+1.118905E-2	+9.412619E-1
+7.103135E+9	+1.117572E-2	+9.415044E-1
+7.103150E+9	+1.056881E-2	+9.415235E-1
+7.103165E+9	+1.126438E-2	+9.415354E-1
+7.103180E+9	+1.096673E-2	+9.414735E-1
+7.103195E+9	+1.162057E-2	+9.416128E-1
+7.103210E+9	+1.209120E-2	+9.417011E-1
+7.103225E+9	+1.174222E-2	+9.419765E-1
+7.103240E+9	+1.239637E-2	+9.417603E-1
+7.103255E+9	+1.264419E-2	+9.411683E-1
+7.103270E+9	+1.261856E-2	+9.416334E-1
+7.103285E+9	+1.230985E-2	+9.414976E-1
+7.103300E+9	+1.201866E-2	+9.413769E-1
+7.103315E+9	+1.259361E-2	+9.415538E-1
+7.103330E+9	+1.275851E-2	+9.413936E-1
+7.103345E+9	+1.274585E-2	+9.415136E-1
+7.103360E+9	+1.251598E-2	+9.411806E-1
+7.103375E+9	+1.301489E-2	+9.415054E-1
+7.103390E+9	+1.350444E-2	+9.410546E-1
+7.103405E+9	+1.334629E-2	+9.415422E-1
+7.103420E+9	+1.372581E-2	+9.413769E-1
+7.103435E+9	+1.362484E-2	+9.411427E-1
+7.103450E+9	+1.427370E-2	+9.412245E-1
+7.103465E+9	+1.424732E-2	+9.411968E-1
+7.103480E+9	+1.417605E-2	+9.416310E-1
+7.103495E+9	+1.451263E-2	+9.417867E-1
+7.103510E+9	+1.453978E-2	+9.408983E-1
+7.103525E+9	+1.450921E-2	+9.411561E-1
+7.103540E+9	+1.488482E-2	+9.409688E-1
+7.103555E+9	+1.529611E-2	+9.408984E-1
+7.103570E+9	+1.516179E-2	+9.410958E-1
+7.103585E+9	+1.532624E-2	+9.415110E-1
+7.103600E+9	+1.522338E-2	+9.414689E-1
+7.103615E+9	+1.534740E-2	+9.411895E-1
+7.103630E+9	+1.575667E-2	+9.412972E-1
+7.103645E+9	+1.540456E-2	+9.414035E-1
+7.103660E+9	+1.551465E-2	+9.416156E-1
+7.103675E+9	+1.550394E-2	+9.417531E-1
+7.103690E+9	+1.588634E-2	+9.414177E-1
+7.103705E+9	+1.624424E-2	+9.412912E-1
+7.103720E+9	+1.610916E-2	+9.408946E-1
+7.103735E+9	+1.635940E-2	+9.406580E-1
+7.103750E+9	+1.676784E-2	+9.412272E-1
+7.103765E+9	+1.707851E-2	+9.410966E-1
+7.103780E+9	+1.699691E-2	+9.411814E-1
+7.103795E+9	+1.716154E-2	+9.411218E-1
+7.103810E+9	+1.748553E-2	+9.407593E-1
+7.103825E+9	+1.761891E-2	+9.408395E-1
+7.103840E+9	+1.765269E-2	+9.412171E-1
+7.103855E+9	+1.751341E-2	+9.415931E-1
+7.103870E+9	+1.749308E-2	+9.412131E-1
+7.103885E+9	+1.842571E-2	+9.410629E-1
+7.103900E+9	+1.817432E-2	+9.416601E-1
+7.103915E+9	+1.822756E-2	+9.416248E-1
+7.103930E+9	+1.820387E-2	+9.414259E-1
+7.103945E+9	+1.866133E-2	+9.410611E-1
+7.103960E+9	+1.869703E-2	+9.414603E-1
+7.103975E+9	+1.898094E-2	+9.415788E-1
+7.103990E+9	+1.921592E-2	+9.412527E-1
+7.104005E+9	+1.961434E-2	+9.413202E-1
+7.104020E+9	+1.957769E-2	+9.409076E-1
+7.104035E+9	+1.972364E-2	+9.413773E-1
+7.104050E+9	+1.967045E-2	+9.413637E-1
+7.104065E+9	+2.014875E-2	+9.412321E-1
+7.104080E+9	+2.010299E-2	+9.414000E-1
+7.104095E+9	+2.012547E-2	+9.408584E-1
+7.104110E+9	+2.066242E-2	+9.411412E-1
+7.104125E+9	+2.094525E-2	+9.409679E-1
+7.104140E+9	+2.094464E-2	+9.411076E-1
+7.104155E+9	+2.039927E-2	+9.413781E-1
+7.104170E+9	+2.077085E-2	+9.411721E-1
+7.104185E+9	+2.080605E-2	+9.414711E-1
+7.104200E+9	+2.153624E-2	+9.417237E-1
+7.104215E+9	+2.185018E-2	+9.418576E-1
+7.104230E+9	+2.127901E-2	+9.419389E-1
+7.104245E+9	+2.120269E-2	+9.410239E-1
+7.104260E+9	+2.164387E-2	+9.413749E-1
+7.104275E+9	+2.206587E-2	+9.414118E-1
+7.104290E+9	+2.211252E-2	+9.412481E-1
+7.104305E+9	+2.198680E-2	+9.415106E-1
+7.104320E+9	+2.225706E-2	+9.410441E-1
+7.104335E+9	+2.260692E-2	+9.411057E-1
+7.104350E+9	+2.258379E-2	+9.411487E-1
+7.104365E+9	+2.259406E-2	+9.413597E-1
+7.104380E+9	+2.237925E-2	+9.414316E-1
+7.104395E+9	+2.301600E-2	+9.413824E-1
+7.104410E+9	+2.365342E-2	+9.410714E-1
+7.104425E+9	+2.327076E-2	+9.412072E-1
+7.104440E+9	+2.333677E-2	+9.412705E-1
+7.104455E+9	+2.380692E-2	+9.409804E-1
+7.104470E+9	+2.387846E-2	+9.409058E-1
+7.104485E+9	+2.423383E-2	+9.412143E-1
+7.104500E+9	+2.382735E-2	+9.415146E-1
+7.104515E+9	+2.434110E-2	+9.412390E-1
+7.104530E+9	+2.446204E-2	+9.413760E-1
+7.104545E+9	+2.428685E-2	+9.412032E-1
+7.104560E+9	+2.462538E-2	+9.412515E-1
+7.104575E+9	+2.439207E-2	+9.410627E-1
+7.104590E+9	+2.428112E-2	+9.411790E-1
+7.104605E+9	+2.454592E-2	+9.413033E-1
+7.104620E+9	+2.440476E-2	+9.404758E-1
+7.104635E+9	+2.512842E-2	+9.404377E-1
+7.104650E+9	+2.545675E-2	+9.412640E-1
+7.104665E+9	+2.558543E-2	+9.412090E-1
+7.104680E+9	+2.583383E-2	+9.406605E-1
+7.104695E+9	+2.611550E-2	+9.411000E-1
+7.104710E+9	+2.579207E-2	+9.411566E-1
+7.104725E+9	+2.596580E-2	+9.414101E-1
+7.104740E+9	+2.567406E-2	+9.411959E-1
+7.104755E+9	+2.615069E-2	+9.409984E-1
+7.104770E+9	+2.623693E-2	+9.412952E-1
+7.104785E+9	+2.611120E-2	+9.408930E-1
+7.104800E+9	+2.659390E-2	+9.413408E-1
+7.104815E+9	+2.682461E-2	+9.415999E-1
+7.104830E+9	+2.729116E-2	+9.409513E-1
+7.104845E+9	+2.734968E-2	+9.412009E-1
+7.104860E+9	+2.719704E-2	+9.408988E-1
+7.104875E+9	+2.721412E-2	+9.411933E-1
+7.104890E+9	+2.756461E-2	+9.411868E-1
+7.104905E+9	+2.810465E-2	+9.414630E-1
+7.104920E+9	+2.811031E-2	+9.409349E-1
+7.104935E+9	+2.821622E-2	+9.408503E-1
+7.104950E+9	+2.842185E-2	+9.409626E-1
+7.104965E+9	+2.848652E-2	+9.413281E-1
+7.104980E+9	+2.888500E-2	+9.409885E-1
+7.104995E+9	+2.860261E-2	+9.409082E-1
+7.105010E+9	+2.862798E-2	+9.409190E-1
+7.105025E+9	+2.836266E-2	+9.406422E-1
+7.105040E+9	+2.908485E-2	+9.408610E-1
+7.105055E+9	+2.919497E-2	+9.410653E-1
+7.105070E+9	+2.946638E-2	+9.407271E-1
+7.105085E+9	+2.965566E-2	+9.408919E-1
+7.105100E+9	+2.950684E-2	+9.409035E-1
+7.105115E+9	+2.985403E-2	+9.410176E-1
+7.105130E+9	+2.951846E-2	+9.409237E-1
+7.105145E+9	+2.981359E-2	+9.406820E-1
+7.105160E+9	+2.997313E-2	+9.412433E-1
+7.105175E+9	+3.012902E-2	+9.408950E-1
+7.105190E+9	+3.087230E-2	+9.411768E-1
+7.105205E+9	+3.102401E-2	+9.410231E-1
+7.105220E+9	+3.081870E-2	+9.413835E-1
+7.105235E+9	+3.116828E-2	+9.412449E-1
+7.105250E+9	+3.098606E-2	+9.408065E-1
+7.105265E+9	+3.142561E-2	+9.409862E-1
+7.105280E+9	+3.190011E-2	+9.408813E-1
+7.105295E+9	+3.152711E-2	+9.407655E-1
+7.105310E+9	+3.132195E-2	+9.405080E-1
+7.105325E+9	+3.154526E-2	+9.408543E-1
+7.105340E+9	+3.167564E-2	+9.406721E-1
+7.105355E+9	+3.152291E-2	+9.409712E-1
+7.105370E+9	+3.157578E-2	+9.412245E-1
+7.105385E+9	+3.225566E-2	+9.414120E-1
+7.105400E+9	+3.276596E-2	+9.405555E-1
+7.105415E+9	+3.272069E-2	+9.407660E-1
+7.105430E+9	+3.313576E-2	+9.407474E-1
+7.105445E+9	+3.279770E-2	+9.413161E-1
+7.105460E+9	+3.306558E-2	+9.410986E-1
+7.105475E+9	+3.318427E-2	+9.411173E-1
+7.105490E+9	+3.361013E-2	+9.404251E-1
+7.105505E+9	+3.331518E-2	+9.403157E-1
+7.105520E+9	+3.346675E-2	+9.406836E-1
+7.105535E+9	+3.414714E-2	+9.407022E-1
+7.105550E+9	+3.392711E-2	+9.409031E-1
+7.105565E+9	+3.387637E-2	+9.407464E-1
+7.105580E+9	+3.395783E-2	+9.407249E-1
+7.105595E+9	+3.381541E-2	+9.408918E-1
+7.105610E+9	+3.452479E-2	+9.410378E-1
+7.105625E+9	+3.413090E-2	+9.411633E-1
+7.105640E+9	+3.436609E-2	+9.410706E-1
+7.105655E+9	+3.461717E-2	+9.411384E-1
+7.105670E+9	+3.511941E-2	+9.406521E-1
+7.105685E+9	+3.534061E-2	+9.406483E-1
+7.105700E+9	+3.515044E-2	+9.408546E-1
+7.105715E+9	+3.547347E-2	+9.409085E-1
+7.105730E+9	+3.537550E-2	+9.408076E-1
+7.105745E+9	+3.551853E-2	+9.404137E-1
+7.105760E+9	+3.568144E-2	+9.406777E-1
+7.105775E+9	+3.565761E-2	+9.407984E-1
+7.105790E+9	+3.552262E-2	+9.407933E-1
+7.105805E+9	+3.558657E-2	+9.413283E-1
+7.105820E+9	+3.618343E-2	+9.404556E-1
+7.105835E+9	+3.660626E-2	+9.409351E-1
+7.105850E+9	+3.606154E-2	+9.408688E-1
+7.105865E+9	+3.655387E-2	+9.403733E-1
+7.105880E+9	+3.660267E-2	+9.411271E-1
+7.105895E+9	+3.656912E-2	+9.408256E-1
+7.105910E+9	+3.729993E-2	+9.406842E-1
+7.105925E+9	+3.754002E-2	+9.408696E-1
+7.105940E+9	+3.756483E-2	+9.407885E-1
+7.105955E+9	+3.791638E-2	+9.406870E-1
+7.105970E+9	+3.781561E-2	+9.407583E-1
+7.105985E+9	+3.807750E-2	+9.409806E-1
+7.106000E+9	+3.816088E-2	+9.406589E-1
+7.106015E+9	+3.828904E-2	+9.408001E-1
+7.106030E+9	+3.841364E-2	+9.409244E-1
+7.106045E+9	+3.881476E-2	+9.405369E-1
+7.106060E+9	+3.890112E-2	+9.404034E-1
+7.106075E+9	+3.874631E-2	+9.410205E-1
+7.106090E+9	+3.864577E-2	+9.407357E-1
+7.106105E+9	+3.903577E-2	+9.409975E-1
+7.106120E+9	+3.919829E-2	+9.408414E-1
+7.106135E+9	+3.939075E-2	+9.407639E-1
+7.106150E+9	+3.930011E-2	+9.409047E-1
+7.106165E+9	+3.899147E-2	+9.406243E-1
+7.106180E+9	+3.979847E-2	+9.404544E-1
+7.106195E+9	+4.010299E-2	+9.399346E-1
+7.106210E+9	+3.987741E-2	+9.398651E-1
+7.106225E+9	+3.983846E-2	+9.406555E-1
+7.106240E+9	+4.009826E-2	+9.404435E-1
+7.106255E+9	+4.056683E-2	+9.401085E-1
+7.106270E+9	+4.073694E-2	+9.405490E-1
+7.106285E+9	+4.099668E-2	+9.404279E-1
+7.106300E+9	+4.052797E-2	+9.406073E-1
+7.106315E+9	+4.113713E-2	+9.409215E-1
+7.106330E+9	+4.165369E-2	+9.407473E-1
+7.106345E+9	+4.163274E-2	+9.406211E-1
+7.106360E+9	+4.127161E-2	+9.404721E-1
+7.106375E+9	+4.149397E-2	+9.402453E-1
+7.106390E+9	+4.139161E-2	+9.401834E-1
+7.106405E+9	+4.192895E-2	+9.400148E-1
+7.106420E+9	+4.154193E-2	+9.400056E-1
+7.106435E+9	+4.218135E-2	+9.406285E-1
+7.106450E+9	+4.253399E-2	+9.408293E-1
+7.106465E+9	+4.251783E-2	+9.406874E-1
+7.106480E+9	+4.246726E-2	+9.405948E-1
+7.106495E+9	+4.291107E-2	+9.400798E-1
+7.106510E+9	+4.309565E-2	+9.400908E-1
+7.106525E+9	+4.320432E-2	+9.410973E-1
+7.106540E+9	+4.310826E-2	+9.404409E-1
+7.106555E+9	+4.356494E-2	+9.404514E-1
+7.106570E+9	+4.365293E-2	+9.403486E-1
+7.106585E+9	+4.350847E-2	+9.404375E-1
+7.106600E+9	+4.370668E-2	+9.409221E-1
+7.106615E+9	+4.387028E-2	+9.404792E-1
+7.106630E+9	+4.411617E-2	+9.405188E-1
+7.106645E+9	+4.437457E-2	+9.403932E-1
+7.106660E+9	+4.423171E-2	+9.401929E-1
+7.106675E+9	+4.390170E-2	+9.403160E-1
+7.106690E+9	+4.440875E-2	+9.401271E-1
+7.106705E+9	+4.499185E-2	+9.397805E-1
+7.106720E+9	+4.492356E-2	+9.407216E-1
+7.106735E+9	+4.480796E-2	+9.403574E-1
+7.106750E+9	+4.518054E-2	+9.407081E-1
+7.106765E+9	+4.546002E-2	+9.404269E-1
+7.106780E+9	+4.589451E-2	+9.406910E-1
+7.106795E+9	+4.565997E-2	+9.403693E-1
+7.106810E+9	+4.587436E-2	+9.405419E-1
+7.106825E+9	+4.636720E-2	+9.405357E-1
+7.106840E+9	+4.585087E-2	+9.411157E-1
+7.106855E+9	+4.640460E-2	+9.405056E-1
+7.106870E+9	+4.657209E-2	+9.399867E-1
+7.106885E+9	+4.658873E-2	+9.403058E-1
+7.106900E+9	+4.690044E-2	+9.405138E-1
+7.106915E+9	+4.655131E-2	+9.402968E-1
+7.106930E+9	+4.710269E-2	+9.402666E-1
+7.106945E+9	+4.717756E-2	+9.403337E-1
+7.106960E+9	+4.709252E-2	+9.402815E-1
+7.106975E+9	+4.751701E-2	+9.408728E-1
+7.106990E+9	+4.761944E-2	+9.406336E-1
+7.107005E+9	+4.767836E-2	+9.404055E-1
+7.107020E+9	+4.790198E-2	+9.403364E-1
+7.107035E+9	+4.780799E-2	+9.406325E-1
+7.107050E+9	+4.784012E-2	+9.406159E-1
+7.107065E+9	+4.803069E-2	+9.404694E-1
+7.107080E+9	+4.818378E-2	+9.402424E-1
+7.107095E+9	+4.838317E-2	+9.397353E-1
+7.107110E+9	+4.861562E-2	+9.402676E-1
+7.107125E+9	+4.870685E-2	+9.405199E-1
+7.107140E+9	+4.901366E-2	+9.402504E-1
+7.107155E+9	+4.903514E-2	+9.400171E-1
+7.107170E+9	+4.926809E-2	+9.404034E-1
+7.107185E+9	+4.915495E-2	+9.402768E-1
+7.107200E+9	+5.002378E-2	+9.402962E-1
+7.107215E+9	+4.990321E-2	+9.401563E-1
+7.107230E+9	+4.992786E-2	+9.399719E-1
+7.107245E+9	+4.956857E-2	+9.397169E-1
+7.107260E+9	+5.021693E-2	+9.397724E-1
+7.107275E+9	+5.026415E-2	+9.400812E-1
+7.107290E+9	+5.035162E-2	+9.402465E-1
+7.107305E+9	+5.065466E-2	+9.399693E-1
+7.107320E+9	+5.062972E-2	+9.402998E-1
+7.107335E+9	+5.085699E-2	+9.400726E-1
+7.107350E+9	+5.057324E-2	+9.399430E-1
+7.107365E+9	+5.061455E-2	+9.401683E-1
+7.107380E+9	+5.105144E-2	+9.402915E-1
+7.107395E+9	+5.116492E-2	+9.404792E-1
+7.107410E+9	+5.128549E-2	+9.402035E-1
+7.107425E+9	+5.149346E-2	+9.406385E-1
+7.107440E+9	+5.132721E-2	+9.398709E-1
+7.107455E+9	+5.160723E-2	+9.401598E-1
+7.107470E+9	+5.210326E-2	+9.394342E-1
+7.107485E+9	+5.256227E-2	+9.403125E-1
+7.107500E+9	+5.279052E-2	+9.401186E-1
+7.107515E+9	+5.258649E-2	+9.399021E-1
+7.107530E+9	+5.277138E-2	+9.400380E-1
+7.107545E+9	+5.319921E-2	+9.400263E-1
+7.107560E+9	+5.295660E-2	+9.401729E-1
+7.107575E+9	+5.302764E-2	+9.399863E-1
+7.107590E+9	+5.321482E-2	+9.401051E-1
+7.107605E+9	+5.352392E-2	+9.401087E-1
+7.107620E+9	+5.346066E-2	+9.399977E-1
+7.107635E+9	+5.376893E-2	+9.399207E-1
+7.107650E+9	+5.417611E-2	+9.398892E-1
+7.107665E+9	+5.400933E-2	+9.399003E-1
+7.107680E+9	+5.457873E-2	+9.397873E-1
+7.107695E+9	+5.405917E-2	+9.398614E-1
+7.107710E+9	+5.451942E-2	+9.397172E-1
+7.107725E+9	+5.449516E-2	+9.396804E-1
+7.107740E+9	+5.448943E-2	+9.398639E-1
+7.107755E+9	+5.424759E-2	+9.398330E-1
+7.107770E+9	+5.480056E-2	+9.398379E-1
+7.107785E+9	+5.524141E-2	+9.400351E-1
+7.107800E+9	+5.541487E-2	+9.401384E-1
+7.107815E+9	+5.544804E-2	+9.400678E-1
+7.107830E+9	+5.557663E-2	+9.396406E-1
+7.107845E+9	+5.571795E-2	+9.395893E-1
+7.107860E+9	+5.567605E-2	+9.401813E-1
+7.107875E+9	+5.603247E-2	+9.398894E-1
+7.107890E+9	+5.629236E-2	+9.395571E-1
+7.107905E+9	+5.635194E-2	+9.395008E-1
+7.107920E+9	+5.637019E-2	+9.398171E-1
+7.107935E+9	+5.669360E-2	+9.398458E-1
+7.107950E+9	+5.733167E-2	+9.396142E-1
+7.107965E+9	+5.681974E-2	+9.398231E-1
+7.107980E+9	+5.721874E-2	+9.399459E-1
+7.107995E+9	+5.752024E-2	+9.400411E-1
+7.108010E+9	+5.734579E-2	+9.396932E-1
+7.108025E+9	+5.716880E-2	+9.396126E-1
+7.108040E+9	+5.708326E-2	+9.397671E-1
+7.108055E+9	+5.723842E-2	+9.400553E-1
+7.108070E+9	+5.733538E-2	+9.400596E-1
+7.108085E+9	+5.750741E-2	+9.397234E-1
+7.108100E+9	+5.850578E-2	+9.396007E-1
+7.108115E+9	+5.825402E-2	+9.403906E-1
+7.108130E+9	+5.795811E-2	+9.397742E-1
+7.108145E+9	+5.822913E-2	+9.401133E-1
+7.108160E+9	+5.850479E-2	+9.395102E-1
+7.108175E+9	+5.878931E-2	+9.401159E-1
+7.108190E+9	+5.861639E-2	+9.395698E-1
+7.108205E+9	+5.892520E-2	+9.394001E-1
+7.108220E+9	+5.922624E-2	+9.394225E-1
+7.108235E+9	+5.918341E-2	+9.395444E-1
+7.108250E+9	+5.902106E-2	+9.397133E-1
+7.108265E+9	+5.940252E-2	+9.395296E-1
+7.108280E+9	+6.013933E-2	+9.395333E-1
+7.108295E+9	+6.012036E-2	+9.392972E-1
+7.108310E+9	+6.017454E-2	+9.393607E-1
+7.108325E+9	+6.025305E-2	+9.391948E-1
+7.108340E+9	+6.032298E-2	+9.394521E-1
+7.108355E+9	+6.023494E-2	+9.395052E-1
+7.108370E+9	+6.066229E-2	+9.397281E-1
+7.108385E+9	+6.079672E-2	+9.396089E-1
+7.108400E+9	+6.094771E-2	+9.394386E-1
+7.108415E+9	+6.088889E-2	+9.396809E-1
+7.108430E+9	+6.093439E-2	+9.395539E-1
+7.108445E+9	+6.122941E-2	+9.391880E-1
+7.108460E+9	+6.162784E-2	+9.393368E-1
+7.108475E+9	+6.195809E-2	+9.394668E-1
+7.108490E+9	+6.173052E-2	+9.396528E-1
+7.108505E+9	+6.181476E-2	+9.397363E-1
+7.108520E+9	+6.252925E-2	+9.396764E-1
+7.108535E+9	+6.197874E-2	+9.392930E-1
+7.108550E+9	+6.202764E-2	+9.392099E-1
+7.108565E+9	+6.248627E-2	+9.388294E-1
+7.108580E+9	+6.319097E-2	+9.392280E-1
+7.108595E+9	+6.283676E-2	+9.396559E-1
+7.108610E+9	+6.313441E-2	+9.396251E-1
+7.108625E+9	+6.316969E-2	+9.395851E-1
+7.108640E+9	+6.349742E-2	+9.391522E-1
+7.108655E+9	+6.324086E-2	+9.390447E-1
+7.108670E+9	+6.337560E-2	+9.396375E-1
+7.108685E+9	+6.353164E-2	+9.392766E-1
+7.108700E+9	+6.387863E-2	+9.393754E-1
+7.108715E+9	+6.397758E-2	+9.396592E-1
+7.108730E+9	+6.416747E-2	+9.397120E-1
+7.108745E+9	+6.366944E-2	+9.397859E-1
+7.108760E+9	+6.419929E-2	+9.396381E-1
+7.108775E+9	+6.468095E-2	+9.393408E-1
+7.108790E+9	+6.475798E-2	+9.397319E-1
+7.108805E+9	+6.458683E-2	+9.394224E-1
+7.108820E+9	+6.498665E-2	+9.396268E-1
+7.108835E+9	+6.524045E-2	+9.394644E-1
+7.108850E+9	+6.548807E-2	+9.391831E-1
+7.108865E+9	+6.577203E-2	+9.393542E-1
+7.108880E+9	+6.586926E-2	+9.390165E-1
+7.108895E+9	+6.644049E-2	+9.392720E-1
+7.108910E+9	+6.580379E-2	+9.391904E-1
+7.108925E+9	+6.569850E-2	+9.389232E-1
+7.108940E+9	+6.549588E-2	+9.388542E-1
+7.108955E+9	+6.568733E-2	+9.392282E-1
+7.108970E+9	+6.620527E-2	+9.394068E-1
+7.108985E+9	+6.655017E-2	+9.391052E-1
+7.109000E+9	+6.711815E-2	+9.392544E-1
+7.109015E+9	+6.660903E-2	+9.389920E-1
+7.109030E+9	+6.699181E-2	+9.392324E-1
+7.109045E+9	+6.728624E-2	+9.392679E-1
+7.109060E+9	+6.735635E-2	+9.393832E-1
+7.109075E+9	+6.750132E-2	+9.392112E-1
+7.109090E+9	+6.759971E-2	+9.394011E-1
+7.109105E+9	+6.757716E-2	+9.393836E-1
+7.109120E+9	+6.753249E-2	+9.396613E-1
+7.109135E+9	+6.804463E-2	+9.389894E-1
+7.109150E+9	+6.852668E-2	+9.393463E-1
+7.109165E+9	+6.845496E-2	+9.393501E-1
+7.109180E+9	+6.870760E-2	+9.390746E-1
+7.109195E+9	+6.845220E-2	+9.389797E-1
+7.109210E+9	+6.853717E-2	+9.392397E-1
+7.109225E+9	+6.924130E-2	+9.389812E-1
+7.109240E+9	+6.917989E-2	+9.391939E-1
+7.109255E+9	+6.909023E-2	+9.388770E-1
+7.109270E+9	+6.938168E-2	+9.389669E-1
+7.109285E+9	+6.918931E-2	+9.386668E-1
+7.109300E+9	+6.945423E-2	+9.388694E-1
+7.109315E+9	+6.975800E-2	+9.387947E-1
+7.109330E+9	+6.995214E-2	+9.388157E-1
+7.109345E+9	+6.975143E-2	+9.387329E-1
+7.109360E+9	+6.982281E-2	+9.388100E-1
+7.109375E+9	+6.984258E-2	+9.390780E-1
+7.109390E+9	+7.088172E-2	+9.390490E-1
+7.109405E+9	+7.101130E-2	+9.389388E-1
+7.109420E+9	+7.094575E-2	+9.387064E-1
+7.109435E+9	+7.080068E-2	+9.387981E-1
+7.109450E+9	+7.149187E-2	+9.384923E-1
+7.109465E+9	+7.147309E-2	+9.391385E-1
+7.109480E+9	+7.119819E-2	+9.386297E-1
+7.109495E+9	+7.134803E-2	+9.387926E-1
+7.109510E+9	+7.135179E-2	+9.385788E-1
+7.109525E+9	+7.183265E-2	+9.385157E-1
+7.109540E+9	+7.211242E-2	+9.386813E-1
+7.109555E+9	+7.208372E-2	+9.388545E-1
+7.109570E+9	+7.200422E-2	+9.386356E-1
+7.109585E+9	+7.174237E-2	+9.386610E-1
+7.109600E+9	+7.241860E-2	+9.383775E-1
+7.109615E+9	+7.234783E-2	+9.390711E-1
+7.109630E+9	+7.251868E-2	+9.388246E-1
+7.109645E+9	+7.269346E-2	+9.389483E-1
+7.109660E+9	+7.301693E-2	+9.388397E-1
+7.109675E+9	+7.309863E-2	+9.386265E-1
+7.109690E+9	+7.309984E-2	+9.386009E-1
+7.109705E+9	+7.354530E-2	+9.386380E-1
+7.109720E+9	+7.350162E-2	+9.389059E-1
+7.109735E+9	+7.354387E-2	+9.388289E-1
+7.109750E+9	+7.365747E-2	+9.389487E-1
+7.109765E+9	+7.376756E-2	+9.381912E-1
+7.109780E+9	+7.448095E-2	+9.387001E-1
+7.109795E+9	+7.405087E-2	+9.388549E-1
+7.109810E+9	+7.452019E-2	+9.386529E-1
+7.109825E+9	+7.448100E-2	+9.383762E-1
+7.109840E+9	+7.477268E-2	+9.385727E-1
+7.109855E+9	+7.479166E-2	+9.384051E-1
+7.109870E+9	+7.474490E-2	+9.384253E-1
+7.109885E+9	+7.505430E-2	+9.381305E-1
+7.109900E+9	+7.526564E-2	+9.383972E-1
+7.109915E+9	+7.489107E-2	+9.382521E-1
+7.109930E+9	+7.492712E-2	+9.383280E-1
+7.109945E+9	+7.521369E-2	+9.382655E-1
+7.109960E+9	+7.561734E-2	+9.384202E-1
+7.109975E+9	+7.561597E-2	+9.382699E-1
+7.109990E+9	+7.624149E-2	+9.381851E-1
+7.110005E+9	+7.630714E-2	+9.382280E-1
+7.110020E+9	+7.678566E-2	+9.384181E-1
+7.110035E+9	+7.649769E-2	+9.382398E-1
+7.110050E+9	+7.655696E-2	+9.385453E-1
+7.110065E+9	+7.660799E-2	+9.383100E-1
+7.110080E+9	+7.694813E-2	+9.381144E-1
+7.110095E+9	+7.719780E-2	+9.379048E-1
+7.110110E+9	+7.714933E-2	+9.383355E-1
+7.110125E+9	+7.742131E-2	+9.383799E-1
+7.110140E+9	+7.748862E-2	+9.386602E-1
+7.110155E+9	+7.776661E-2	+9.385993E-1
+7.110170E+9	+7.791411E-2	+9.385501E-1
+7.110185E+9	+7.794961E-2	+9.382804E-1
+7.110200E+9	+7.806727E-2	+9.380088E-1
+7.110215E+9	+7.798770E-2	+9.384096E-1
+7.110230E+9	+7.790614E-2	+9.381952E-1
+7.110245E+9	+7.835355E-2	+9.383463E-1
+7.110260E+9	+7.835060E-2	+9.380715E-1
+7.110275E+9	+7.885603E-2	+9.381142E-1
+7.110290E+9	+7.879510E-2	+9.381807E-1
+7.110305E+9	+7.919901E-2	+9.380531E-1
+7.110320E+9	+7.930545E-2	+9.377709E-1
+7.110335E+9	+7.932370E-2	+9.382305E-1
+7.110350E+9	+7.943194E-2	+9.384276E-1
+7.110365E+9	+7.957269E-2	+9.382574E-1
+7.110380E+9	+8.014311E-2	+9.379297E-1
+7.110395E+9	+8.020234E-2	+9.380765E-1
+7.110410E+9	+8.014467E-2	+9.379387E-1
+7.110425E+9	+8.006348E-2	+9.378630E-1
+7.110440E+9	+8.054409E-2	+9.378178E-1
+7.110455E+9	+8.031542E-2	+9.379159E-1
+7.110470E+9	+8.063764E-2	+9.378799E-1
+7.110485E+9	+8.014413E-2	+9.381637E-1
+7.110500E+9	+7.999145E-2	+9.378898E-1
+7.110515E+9	+8.031101E-2	+9.380148E-1
+7.110530E+9	+8.162186E-2	+9.375367E-1
+7.110545E+9	+8.122450E-2	+9.373566E-1
+7.110560E+9	+8.121417E-2	+9.375620E-1
+7.110575E+9	+8.168367E-2	+9.378379E-1
+7.110590E+9	+8.152288E-2	+9.377394E-1
+7.110605E+9	+8.232895E-2	+9.376177E-1
+7.110620E+9	+8.200219E-2	+9.378693E-1
+7.110635E+9	+8.240554E-2	+9.382533E-1
+7.110650E+9	+8.257255E-2	+9.377181E-1
+7.110665E+9	+8.293249E-2	+9.377148E-1
+7.110680E+9	+8.262119E-2	+9.379515E-1
+7.110695E+9	+8.263300E-2	+9.378143E-1
+7.110710E+9	+8.278710E-2	+9.379572E-1
+7.110725E+9	+8.311339E-2	+9.381406E-1
+7.110740E+9	+8.325137E-2	+9.377401E-1
+7.110755E+9	+8.300581E-2	+9.377199E-1
+7.110770E+9	+8.348707E-2	+9.376787E-1
+7.110785E+9	+8.360378E-2	+9.378138E-1
+7.110800E+9	+8.366600E-2	+9.376629E-1
+7.110815E+9	+8.404251E-2	+9.379577E-1
+7.110830E+9	+8.461031E-2	+9.380352E-1
+7.110845E+9	+8.480837E-2	+9.378317E-1
+7.110860E+9	+8.486603E-2	+9.375774E-1
+7.110875E+9	+8.429317E-2	+9.368911E-1
+7.110890E+9	+8.431860E-2	+9.374367E-1
+7.110905E+9	+8.449750E-2	+9.374146E-1
+7.110920E+9	+8.517291E-2	+9.378328E-1
+7.110935E+9	+8.540728E-2	+9.374345E-1
+7.110950E+9	+8.537190E-2	+9.374304E-1
+7.110965E+9	+8.537389E-2	+9.375074E-1
+7.110980E+9	+8.548677E-2	+9.378588E-1
+7.110995E+9	+8.555799E-2	+9.378287E-1
+7.111010E+9	+8.558641E-2	+9.376444E-1
+7.111025E+9	+8.571221E-2	+9.372361E-1
+7.111040E+9	+8.578198E-2	+9.376972E-1
+7.111055E+9	+8.596326E-2	+9.380131E-1
+7.111070E+9	+8.636389E-2	+9.378016E-1
+7.111085E+9	+8.689222E-2	+9.375497E-1
+7.111100E+9	+8.665906E-2	+9.375644E-1
+7.111115E+9	+8.715267E-2	+9.373665E-1
+7.111130E+9	+8.712689E-2	+9.375118E-1
+7.111145E+9	+8.735917E-2	+9.376050E-1
+7.111160E+9	+8.732803E-2	+9.371741E-1
+7.111175E+9	+8.765056E-2	+9.368171E-1
+7.111190E+9	+8.764909E-2	+9.374284E-1
+7.111205E+9	+8.763735E-2	+9.374677E-1
+7.111220E+9	+8.796214E-2	+9.373307E-1
+7.111235E+9	+8.820551E-2	+9.376804E-1
+7.111250E+9	+8.796359E-2	+9.376347E-1
+7.111265E+9	+8.824740E-2	+9.369560E-1
+7.111280E+9	+8.844038E-2	+9.370349E-1
+7.111295E+9	+8.850696E-2	+9.370698E-1
+7.111310E+9	+8.851312E-2	+9.374330E-1
+7.111325E+9	+8.896317E-2	+9.375817E-1
+7.111340E+9	+8.911374E-2	+9.376360E-1
+7.111355E+9	+8.938968E-2	+9.373453E-1
+7.111370E+9	+8.953408E-2	+9.371392E-1
+7.111385E+9	+8.915999E-2	+9.367032E-1
+7.111400E+9	+8.920917E-2	+9.372519E-1
+7.111415E+9	+8.958708E-2	+9.373060E-1
+7.111430E+9	+8.987207E-2	+9.372207E-1
+7.111445E+9	+9.012636E-2	+9.368527E-1
+7.111460E+9	+9.038417E-2	+9.370235E-1
+7.111475E+9	+9.056418E-2	+9.373567E-1
+7.111490E+9	+9.052387E-2	+9.375288E-1
+7.111505E+9	+9.001006E-2	+9.376876E-1
+7.111520E+9	+9.027229E-2	+9.377630E-1
+7.111535E+9	+9.093787E-2	+9.371621E-1
+7.111550E+9	+9.108058E-2	+9.375233E-1
+7.111565E+9	+9.111280E-2	+9.374191E-1
+7.111580E+9	+9.145635E-2	+9.376191E-1
+7.111595E+9	+9.132812E-2	+9.373206E-1
+7.111610E+9	+9.168855E-2	+9.373560E-1
+7.111625E+9	+9.149076E-2	+9.369779E-1
+7.111640E+9	+9.205050E-2	+9.367694E-1
+7.111655E+9	+9.232926E-2	+9.367091E-1
+7.111670E+9	+9.237084E-2	+9.370283E-1
+7.111685E+9	+9.251586E-2	+9.368653E-1
+7.111700E+9	+9.262311E-2	+9.371856E-1
+7.111715E+9	+9.273432E-2	+9.370707E-1
+7.111730E+9	+9.246318E-2	+9.369320E-1
+7.111745E+9	+9.260717E-2	+9.367182E-1
+7.111760E+9	+9.286402E-2	+9.369207E-1
+7.111775E+9	+9.324456E-2	+9.369846E-1
+7.111790E+9	+9.371622E-2	+9.371180E-1
+7.111805E+9	+9.353453E-2	+9.367827E-1
+7.111820E+9	+9.389316E-2	+9.366753E-1
+7.111835E+9	+9.377726E-2	+9.365767E-1
+7.111850E+9	+9.377391E-2	+9.368591E-1
+7.111865E+9	+9.392198E-2	+9.367671E-1
+7.111880E+9	+9.388984E-2	+9.368690E-1
+7.111895E+9	+9.395101E-2	+9.368362E-1
+7.111910E+9	+9.424158E-2	+9.372469E-1
+7.111925E+9	+9.451960E-2	+9.367761E-1
+7.111940E+9	+9.447464E-2	+9.366945E-1
+7.111955E+9	+9.484348E-2	+9.368251E-1
+7.111970E+9	+9.490825E-2	+9.367156E-1
+7.111985E+9	+9.555441E-2	+9.366198E-1
+7.112000E+9	+9.581686E-2	+9.363719E-1
+7.112015E+9	+9.563774E-2	+9.361473E-1
+7.112030E+9	+9.547110E-2	+9.363869E-1
+7.112045E+9	+9.566660E-2	+9.366238E-1
+7.112060E+9	+9.566974E-2	+9.367001E-1
+7.112075E+9	+9.625222E-2	+9.361116E-1
+7.112090E+9	+9.614493E-2	+9.363367E-1
+7.112105E+9	+9.642961E-2	+9.365922E-1
+7.112120E+9	+9.654314E-2	+9.362884E-1
+7.112135E+9	+9.666107E-2	+9.366951E-1
+7.112150E+9	+9.704614E-2	+9.365707E-1
+7.112165E+9	+9.704545E-2	+9.364698E-1
+7.112180E+9	+9.701505E-2	+9.367675E-1
+7.112195E+9	+9.719051E-2	+9.366387E-1
+7.112210E+9	+9.712456E-2	+9.367648E-1
+7.112225E+9	+9.703339E-2	+9.368276E-1
+7.112240E+9	+9.721872E-2	+9.365592E-1
+7.112255E+9	+9.785441E-2	+9.367337E-1
+7.112270E+9	+9.790793E-2	+9.368153E-1
+7.112285E+9	+9.790993E-2	+9.370530E-1
+7.112300E+9	+9.794361E-2	+9.364892E-1
+7.112315E+9	+9.806514E-2	+9.361430E-1
+7.112330E+9	+9.816537E-2	+9.363248E-1
+7.112345E+9	+9.846858E-2	+9.361531E-1
+7.112360E+9	+9.909916E-2	+9.363722E-1
+7.112375E+9	+9.860856E-2	+9.363958E-1
+7.112390E+9	+9.901755E-2	+9.362364E-1
+7.112405E+9	+9.927077E-2	+9.360585E-1
+7.112420E+9	+9.923807E-2	+9.362699E-1
+7.112435E+9	+9.918290E-2	+9.364163E-1
+7.112450E+9	+9.990591E-2	+9.365427E-1
+7.112465E+9	+9.986587E-2	+9.364140E-1
+7.112480E+9	+9.932575E-2	+9.362975E-1
+7.112495E+9	+9.973245E-2	+9.364122E-1
+7.112510E+9	+1.001737E-1	+9.362250E-1
+7.112525E+9	+1.003345E-1	+9.359320E-1
+7.112540E+9	+1.005157E-1	+9.362855E-1
+7.112555E+9	+1.004064E-1	+9.365727E-1
+7.112570E+9	+1.001670E-1	+9.361772E-1
+7.112585E+9	+1.008548E-1	+9.359496E-1
+7.112600E+9	+1.012078E-1	+9.367363E-1
+7.112615E+9	+1.015015E-1	+9.361156E-1
+7.112630E+9	+1.015520E-1	+9.362744E-1
+7.112645E+9	+1.020342E-1	+9.364239E-1
+7.112660E+9	+1.015370E-1	+9.363691E-1
+7.112675E+9	+1.011823E-1	+9.360286E-1
+7.112690E+9	+1.014767E-1	+9.358557E-1
+7.112705E+9	+1.025594E-1	+9.365712E-1
+7.112720E+9	+1.025974E-1	+9.358210E-1
+7.112735E+9	+1.027102E-1	+9.359029E-1
+7.112750E+9	+1.022922E-1	+9.356468E-1
+7.112765E+9	+1.026194E-1	+9.357513E-1
+7.112780E+9	+1.028008E-1	+9.365560E-1
+7.112795E+9	+1.029233E-1	+9.361352E-1
+7.112810E+9	+1.031193E-1	+9.357789E-1
+7.112825E+9	+1.029777E-1	+9.360584E-1
+7.112840E+9	+1.032375E-1	+9.358940E-1
+7.112855E+9	+1.032800E-1	+9.358334E-1
+7.112870E+9	+1.033432E-1	+9.357418E-1
+7.112885E+9	+1.038678E-1	+9.355441E-1
+7.112900E+9	+1.036926E-1	+9.355781E-1
+7.112915E+9	+1.036523E-1	+9.356995E-1
+7.112930E+9	+1.041046E-1	+9.362424E-1
+7.112945E+9	+1.037999E-1	+9.354934E-1
+7.112960E+9	+1.044781E-1	+9.355068E-1
+7.112975E+9	+1.045985E-1	+9.358261E-1
+7.112990E+9	+1.049186E-1	+9.355113E-1
+7.113005E+9	+1.052353E-1	+9.360321E-1
+7.113020E+9	+1.054831E-1	+9.357480E-1
+7.113035E+9	+1.052801E-1	+9.354425E-1
+7.113050E+9	+1.050974E-1	+9.356522E-1
+7.113065E+9	+1.053753E-1	+9.356060E-1
+7.113080E+9	+1.055487E-1	+9.359467E-1
+7.113095E+9	+1.057847E-1	+9.358484E-1
+7.113110E+9	+1.059835E-1	+9.355679E-1
+7.113125E+9	+1.057148E-1	+9.350697E-1
+7.113140E+9	+1.061008E-1	+9.354297E-1
+7.113155E+9	+1.063517E-1	+9.356962E-1
+7.113170E+9	+1.069459E-1	+9.357972E-1
+7.113185E+9	+1.065782E-1	+9.353970E-1
+7.113200E+9	+1.064055E-1	+9.354191E-1
+7.113215E+9	+1.067044E-1	+9.355365E-1
+7.113230E+9	+1.072572E-1	+9.353765E-1
+7.113245E+9	+1.070903E-1	+9.354170E-1
+7.113260E+9	+1.075607E-1	+9.355377E-1
+7.113275E+9	+1.076943E-1	+9.353947E-1
+7.113290E+9	+1.074847E-1	+9.352769E-1
+7.113305E+9	+1.074951E-1	+9.350870E-1
+7.113320E+9	+1.076536E-1	+9.353150E-1
+7.113335E+9	+1.080485E-1	+9.358441E-1
+7.113350E+9	+1.080559E-1	+9.360463E-1
+7.113365E+9	+1.080692E-1	+9.357114E-1
+7.113380E+9	+1.083298E-1	+9.354020E-1
+7.113395E+9	+1.088148E-1	+9.354893E-1
+7.113410E+9	+1.085781E-1	+9.355887E-1
+7.113425E+9	+1.083857E-1	+9.354591E-1
+7.113440E+9	+1.086278E-1	+9.355805E-1
+7.113455E+9	+1.095626E-1	+9.351285E-1
+7.113470E+9	+1.095034E-1	+9.352286E-1
+7.113485E+9	+1.100302E-1	+9.352901E-1
+7.113500E+9	+1.102377E-1	+9.350476E-1
+7.113515E+9	+1.101370E-1	+9.355361E-1
+7.113530E+9	+1.104113E-1	+9.356399E-1
+7.113545E+9	+1.106245E-1	+9.350971E-1
+7.113560E+9	+1.105572E-1	+9.349738E-1
+7.113575E+9	+1.110523E-1	+9.345663E-1
+7.113590E+9	+1.113771E-1	+9.348372E-1
+7.113605E+9	+1.112538E-1	+9.353735E-1
+7.113620E+9	+1.112145E-1	+9.353976E-1
+7.113635E+9	+1.112328E-1	+9.351711E-1
+7.113650E+9	+1.110905E-1	+9.345317E-1
+7.113665E+9	+1.109884E-1	+9.348171E-1
+7.113680E+9	+1.114096E-1	+9.352125E-1
+7.113695E+9	+1.115051E-1	+9.351304E-1
+7.113710E+9	+1.116759E-1	+9.346921E-1
+7.113725E+9	+1.117513E-1	+9.353750E-1
+7.113740E+9	+1.121727E-1	+9.351075E-1
+7.113755E+9	+1.118142E-1	+9.347859E-1
+7.113770E+9	+1.120530E-1	+9.349183E-1
+7.113785E+9	+1.122759E-1	+9.348850E-1
+7.113800E+9	+1.126543E-1	+9.346365E-1
+7.113815E+9	+1.127524E-1	+9.346198E-1
+7.113830E+9	+1.127913E-1	+9.348199E-1
+7.113845E+9	+1.132021E-1	+9.346359E-1
+7.113860E+9	+1.133810E-1	+9.347256E-1
+7.113875E+9	+1.132944E-1	+9.349105E-1
+7.113890E+9	+1.138468E-1	+9.349833E-1
+7.113905E+9	+1.139213E-1	+9.350216E-1
+7.113920E+9	+1.139569E-1	+9.348799E-1
+7.113935E+9	+1.135697E-1	+9.350298E-1
+7.113950E+9	+1.141009E-1	+9.345946E-1
+7.113965E+9	+1.143217E-1	+9.344742E-1
+7.113980E+9	+1.145969E-1	+9.348398E-1
+7.113995E+9	+1.142166E-1	+9.347564E-1
+7.114010E+9	+1.143250E-1	+9.345382E-1
+7.114025E+9	+1.147423E-1	+9.344754E-1
+7.114040E+9	+1.149937E-1	+9.345383E-1
+7.114055E+9	+1.151973E-1	+9.348691E-1
+7.114070E+9	+1.150876E-1	+9.345007E-1
+7.114085E+9	+1.148448E-1	+9.338966E-1
+7.114100E+9	+1.153428E-1	+9.341516E-1
+7.114115E+9	+1.155443E-1	+9.339871E-1
+7.114130E+9	+1.162006E-1	+9.347927E-1
+7.114145E+9	+1.160825E-1	+9.349453E-1
+7.114160E+9	+1.156212E-1	+9.346658E-1
+7.114175E+9	+1.162068E-1	+9.346975E-1
+7.114190E+9	+1.166463E-1	+9.344673E-1
+7.114205E+9	+1.165044E-1	+9.346063E-1
+7.114220E+9	+1.166992E-1	+9.345873E-1
+7.114235E+9	+1.165897E-1	+9.344166E-1
+7.114250E+9	+1.165948E-1	+9.340532E-1
+7.114265E+9	+1.164986E-1	+9.339824E-1
+7.114280E+9	+1.171113E-1	+9.339383E-1
+7.114295E+9	+1.177198E-1	+9.343438E-1
+7.114310E+9	+1.183105E-1	+9.348762E-1
+7.114325E+9	+1.183528E-1	+9.349147E-1
+7.114340E+9	+1.178931E-1	+9.345192E-1
+7.114355E+9	+1.178825E-1	+9.345674E-1
+7.114370E+9	+1.178212E-1	+9.346116E-1
+7.114385E+9	+1.183246E-1	+9.342353E-1
+7.114400E+9	+1.188400E-1	+9.338527E-1
+7.114415E+9	+1.182696E-1	+9.338705E-1
+7.114430E+9	+1.184812E-1	+9.348747E-1
+7.114445E+9	+1.188770E-1	+9.345780E-1
+7.114460E+9	+1.188439E-1	+9.345022E-1
+7.114475E+9	+1.186818E-1	+9.339444E-1
+7.114490E+9	+1.188675E-1	+9.340362E-1
+7.114505E+9	+1.195245E-1	+9.341412E-1
+7.114520E+9	+1.198238E-1	+9.341225E-1
+7.114535E+9	+1.194708E-1	+9.337553E-1
+7.114550E+9	+1.194677E-1	+9.342960E-1
+7.114565E+9	+1.200916E-1	+9.343026E-1
+7.114580E+9	+1.204957E-1	+9.338480E-1
+7.114595E+9	+1.202865E-1	+9.341462E-1
+7.114610E+9	+1.205561E-1	+9.340037E-1
+7.114625E+9	+1.209292E-1	+9.339410E-1
+7.114640E+9	+1.209922E-1	+9.339935E-1
+7.114655E+9	+1.205360E-1	+9.341466E-1
+7.114670E+9	+1.209997E-1	+9.342160E-1
+7.114685E+9	+1.206914E-1	+9.340460E-1
+7.114700E+9	+1.217847E-1	+9.338346E-1
+7.114715E+9	+1.211275E-1	+9.340323E-1
+7.114730E+9	+1.210767E-1	+9.339481E-1
+7.114745E+9	+1.210200E-1	+9.336251E-1
+7.114760E+9	+1.210818E-1	+9.337245E-1
+7.114775E+9	+1.214119E-1	+9.338625E-1
+7.114790E+9	+1.219804E-1	+9.336039E-1
+7.114805E+9	+1.222468E-1	+9.335300E-1
+7.114820E+9	+1.224570E-1	+9.335284E-1
+7.114835E+9	+1.225832E-1	+9.332665E-1
+7.114850E+9	+1.224329E-1	+9.335849E-1
+7.114865E+9	+1.224321E-1	+9.336952E-1
+7.114880E+9	+1.232769E-1	+9.333159E-1
+7.114895E+9	+1.234233E-1	+9.333657E-1
+7.114910E+9	+1.234423E-1	+9.340024E-1
+7.114925E+9	+1.237907E-1	+9.333005E-1
+7.114940E+9	+1.238611E-1	+9.333329E-1
+7.114955E+9	+1.240869E-1	+9.331225E-1
+7.114970E+9	+1.242039E-1	+9.332916E-1
+7.114985E+9	+1.242373E-1	+9.333212E-1
+7.115000E+9	+1.241330E-1	+9.327976E-1
+7.115015E+9	+1.244197E-1	+9.331687E-1
+7.115030E+9	+1.245275E-1	+9.329085E-1
+7.115045E+9	+1.247856E-1	+9.331835E-1
+7.115060E+9	+1.244267E-1	+9.334238E-1
+7.115075E+9	+1.246933E-1	+9.322348E-1
+7.115090E+9	+1.249152E-1	+9.324618E-1
+7.115105E+9	+1.254046E-1	+9.333014E-1
+7.115120E+9	+1.252186E-1	+9.334757E-1
+7.115135E+9	+1.250542E-1	+9.333090E-1
+7.115150E+9	+1.257226E-1	+9.336683E-1
+7.115165E+9	+1.257987E-1	+9.336030E-1
+7.115180E+9	+1.257312E-1	+9.334902E-1
+7.115195E+9	+1.256971E-1	+9.333989E-1
+7.115210E+9	+1.260200E-1	+9.330237E-1
+7.115225E+9	+1.262677E-1	+9.333716E-1
+7.115240E+9	+1.259264E-1	+9.331013E-1
+7.115255E+9	+1.263135E-1	+9.331178E-1
+7.115270E+9	+1.263593E-1	+9.331710E-1
+7.115285E+9	+1.267255E-1	+9.332804E-1
+7.115300E+9	+1.273646E-1	+9.335055E-1
+7.115315E+9	+1.278658E-1	+9.334136E-1
+7.115330E+9	+1.276528E-1	+9.325477E-1
+7.115345E+9	+1.274073E-1	+9.324445E-1
+7.115360E+9	+1.274155E-1	+9.324979E-1
+7.115375E+9	+1.276810E-1	+9.335893E-1
+7.115390E+9	+1.280945E-1	+9.330639E-1
+7.115405E+9	+1.286075E-1	+9.329875E-1
+7.115420E+9	+1.286051E-1	+9.331148E-1
+7.115435E+9	+1.284306E-1	+9.330090E-1
+7.115450E+9	+1.282572E-1	+9.325996E-1
+7.115465E+9	+1.286824E-1	+9.325580E-1
+7.115480E+9	+1.290693E-1	+9.328091E-1
+7.115495E+9	+1.286612E-1	+9.325022E-1
+7.115510E+9	+1.287464E-1	+9.321052E-1
+7.115525E+9	+1.293225E-1	+9.325672E-1
+7.115540E+9	+1.291557E-1	+9.326966E-1
+7.115555E+9	+1.294048E-1	+9.327569E-1
+7.115570E+9	+1.297426E-1	+9.331146E-1
+7.115585E+9	+1.298792E-1	+9.329237E-1
+7.115600E+9	+1.303138E-1	+9.327968E-1
+7.115615E+9	+1.299663E-1	+9.324323E-1
+7.115630E+9	+1.301664E-1	+9.323149E-1
+7.115645E+9	+1.306862E-1	+9.323832E-1
+7.115660E+9	+1.303695E-1	+9.322228E-1
+7.115675E+9	+1.298157E-1	+9.328133E-1
+7.115690E+9	+1.304608E-1	+9.324745E-1
+7.115705E+9	+1.306590E-1	+9.323722E-1
+7.115720E+9	+1.310273E-1	+9.320687E-1
+7.115735E+9	+1.314428E-1	+9.323155E-1
+7.115750E+9	+1.309980E-1	+9.319766E-1
+7.115765E+9	+1.312408E-1	+9.317994E-1
+7.115780E+9	+1.314889E-1	+9.319423E-1
+7.115795E+9	+1.317573E-1	+9.322773E-1
+7.115810E+9	+1.317776E-1	+9.320311E-1
+7.115825E+9	+1.317618E-1	+9.326189E-1
+7.115840E+9	+1.316806E-1	+9.321603E-1
+7.115855E+9	+1.320867E-1	+9.324698E-1
+7.115870E+9	+1.321321E-1	+9.328878E-1
+7.115885E+9	+1.330003E-1	+9.324585E-1
+7.115900E+9	+1.324498E-1	+9.318694E-1
+7.115915E+9	+1.324579E-1	+9.320444E-1
+7.115930E+9	+1.324725E-1	+9.321586E-1
+7.115945E+9	+1.323005E-1	+9.317875E-1
+7.115960E+9	+1.333001E-1	+9.317210E-1
+7.115975E+9	+1.338546E-1	+9.319974E-1
+7.115990E+9	+1.334879E-1	+9.318729E-1
+7.116005E+9	+1.335320E-1	+9.319328E-1
+7.116020E+9	+1.342411E-1	+9.319211E-1
+7.116035E+9	+1.341389E-1	+9.318791E-1
+7.116050E+9	+1.339838E-1	+9.319407E-1
+7.116065E+9	+1.343074E-1	+9.317632E-1
+7.116080E+9	+1.347705E-1	+9.315191E-1
+7.116095E+9	+1.351142E-1	+9.318836E-1
+7.116110E+9	+1.352133E-1	+9.315948E-1
+7.116125E+9	+1.360548E-1	+9.314441E-1
+7.116140E+9	+1.355460E-1	+9.320262E-1
+7.116155E+9	+1.349489E-1	+9.320204E-1
+7.116170E+9	+1.351197E-1	+9.322235E-1
+7.116185E+9	+1.351359E-1	+9.320255E-1
+7.116200E+9	+1.354555E-1	+9.322749E-1
+7.116215E+9	+1.356494E-1	+9.320044E-1
+7.116230E+9	+1.361587E-1	+9.317468E-1
+7.116245E+9	+1.362594E-1	+9.318606E-1
+7.116260E+9	+1.360632E-1	+9.314962E-1
+7.116275E+9	+1.361903E-1	+9.312634E-1
+7.116290E+9	+1.368967E-1	+9.314180E-1
+7.116305E+9	+1.365307E-1	+9.316970E-1
+7.116320E+9	+1.359408E-1	+9.312576E-1
+7.116335E+9	+1.362818E-1	+9.309235E-1
+7.116350E+9	+1.369731E-1	+9.315631E-1
+7.116365E+9	+1.370170E-1	+9.318417E-1
+7.116380E+9	+1.371929E-1	+9.317699E-1
+7.116395E+9	+1.376809E-1	+9.321815E-1
+7.116410E+9	+1.380961E-1	+9.316699E-1
+7.116425E+9	+1.375520E-1	+9.315812E-1
+7.116440E+9	+1.377047E-1	+9.319421E-1
+7.116455E+9	+1.375325E-1	+9.317721E-1
+7.116470E+9	+1.385950E-1	+9.317783E-1
+7.116485E+9	+1.387055E-1	+9.316166E-1
+7.116500E+9	+1.386477E-1	+9.317609E-1
+7.116515E+9	+1.380014E-1	+9.319190E-1
+7.116530E+9	+1.379350E-1	+9.316177E-1
+7.116545E+9	+1.384311E-1	+9.316185E-1
+7.116560E+9	+1.392558E-1	+9.315554E-1
+7.116575E+9	+1.394399E-1	+9.307467E-1
+7.116590E+9	+1.389085E-1	+9.310666E-1
+7.116605E+9	+1.391357E-1	+9.310439E-1
+7.116620E+9	+1.395089E-1	+9.315203E-1
+7.116635E+9	+1.395291E-1	+9.313643E-1
+7.116650E+9	+1.393175E-1	+9.308339E-1
+7.116665E+9	+1.398659E-1	+9.312288E-1
+7.116680E+9	+1.403582E-1	+9.317904E-1
+7.116695E+9	+1.404137E-1	+9.314491E-1
+7.116710E+9	+1.407034E-1	+9.311845E-1
+7.116725E+9	+1.408285E-1	+9.311593E-1
+7.116740E+9	+1.398042E-1	+9.311525E-1
+7.116755E+9	+1.403031E-1	+9.314080E-1
+7.116770E+9	+1.408756E-1	+9.310550E-1
+7.116785E+9	+1.414007E-1	+9.305993E-1
+7.116800E+9	+1.413840E-1	+9.309399E-1
+7.116815E+9	+1.416506E-1	+9.311235E-1
+7.116830E+9	+1.419788E-1	+9.310769E-1
+7.116845E+9	+1.421171E-1	+9.311407E-1
+7.116860E+9	+1.418717E-1	+9.308822E-1
+7.116875E+9	+1.420788E-1	+9.311722E-1
+7.116890E+9	+1.423333E-1	+9.315352E-1
+7.116905E+9	+1.426385E-1	+9.313810E-1
+7.116920E+9	+1.428599E-1	+9.312903E-1
+7.116935E+9	+1.427820E-1	+9.303788E-1
+7.116950E+9	+1.428064E-1	+9.305254E-1
+7.116965E+9	+1.428740E-1	+9.308602E-1
+7.116980E+9	+1.430933E-1	+9.307743E-1
+7.116995E+9	+1.430404E-1	+9.310475E-1
+7.117010E+9	+1.435302E-1	+9.313888E-1
+7.117025E+9	+1.436947E-1	+9.307555E-1
+7.117040E+9	+1.440129E-1	+9.311283E-1
+7.117055E+9	+1.436514E-1	+9.313414E-1
+7.117070E+9	+1.433719E-1	+9.307221E-1
+7.117085E+9	+1.435727E-1	+9.305836E-1
+7.117100E+9	+1.442207E-1	+9.306082E-1
+7.117115E+9	+1.443212E-1	+9.307428E-1
+7.117130E+9	+1.447711E-1	+9.304700E-1
+7.117145E+9	+1.445186E-1	+9.302142E-1
+7.117160E+9	+1.448281E-1	+9.301719E-1
+7.117175E+9	+1.450020E-1	+9.302531E-1
+7.117190E+9	+1.451631E-1	+9.305885E-1
+7.117205E+9	+1.452395E-1	+9.306649E-1
+7.117220E+9	+1.455457E-1	+9.304203E-1
+7.117235E+9	+1.452143E-1	+9.302808E-1
+7.117250E+9	+1.456862E-1	+9.305908E-1
+7.117265E+9	+1.453451E-1	+9.303188E-1
+7.117280E+9	+1.457538E-1	+9.304647E-1
+7.117295E+9	+1.457358E-1	+9.304734E-1
+7.117310E+9	+1.462100E-1	+9.302878E-1
+7.117325E+9	+1.464583E-1	+9.302611E-1
+7.117340E+9	+1.467398E-1	+9.304661E-1
+7.117355E+9	+1.469958E-1	+9.307253E-1
+7.117370E+9	+1.472761E-1	+9.305671E-1
+7.117385E+9	+1.474440E-1	+9.304047E-1
+7.117400E+9	+1.470329E-1	+9.300595E-1
+7.117415E+9	+1.478072E-1	+9.303922E-1
+7.117430E+9	+1.484846E-1	+9.304312E-1
+7.117445E+9	+1.482328E-1	+9.299359E-1
+7.117460E+9	+1.476468E-1	+9.300863E-1
+7.117475E+9	+1.477060E-1	+9.303311E-1
+7.117490E+9	+1.474675E-1	+9.302174E-1
+7.117505E+9	+1.474399E-1	+9.300914E-1
+7.117520E+9	+1.478837E-1	+9.303705E-1
+7.117535E+9	+1.484185E-1	+9.299169E-1
+7.117550E+9	+1.486793E-1	+9.295832E-1
+7.117565E+9	+1.491887E-1	+9.297226E-1
+7.117580E+9	+1.495692E-1	+9.299137E-1
+7.117595E+9	+1.494180E-1	+9.294446E-1
+7.117610E+9	+1.492394E-1	+9.293963E-1
+7.117625E+9	+1.489174E-1	+9.298082E-1
+7.117640E+9	+1.497836E-1	+9.299811E-1
+7.117655E+9	+1.500520E-1	+9.298549E-1
+7.117670E+9	+1.497759E-1	+9.298416E-1
+7.117685E+9	+1.493994E-1	+9.302462E-1
+7.117700E+9	+1.494740E-1	+9.303352E-1
+7.117715E+9	+1.498705E-1	+9.298468E-1
+7.117730E+9	+1.500265E-1	+9.294430E-1
+7.117745E+9	+1.501006E-1	+9.294498E-1
+7.117760E+9	+1.504189E-1	+9.291494E-1
+7.117775E+9	+1.505449E-1	+9.293831E-1
+7.117790E+9	+1.509153E-1	+9.307586E-1
+7.117805E+9	+1.509721E-1	+9.309556E-1
+7.117820E+9	+1.508317E-1	+9.304259E-1
+7.117835E+9	+1.511741E-1	+9.298979E-1
+7.117850E+9	+1.519474E-1	+9.293148E-1
+7.117865E+9	+1.520917E-1	+9.296012E-1
+7.117880E+9	+1.522065E-1	+9.293679E-1
+7.117895E+9	+1.522090E-1	+9.295299E-1
+7.117910E+9	+1.524159E-1	+9.291205E-1
+7.117925E+9	+1.522809E-1	+9.288826E-1
+7.117940E+9	+1.524118E-1	+9.287172E-1
+7.117955E+9	+1.523720E-1	+9.290227E-1
+7.117970E+9	+1.521250E-1	+9.297274E-1
+7.117985E+9	+1.524619E-1	+9.298403E-1
+7.118000E+9	+1.530675E-1	+9.288130E-1
+7.118015E+9	+1.532158E-1	+9.291017E-1
+7.118030E+9	+1.530928E-1	+9.291337E-1
+7.118045E+9	+1.529863E-1	+9.289313E-1
+7.118060E+9	+1.530420E-1	+9.292607E-1
+7.118075E+9	+1.537282E-1	+9.294234E-1
+7.118090E+9	+1.535401E-1	+9.293908E-1
+7.118105E+9	+1.536938E-1	+9.293328E-1
+7.118120E+9	+1.539397E-1	+9.289219E-1
+7.118135E+9	+1.543707E-1	+9.289747E-1
+7.118150E+9	+1.544512E-1	+9.285465E-1
+7.118165E+9	+1.544742E-1	+9.287016E-1
+7.118180E+9	+1.543010E-1	+9.285302E-1
+7.118195E+9	+1.538295E-1	+9.281230E-1
+7.118210E+9	+1.541766E-1	+9.283442E-1
+7.118225E+9	+1.544456E-1	+9.296179E-1
+7.118240E+9	+1.553693E-1	+9.288895E-1
+7.118255E+9	+1.554179E-1	+9.284154E-1
+7.118270E+9	+1.553862E-1	+9.285251E-1
+7.118285E+9	+1.554530E-1	+9.286614E-1
+7.118300E+9	+1.561808E-1	+9.287662E-1
+7.118315E+9	+1.565345E-1	+9.289726E-1
+7.118330E+9	+1.566360E-1	+9.287181E-1
+7.118345E+9	+1.563072E-1	+9.283196E-1
+7.118360E+9	+1.564157E-1	+9.282157E-1
+7.118375E+9	+1.565345E-1	+9.286313E-1
+7.118390E+9	+1.572278E-1	+9.285043E-1
+7.118405E+9	+1.569768E-1	+9.289546E-1
+7.118420E+9	+1.565845E-1	+9.287156E-1
+7.118435E+9	+1.569430E-1	+9.286350E-1
+7.118450E+9	+1.570156E-1	+9.285306E-1
+7.118465E+9	+1.567525E-1	+9.288535E-1
+7.118480E+9	+1.572003E-1	+9.285974E-1
+7.118495E+9	+1.573934E-1	+9.285823E-1
+7.118510E+9	+1.574942E-1	+9.282272E-1
+7.118525E+9	+1.575464E-1	+9.287175E-1
+7.118540E+9	+1.581780E-1	+9.284778E-1
+7.118555E+9	+1.583962E-1	+9.281503E-1
+7.118570E+9	+1.582819E-1	+9.278001E-1
+7.118585E+9	+1.586534E-1	+9.277997E-1
+7.118600E+9	+1.587105E-1	+9.283986E-1
+7.118615E+9	+1.582430E-1	+9.279577E-1
+7.118630E+9	+1.581209E-1	+9.280492E-1
+7.118645E+9	+1.590455E-1	+9.278223E-1
+7.118660E+9	+1.599937E-1	+9.280272E-1
+7.118675E+9	+1.596507E-1	+9.275468E-1
+7.118690E+9	+1.592403E-1	+9.278151E-1
+7.118705E+9	+1.594326E-1	+9.279031E-1
+7.118720E+9	+1.602653E-1	+9.282363E-1
+7.118735E+9	+1.602272E-1	+9.279682E-1
+7.118750E+9	+1.596191E-1	+9.275597E-1
+7.118765E+9	+1.598058E-1	+9.278762E-1
+7.118780E+9	+1.600437E-1	+9.280170E-1
+7.118795E+9	+1.599436E-1	+9.280579E-1
+7.118810E+9	+1.605816E-1	+9.273960E-1
+7.118825E+9	+1.607757E-1	+9.274272E-1
+7.118840E+9	+1.610328E-1	+9.275101E-1
+7.118855E+9	+1.613030E-1	+9.280929E-1
+7.118870E+9	+1.613841E-1	+9.281382E-1
+7.118885E+9	+1.612151E-1	+9.284286E-1
+7.118900E+9	+1.613197E-1	+9.284468E-1
+7.118915E+9	+1.615037E-1	+9.278141E-1
+7.118930E+9	+1.618964E-1	+9.270874E-1
+7.118945E+9	+1.620380E-1	+9.269234E-1
+7.118960E+9	+1.621760E-1	+9.277700E-1
+7.118975E+9	+1.625765E-1	+9.272668E-1
+7.118990E+9	+1.623212E-1	+9.272658E-1
+7.119005E+9	+1.621130E-1	+9.269262E-1
+7.119020E+9	+1.620031E-1	+9.265730E-1
+7.119035E+9	+1.627460E-1	+9.274534E-1
+7.119050E+9	+1.635329E-1	+9.275887E-1
+7.119065E+9	+1.635955E-1	+9.274033E-1
+7.119080E+9	+1.635863E-1	+9.276313E-1
+7.119095E+9	+1.635631E-1	+9.276513E-1
+7.119110E+9	+1.636821E-1	+9.269572E-1
+7.119125E+9	+1.638243E-1	+9.270016E-1
+7.119140E+9	+1.644670E-1	+9.273034E-1
+7.119155E+9	+1.642181E-1	+9.277597E-1
+7.119170E+9	+1.641303E-1	+9.273115E-1
+7.119185E+9	+1.642763E-1	+9.274399E-1
+7.119200E+9	+1.648771E-1	+9.273709E-1
+7.119215E+9	+1.650835E-1	+9.275094E-1
+7.119230E+9	+1.648004E-1	+9.274655E-1
+7.119245E+9	+1.646765E-1	+9.270478E-1
+7.119260E+9	+1.647553E-1	+9.269586E-1
+7.119275E+9	+1.655118E-1	+9.273098E-1
+7.119290E+9	+1.651631E-1	+9.277401E-1
+7.119305E+9	+1.651357E-1	+9.274586E-1
+7.119320E+9	+1.651763E-1	+9.268272E-1
+7.119335E+9	+1.657227E-1	+9.266176E-1
+7.119350E+9	+1.658139E-1	+9.268314E-1
+7.119365E+9	+1.655211E-1	+9.269280E-1
+7.119380E+9	+1.655598E-1	+9.266713E-1
+7.119395E+9	+1.663029E-1	+9.263782E-1
+7.119410E+9	+1.667052E-1	+9.262588E-1
+7.119425E+9	+1.669321E-1	+9.261763E-1
+7.119440E+9	+1.673722E-1	+9.266720E-1
+7.119455E+9	+1.671314E-1	+9.265986E-1
+7.119470E+9	+1.665622E-1	+9.269130E-1
+7.119485E+9	+1.668058E-1	+9.265326E-1
+7.119500E+9	+1.667376E-1	+9.264248E-1
+7.119515E+9	+1.672972E-1	+9.263818E-1
+7.119530E+9	+1.687547E-1	+9.270146E-1
+7.119545E+9	+1.684662E-1	+9.275546E-1
+7.119560E+9	+1.680272E-1	+9.273331E-1
+7.119575E+9	+1.691403E-1	+9.268525E-1
+7.119590E+9	+1.684161E-1	+9.270216E-1
+7.119605E+9	+1.682517E-1	+9.268294E-1
+7.119620E+9	+1.682696E-1	+9.271793E-1
+7.119635E+9	+1.684278E-1	+9.271761E-1
+7.119650E+9	+1.689553E-1	+9.259909E-1
+7.119665E+9	+1.689625E-1	+9.259439E-1
+7.119680E+9	+1.687269E-1	+9.269537E-1
+7.119695E+9	+1.684434E-1	+9.266270E-1
+7.119710E+9	+1.688264E-1	+9.262000E-1
+7.119725E+9	+1.691872E-1	+9.262625E-1
+7.119740E+9	+1.699254E-1	+9.258573E-1
+7.119755E+9	+1.703997E-1	+9.257992E-1
+7.119770E+9	+1.703061E-1	+9.253132E-1
+7.119785E+9	+1.703234E-1	+9.261214E-1
+7.119800E+9	+1.708869E-1	+9.269414E-1
+7.119815E+9	+1.712457E-1	+9.267262E-1
+7.119830E+9	+1.709948E-1	+9.263878E-1
+7.119845E+9	+1.706781E-1	+9.262807E-1
+7.119860E+9	+1.706542E-1	+9.263370E-1
+7.119875E+9	+1.705519E-1	+9.262166E-1
+7.119890E+9	+1.709780E-1	+9.260325E-1
+7.119905E+9	+1.704408E-1	+9.260013E-1
+7.119920E+9	+1.705548E-1	+9.260360E-1
+7.119935E+9	+1.717157E-1	+9.261580E-1
+7.119950E+9	+1.715271E-1	+9.252364E-1
+7.119965E+9	+1.720681E-1	+9.254204E-1
+7.119980E+9	+1.724999E-1	+9.256633E-1
+7.119995E+9	+1.721531E-1	+9.257980E-1
+7.120010E+9	+1.721638E-1	+9.255961E-1
+7.120025E+9	+1.726085E-1	+9.251108E-1
+7.120040E+9	+1.732459E-1	+9.252832E-1
+7.120055E+9	+1.736004E-1	+9.258214E-1
+7.120070E+9	+1.732958E-1	+9.252393E-1
+7.120085E+9	+1.731873E-1	+9.254698E-1
+7.120100E+9	+1.732058E-1	+9.256444E-1
+7.120115E+9	+1.731715E-1	+9.259275E-1
+7.120130E+9	+1.732911E-1	+9.260155E-1
+7.120145E+9	+1.732799E-1	+9.255478E-1
+7.120160E+9	+1.732448E-1	+9.253773E-1
+7.120175E+9	+1.734119E-1	+9.253380E-1
+7.120190E+9	+1.734805E-1	+9.251911E-1
+7.120205E+9	+1.740802E-1	+9.249509E-1
+7.120220E+9	+1.737341E-1	+9.254160E-1
+7.120235E+9	+1.742784E-1	+9.260910E-1
+7.120250E+9	+1.749705E-1	+9.261426E-1
+7.120265E+9	+1.751254E-1	+9.259819E-1
+7.120280E+9	+1.747274E-1	+9.256258E-1
+7.120295E+9	+1.748567E-1	+9.263055E-1
+7.120310E+9	+1.748677E-1	+9.261481E-1
+7.120325E+9	+1.751960E-1	+9.254544E-1
+7.120340E+9	+1.751417E-1	+9.252042E-1
+7.120355E+9	+1.748620E-1	+9.245742E-1
+7.120370E+9	+1.750709E-1	+9.246206E-1
+7.120385E+9	+1.750764E-1	+9.249946E-1
+7.120400E+9	+1.760846E-1	+9.252290E-1
+7.120415E+9	+1.760931E-1	+9.250082E-1
+7.120430E+9	+1.764737E-1	+9.247609E-1
+7.120445E+9	+1.768882E-1	+9.247496E-1
+7.120460E+9	+1.770331E-1	+9.246604E-1
+7.120475E+9	+1.771076E-1	+9.248437E-1
+7.120490E+9	+1.772897E-1	+9.251788E-1
+7.120505E+9	+1.773330E-1	+9.258147E-1
+7.120520E+9	+1.778515E-1	+9.255290E-1
+7.120535E+9	+1.781967E-1	+9.250194E-1
+7.120550E+9	+1.782262E-1	+9.253579E-1
+7.120565E+9	+1.774727E-1	+9.254321E-1
+7.120580E+9	+1.771507E-1	+9.249882E-1
+7.120595E+9	+1.778309E-1	+9.251193E-1
+7.120610E+9	+1.790090E-1	+9.242766E-1
+7.120625E+9	+1.788735E-1	+9.248926E-1
+7.120640E+9	+1.786713E-1	+9.243879E-1
+7.120655E+9	+1.784589E-1	+9.239250E-1
+7.120670E+9	+1.784105E-1	+9.243989E-1
+7.120685E+9	+1.786588E-1	+9.244247E-1
+7.120700E+9	+1.788289E-1	+9.247440E-1
+7.120715E+9	+1.795084E-1	+9.245399E-1
+7.120730E+9	+1.796340E-1	+9.245943E-1
+7.120745E+9	+1.796654E-1	+9.244331E-1
+7.120760E+9	+1.798083E-1	+9.247714E-1
+7.120775E+9	+1.790705E-1	+9.245729E-1
+7.120790E+9	+1.791162E-1	+9.245958E-1
+7.120805E+9	+1.797343E-1	+9.245299E-1
+7.120820E+9	+1.799434E-1	+9.239403E-1
+7.120835E+9	+1.800302E-1	+9.240888E-1
+7.120850E+9	+1.798609E-1	+9.240834E-1
+7.120865E+9	+1.804993E-1	+9.240771E-1
+7.120880E+9	+1.811405E-1	+9.242784E-1
+7.120895E+9	+1.814853E-1	+9.244442E-1
+7.120910E+9	+1.816380E-1	+9.238476E-1
+7.120925E+9	+1.810379E-1	+9.239822E-1
+7.120940E+9	+1.814964E-1	+9.244548E-1
+7.120955E+9	+1.819643E-1	+9.247387E-1
+7.120970E+9	+1.823588E-1	+9.238930E-1
+7.120985E+9	+1.822563E-1	+9.233143E-1
+7.121000E+9	+1.816951E-1	+9.233888E-1
+7.121015E+9	+1.821364E-1	+9.237740E-1
+7.121030E+9	+1.822355E-1	+9.242079E-1
+7.121045E+9	+1.820934E-1	+9.241515E-1
+7.121060E+9	+1.825145E-1	+9.237797E-1
+7.121075E+9	+1.829953E-1	+9.239629E-1
+7.121090E+9	+1.823207E-1	+9.242851E-1
+7.121105E+9	+1.824472E-1	+9.241000E-1
+7.121120E+9	+1.830812E-1	+9.235355E-1
+7.121135E+9	+1.833484E-1	+9.228328E-1
+7.121150E+9	+1.830398E-1	+9.231075E-1
+7.121165E+9	+1.837383E-1	+9.242473E-1
+7.121180E+9	+1.839841E-1	+9.246311E-1
+7.121195E+9	+1.838104E-1	+9.240130E-1
+7.121210E+9	+1.837171E-1	+9.237972E-1
+7.121225E+9	+1.836255E-1	+9.234007E-1
+7.121240E+9	+1.838883E-1	+9.234373E-1
+7.121255E+9	+1.843878E-1	+9.235616E-1
+7.121270E+9	+1.849228E-1	+9.235267E-1
+7.121285E+9	+1.849321E-1	+9.228321E-1
+7.121300E+9	+1.851894E-1	+9.228836E-1
+7.121315E+9	+1.854073E-1	+9.232171E-1
+7.121330E+9	+1.856206E-1	+9.236051E-1
+7.121345E+9	+1.854490E-1	+9.236938E-1
+7.121360E+9	+1.857050E-1	+9.235506E-1
+7.121375E+9	+1.857669E-1	+9.228628E-1
+7.121390E+9	+1.853861E-1	+9.225326E-1
+7.121405E+9	+1.852776E-1	+9.226033E-1
+7.121420E+9	+1.855654E-1	+9.230321E-1
+7.121435E+9	+1.863467E-1	+9.232029E-1
+7.121450E+9	+1.868658E-1	+9.228549E-1
+7.121465E+9	+1.868105E-1	+9.230871E-1
+7.121480E+9	+1.868914E-1	+9.227081E-1
+7.121495E+9	+1.869258E-1	+9.230180E-1
+7.121510E+9	+1.870125E-1	+9.232716E-1
+7.121525E+9	+1.870024E-1	+9.234422E-1
+7.121540E+9	+1.864282E-1	+9.230020E-1
+7.121555E+9	+1.864660E-1	+9.225599E-1
+7.121570E+9	+1.865951E-1	+9.224888E-1
+7.121585E+9	+1.881062E-1	+9.224078E-1
+7.121600E+9	+1.876330E-1	+9.216496E-1
+7.121615E+9	+1.874032E-1	+9.225109E-1
+7.121630E+9	+1.873816E-1	+9.226773E-1
+7.121645E+9	+1.871429E-1	+9.229179E-1
+7.121660E+9	+1.875880E-1	+9.226700E-1
+7.121675E+9	+1.891057E-1	+9.227637E-1
+7.121690E+9	+1.888149E-1	+9.227587E-1
+7.121705E+9	+1.886604E-1	+9.222104E-1
+7.121720E+9	+1.887826E-1	+9.219594E-1
+7.121735E+9	+1.884470E-1	+9.217192E-1
+7.121750E+9	+1.883498E-1	+9.220920E-1
+7.121765E+9	+1.888112E-1	+9.221615E-1
+7.121780E+9	+1.892646E-1	+9.220453E-1
+7.121795E+9	+1.899899E-1	+9.218831E-1
+7.121810E+9	+1.898391E-1	+9.219207E-1
+7.121825E+9	+1.902023E-1	+9.225368E-1
+7.121840E+9	+1.905044E-1	+9.225185E-1
+7.121855E+9	+1.908402E-1	+9.222745E-1
+7.121870E+9	+1.906089E-1	+9.219809E-1
+7.121885E+9	+1.906201E-1	+9.219602E-1
+7.121900E+9	+1.905258E-1	+9.224473E-1
+7.121915E+9	+1.913679E-1	+9.224923E-1
+7.121930E+9	+1.916874E-1	+9.223051E-1
+7.121945E+9	+1.910898E-1	+9.224228E-1
+7.121960E+9	+1.910455E-1	+9.216091E-1
+7.121975E+9	+1.912185E-1	+9.207310E-1
+7.121990E+9	+1.914226E-1	+9.213563E-1
+7.122005E+9	+1.920000E-1	+9.220878E-1
+7.122020E+9	+1.921836E-1	+9.224062E-1
+7.122035E+9	+1.921818E-1	+9.224991E-1
+7.122050E+9	+1.916364E-1	+9.219423E-1
+7.122065E+9	+1.921714E-1	+9.218348E-1
+7.122080E+9	+1.924807E-1	+9.215668E-1
+7.122095E+9	+1.922809E-1	+9.216484E-1
+7.122110E+9	+1.930115E-1	+9.209893E-1
+7.122125E+9	+1.932269E-1	+9.217580E-1
+7.122140E+9	+1.929257E-1	+9.214551E-1
+7.122155E+9	+1.930109E-1	+9.214564E-1
+7.122170E+9	+1.930413E-1	+9.218349E-1
+7.122185E+9	+1.935460E-1	+9.222041E-1
+7.122200E+9	+1.934477E-1	+9.218511E-1
+7.122215E+9	+1.938063E-1	+9.211854E-1
+7.122230E+9	+1.937777E-1	+9.206756E-1
+7.122245E+9	+1.947826E-1	+9.222593E-1
+7.122260E+9	+1.949705E-1	+9.223961E-1
+7.122275E+9	+1.946050E-1	+9.217105E-1
+7.122290E+9	+1.939618E-1	+9.216967E-1
+7.122305E+9	+1.939020E-1	+9.218095E-1
+7.122320E+9	+1.940965E-1	+9.218507E-1
+7.122335E+9	+1.945382E-1	+9.220343E-1
+7.122350E+9	+1.958739E-1	+9.214817E-1
+7.122365E+9	+1.960684E-1	+9.214731E-1
+7.122380E+9	+1.953016E-1	+9.217090E-1
+7.122395E+9	+1.954131E-1	+9.210381E-1
+7.122410E+9	+1.956335E-1	+9.207574E-1
+7.122425E+9	+1.953400E-1	+9.210228E-1
+7.122440E+9	+1.953380E-1	+9.212168E-1
+7.122455E+9	+1.954837E-1	+9.212964E-1
+7.122470E+9	+1.956512E-1	+9.212641E-1
+7.122485E+9	+1.957602E-1	+9.205295E-1
+7.122500E+9	+1.959655E-1	+9.206784E-1
+7.122515E+9	+1.956916E-1	+9.205334E-1
+7.122530E+9	+1.959220E-1	+9.204722E-1
+7.122545E+9	+1.962453E-1	+9.211727E-1
+7.122560E+9	+1.963736E-1	+9.218523E-1
+7.122575E+9	+1.964043E-1	+9.223529E-1
+7.122590E+9	+1.971983E-1	+9.212286E-1
+7.122605E+9	+1.979444E-1	+9.200131E-1
+7.122620E+9	+1.978074E-1	+9.200545E-1
+7.122635E+9	+1.979977E-1	+9.204299E-1
+7.122650E+9	+1.982128E-1	+9.204575E-1
+7.122665E+9	+1.979854E-1	+9.203187E-1
+7.122680E+9	+1.979596E-1	+9.202680E-1
+7.122695E+9	+1.979025E-1	+9.207918E-1
+7.122710E+9	+1.980673E-1	+9.210533E-1
+7.122725E+9	+1.991471E-1	+9.207700E-1
+7.122740E+9	+1.989465E-1	+9.204658E-1
+7.122755E+9	+1.988958E-1	+9.199437E-1
+7.122770E+9	+1.990290E-1	+9.201696E-1
+7.122785E+9	+1.990065E-1	+9.209208E-1
+7.122800E+9	+1.993509E-1	+9.218466E-1
+7.122815E+9	+1.999006E-1	+9.219479E-1
+7.122830E+9	+2.001330E-1	+9.205399E-1
+7.122845E+9	+2.004812E-1	+9.202981E-1
+7.122860E+9	+2.011648E-1	+9.206622E-1
+7.122875E+9	+2.009089E-1	+9.202374E-1
+7.122890E+9	+2.008223E-1	+9.202518E-1
+7.122905E+9	+2.012629E-1	+9.203241E-1
+7.122920E+9	+2.011521E-1	+9.208850E-1
+7.122935E+9	+2.004579E-1	+9.208049E-1
+7.122950E+9	+1.999641E-1	+9.197868E-1
+7.122965E+9	+2.010033E-1	+9.199008E-1
+7.122980E+9	+2.013319E-1	+9.197960E-1
+7.122995E+9	+2.009633E-1	+9.194449E-1
+7.123010E+9	+2.007030E-1	+9.199550E-1
+7.123025E+9	+2.006223E-1	+9.200029E-1
+7.123040E+9	+2.011034E-1	+9.200915E-1
+7.123055E+9	+2.014801E-1	+9.199810E-1
+7.123070E+9	+2.020398E-1	+9.199155E-1
+7.123085E+9	+2.024833E-1	+9.198763E-1
+7.123100E+9	+2.027959E-1	+9.196676E-1
+7.123115E+9	+2.027226E-1	+9.196942E-1
+7.123130E+9	+2.028390E-1	+9.194432E-1
+7.123145E+9	+2.030182E-1	+9.194598E-1
+7.123160E+9	+2.029826E-1	+9.194485E-1
+7.123175E+9	+2.033180E-1	+9.198649E-1
+7.123190E+9	+2.036413E-1	+9.196958E-1
+7.123205E+9	+2.040802E-1	+9.196630E-1
+7.123220E+9	+2.048773E-1	+9.192745E-1
+7.123235E+9	+2.049483E-1	+9.196950E-1
+7.123250E+9	+2.029252E-1	+9.190288E-1
+7.123265E+9	+2.030124E-1	+9.189097E-1
+7.123280E+9	+2.029922E-1	+9.188855E-1
+7.123295E+9	+2.036776E-1	+9.191314E-1
+7.123310E+9	+2.048236E-1	+9.188370E-1
+7.123325E+9	+2.045538E-1	+9.195104E-1
+7.123340E+9	+2.048460E-1	+9.193166E-1
+7.123355E+9	+2.052608E-1	+9.189592E-1
+7.123370E+9	+2.051686E-1	+9.188040E-1
+7.123385E+9	+2.049072E-1	+9.192726E-1
+7.123400E+9	+2.047266E-1	+9.194230E-1
+7.123415E+9	+2.049404E-1	+9.189002E-1
+7.123430E+9	+2.057001E-1	+9.186427E-1
+7.123445E+9	+2.065010E-1	+9.188135E-1
+7.123460E+9	+2.061775E-1	+9.200555E-1
+7.123475E+9	+2.055556E-1	+9.215653E-1
+7.123490E+9	+2.060589E-1	+9.202501E-1
+7.123505E+9	+2.063080E-1	+9.194448E-1
+7.123520E+9	+2.064588E-1	+9.195754E-1
+7.123535E+9	+2.060566E-1	+9.186147E-1
+7.123550E+9	+2.058280E-1	+9.182889E-1
+7.123565E+9	+2.063024E-1	+9.182964E-1
+7.123580E+9	+2.068370E-1	+9.182118E-1
+7.123595E+9	+2.071372E-1	+9.182516E-1
+7.123610E+9	+2.074406E-1	+9.184552E-1
+7.123625E+9	+2.074418E-1	+9.184166E-1
+7.123640E+9	+2.069778E-1	+9.188381E-1
+7.123655E+9	+2.063062E-1	+9.185668E-1
+7.123670E+9	+2.066312E-1	+9.182040E-1
+7.123685E+9	+2.070383E-1	+9.180551E-1
+7.123700E+9	+2.074932E-1	+9.180969E-1
+7.123715E+9	+2.082139E-1	+9.190112E-1
+7.123730E+9	+2.087674E-1	+9.191883E-1
+7.123745E+9	+2.090825E-1	+9.188139E-1
+7.123760E+9	+2.079666E-1	+9.171262E-1
+7.123775E+9	+2.089570E-1	+9.182504E-1
+7.123790E+9	+2.090698E-1	+9.187350E-1
+7.123805E+9	+2.093681E-1	+9.187754E-1
+7.123820E+9	+2.098571E-1	+9.186130E-1
+7.123835E+9	+2.098620E-1	+9.182555E-1
+7.123850E+9	+2.096008E-1	+9.177369E-1
+7.123865E+9	+2.097038E-1	+9.179459E-1
+7.123880E+9	+2.091227E-1	+9.185650E-1
+7.123895E+9	+2.094917E-1	+9.188316E-1
+7.123910E+9	+2.099123E-1	+9.185780E-1
+7.123925E+9	+2.097363E-1	+9.170146E-1
+7.123940E+9	+2.101940E-1	+9.177335E-1
+7.123955E+9	+2.105160E-1	+9.184359E-1
+7.123970E+9	+2.104302E-1	+9.186020E-1
+7.123985E+9	+2.108122E-1	+9.178084E-1
+7.124000E+9	+2.112819E-1	+9.171632E-1
+7.124015E+9	+2.110944E-1	+9.170906E-1
+7.124030E+9	+2.108618E-1	+9.174008E-1
+7.124045E+9	+2.112508E-1	+9.181947E-1
+7.124060E+9	+2.120248E-1	+9.183264E-1
+7.124075E+9	+2.115490E-1	+9.177752E-1
+7.124090E+9	+2.110185E-1	+9.176369E-1
+7.124105E+9	+2.111306E-1	+9.169010E-1
+7.124120E+9	+2.112346E-1	+9.163377E-1
+7.124135E+9	+2.125512E-1	+9.171439E-1
+7.124150E+9	+2.131664E-1	+9.177965E-1
+7.124165E+9	+2.132968E-1	+9.181135E-1
+7.124180E+9	+2.132164E-1	+9.176715E-1
+7.124195E+9	+2.130915E-1	+9.174487E-1
+7.124210E+9	+2.131309E-1	+9.169405E-1
+7.124225E+9	+2.137374E-1	+9.168888E-1
+7.124240E+9	+2.137444E-1	+9.173141E-1
+7.124255E+9	+2.134880E-1	+9.174317E-1
+7.124270E+9	+2.132908E-1	+9.168505E-1
+7.124285E+9	+2.140352E-1	+9.164038E-1
+7.124300E+9	+2.149666E-1	+9.169013E-1
+7.124315E+9	+2.139839E-1	+9.175485E-1
+7.124330E+9	+2.133837E-1	+9.170211E-1
+7.124345E+9	+2.141069E-1	+9.169575E-1
+7.124360E+9	+2.145189E-1	+9.173526E-1
+7.124375E+9	+2.146786E-1	+9.178827E-1
+7.124390E+9	+2.142975E-1	+9.179649E-1
+7.124405E+9	+2.138731E-1	+9.171457E-1
+7.124420E+9	+2.140756E-1	+9.170329E-1
+7.124435E+9	+2.151358E-1	+9.167676E-1
+7.124450E+9	+2.153014E-1	+9.161856E-1
+7.124465E+9	+2.154979E-1	+9.165297E-1
+7.124480E+9	+2.154947E-1	+9.167576E-1
+7.124495E+9	+2.157162E-1	+9.168904E-1
+7.124510E+9	+2.158717E-1	+9.169848E-1
+7.124525E+9	+2.153110E-1	+9.161125E-1
+7.124540E+9	+2.160616E-1	+9.162026E-1
+7.124555E+9	+2.172024E-1	+9.171477E-1
+7.124570E+9	+2.173926E-1	+9.173367E-1
+7.124585E+9	+2.158222E-1	+9.173476E-1
+7.124600E+9	+2.167482E-1	+9.160471E-1
+7.124615E+9	+2.165651E-1	+9.170840E-1
+7.124630E+9	+2.166010E-1	+9.173705E-1
+7.124645E+9	+2.163220E-1	+9.165262E-1
+7.124660E+9	+2.173219E-1	+9.160080E-1
+7.124675E+9	+2.174058E-1	+9.166964E-1
+7.124690E+9	+2.178773E-1	+9.164466E-1
+7.124705E+9	+2.180158E-1	+9.163927E-1
+7.124720E+9	+2.176406E-1	+9.165991E-1
+7.124735E+9	+2.178992E-1	+9.162699E-1
+7.124750E+9	+2.187021E-1	+9.163457E-1
+7.124765E+9	+2.190708E-1	+9.160674E-1
+7.124780E+9	+2.189353E-1	+9.159973E-1
+7.124795E+9	+2.189431E-1	+9.160780E-1
+7.124810E+9	+2.189882E-1	+9.157349E-1
+7.124825E+9	+2.186181E-1	+9.159714E-1
+7.124840E+9	+2.189449E-1	+9.164329E-1
+7.124855E+9	+2.190718E-1	+9.164258E-1
+7.124870E+9	+2.199809E-1	+9.159971E-1
+7.124885E+9	+2.202491E-1	+9.156000E-1
+7.124900E+9	+2.197016E-1	+9.158676E-1
+7.124915E+9	+2.198599E-1	+9.161278E-1
+7.124930E+9	+2.202692E-1	+9.165700E-1
+7.124945E+9	+2.207873E-1	+9.168330E-1
+7.124960E+9	+2.212037E-1	+9.160913E-1
+7.124975E+9	+2.206280E-1	+9.147491E-1
+7.124990E+9	+2.210098E-1	+9.151510E-1
+7.125005E+9	+2.204290E-1	+9.153774E-1
+7.125020E+9	+2.201115E-1	+9.150117E-1
+7.125035E+9	+2.202343E-1	+9.150295E-1
+7.125050E+9	+2.203887E-1	+9.162570E-1
+7.125065E+9	+2.208183E-1	+9.160676E-1
+7.125080E+9	+2.209050E-1	+9.153207E-1
+7.125095E+9	+2.220619E-1	+9.153139E-1
+7.125110E+9	+2.219570E-1	+9.150304E-1
+7.125125E+9	+2.230015E-1	+9.148902E-1
+7.125140E+9	+2.226299E-1	+9.158500E-1
+7.125155E+9	+2.210291E-1	+9.158076E-1
+7.125170E+9	+2.212351E-1	+9.150629E-1
+7.125185E+9	+2.220756E-1	+9.153829E-1
+7.125200E+9	+2.231493E-1	+9.156554E-1
+7.125215E+9	+2.239956E-1	+9.156867E-1
+7.125230E+9	+2.242748E-1	+9.156516E-1
+7.125245E+9	+2.231934E-1	+9.154415E-1
+7.125260E+9	+2.229409E-1	+9.148085E-1
+7.125275E+9	+2.228848E-1	+9.141192E-1
+7.125290E+9	+2.226333E-1	+9.145719E-1
+7.125305E+9	+2.227112E-1	+9.148532E-1
+7.125320E+9	+2.235312E-1	+9.149271E-1
+7.125335E+9	+2.237831E-1	+9.146902E-1
+7.125350E+9	+2.234227E-1	+9.138681E-1
+7.125365E+9	+2.238721E-1	+9.138304E-1
+7.125380E+9	+2.240975E-1	+9.137957E-1
+7.125395E+9	+2.241894E-1	+9.142948E-1
+7.125410E+9	+2.242829E-1	+9.147574E-1
+7.125425E+9	+2.240742E-1	+9.145866E-1
+7.125440E+9	+2.247696E-1	+9.143818E-1
+7.125455E+9	+2.252669E-1	+9.145740E-1
+7.125470E+9	+2.253702E-1	+9.142684E-1
+7.125485E+9	+2.257568E-1	+9.138908E-1
+7.125500E+9	+2.252717E-1	+9.147058E-1
+7.125515E+9	+2.257035E-1	+9.148248E-1
+7.125530E+9	+2.260658E-1	+9.149390E-1
+7.125545E+9	+2.261593E-1	+9.144027E-1
+7.125560E+9	+2.262661E-1	+9.140831E-1
+7.125575E+9	+2.265702E-1	+9.137180E-1
+7.125590E+9	+2.265956E-1	+9.141613E-1
+7.125605E+9	+2.265154E-1	+9.143221E-1
+7.125620E+9	+2.268515E-1	+9.142754E-1
+7.125635E+9	+2.272205E-1	+9.143882E-1
+7.125650E+9	+2.274849E-1	+9.137500E-1
+7.125665E+9	+2.269829E-1	+9.138427E-1
+7.125680E+9	+2.267936E-1	+9.137869E-1
+7.125695E+9	+2.267963E-1	+9.132737E-1
+7.125710E+9	+2.281715E-1	+9.128349E-1
+7.125725E+9	+2.288526E-1	+9.132887E-1
+7.125740E+9	+2.286087E-1	+9.130509E-1
+7.125755E+9	+2.283597E-1	+9.134563E-1
+7.125770E+9	+2.288910E-1	+9.137172E-1
+7.125785E+9	+2.281485E-1	+9.141223E-1
+7.125800E+9	+2.286033E-1	+9.134450E-1
+7.125815E+9	+2.276493E-1	+9.124879E-1
+7.125830E+9	+2.278956E-1	+9.119742E-1
+7.125845E+9	+2.285480E-1	+9.115963E-1
+7.125860E+9	+2.310300E-1	+9.140010E-1
+7.125875E+9	+2.288682E-1	+9.143586E-1
+7.125890E+9	+2.286712E-1	+9.134681E-1
+7.125905E+9	+2.291915E-1	+9.127739E-1
+7.125920E+9	+2.292523E-1	+9.127120E-1
+7.125935E+9	+2.289969E-1	+9.130904E-1
+7.125950E+9	+2.290329E-1	+9.144161E-1
+7.125965E+9	+2.292212E-1	+9.140667E-1
+7.125980E+9	+2.309173E-1	+9.133527E-1
+7.125995E+9	+2.309087E-1	+9.134529E-1
+7.126010E+9	+2.295180E-1	+9.141241E-1
+7.126025E+9	+2.296558E-1	+9.135160E-1
+7.126040E+9	+2.299823E-1	+9.134007E-1
+7.126055E+9	+2.305679E-1	+9.133680E-1
+7.126070E+9	+2.308529E-1	+9.134273E-1
+7.126085E+9	+2.314326E-1	+9.135436E-1
+7.126100E+9	+2.318366E-1	+9.134477E-1
+7.126115E+9	+2.319719E-1	+9.129295E-1
+7.126130E+9	+2.317261E-1	+9.125891E-1
+7.126145E+9	+2.315650E-1	+9.125862E-1
+7.126160E+9	+2.320196E-1	+9.124781E-1
+7.126175E+9	+2.326394E-1	+9.122170E-1
+7.126190E+9	+2.327787E-1	+9.119748E-1
+7.126205E+9	+2.329709E-1	+9.118463E-1
+7.126220E+9	+2.332914E-1	+9.119351E-1
+7.126235E+9	+2.326921E-1	+9.127780E-1
+7.126250E+9	+2.318961E-1	+9.116844E-1
+7.126265E+9	+2.324956E-1	+9.121119E-1
+7.126280E+9	+2.327013E-1	+9.121775E-1
+7.126295E+9	+2.324312E-1	+9.122668E-1
+7.126310E+9	+2.324675E-1	+9.126693E-1
+7.126325E+9	+2.338525E-1	+9.134173E-1
+7.126340E+9	+2.338208E-1	+9.120700E-1
+7.126355E+9	+2.343924E-1	+9.117892E-1
+7.126370E+9	+2.342378E-1	+9.125998E-1
+7.126385E+9	+2.341207E-1	+9.126168E-1
+7.126400E+9	+2.335449E-1	+9.122431E-1
+7.126415E+9	+2.343416E-1	+9.124555E-1
+7.126430E+9	+2.349424E-1	+9.118329E-1
+7.126445E+9	+2.341190E-1	+9.116805E-1
+7.126460E+9	+2.341430E-1	+9.118059E-1
+7.126475E+9	+2.343794E-1	+9.124715E-1
+7.126490E+9	+2.342772E-1	+9.124666E-1
+7.126505E+9	+2.344840E-1	+9.123555E-1
+7.126520E+9	+2.353060E-1	+9.121067E-1
+7.126535E+9	+2.360700E-1	+9.126082E-1
+7.126550E+9	+2.348312E-1	+9.126788E-1
+7.126565E+9	+2.349078E-1	+9.121743E-1
+7.126580E+9	+2.358762E-1	+9.113708E-1
+7.126595E+9	+2.357336E-1	+9.114163E-1
+7.126610E+9	+2.363517E-1	+9.111173E-1
+7.126625E+9	+2.370638E-1	+9.106256E-1
+7.126640E+9	+2.370405E-1	+9.103879E-1
+7.126655E+9	+2.370279E-1	+9.108549E-1
+7.126670E+9	+2.377432E-1	+9.113248E-1
+7.126685E+9	+2.377137E-1	+9.116041E-1
+7.126700E+9	+2.368497E-1	+9.129519E-1
+7.126715E+9	+2.374844E-1	+9.122885E-1
+7.126730E+9	+2.380759E-1	+9.115788E-1
+7.126745E+9	+2.377785E-1	+9.116791E-1
+7.126760E+9	+2.373306E-1	+9.113842E-1
+7.126775E+9	+2.369298E-1	+9.111790E-1
+7.126790E+9	+2.375488E-1	+9.114810E-1
+7.126805E+9	+2.391466E-1	+9.106454E-1
+7.126820E+9	+2.390969E-1	+9.107960E-1
+7.126835E+9	+2.387642E-1	+9.108484E-1
+7.126850E+9	+2.393149E-1	+9.101677E-1
+7.126865E+9	+2.395798E-1	+9.107002E-1
+7.126880E+9	+2.392185E-1	+9.107244E-1
+7.126895E+9	+2.381697E-1	+9.102649E-1
+7.126910E+9	+2.384391E-1	+9.107983E-1
+7.126925E+9	+2.394429E-1	+9.109493E-1
+7.126940E+9	+2.388583E-1	+9.110207E-1
+7.126955E+9	+2.386578E-1	+9.106979E-1
+7.126970E+9	+2.391492E-1	+9.098559E-1
+7.126985E+9	+2.404532E-1	+9.095894E-1
+7.127000E+9	+2.411781E-1	+9.105123E-1
+7.127015E+9	+2.415240E-1	+9.109786E-1
+7.127030E+9	+2.410304E-1	+9.111197E-1
+7.127045E+9	+2.410140E-1	+9.107301E-1
+7.127060E+9	+2.404405E-1	+9.107169E-1
+7.127075E+9	+2.407933E-1	+9.103606E-1
+7.127090E+9	+2.410557E-1	+9.095308E-1
+7.127105E+9	+2.415962E-1	+9.092779E-1
+7.127120E+9	+2.421718E-1	+9.093977E-1
+7.127135E+9	+2.409577E-1	+9.097443E-1
+7.127150E+9	+2.414548E-1	+9.097451E-1
+7.127165E+9	+2.412067E-1	+9.099868E-1
+7.127180E+9	+2.427042E-1	+9.105535E-1
+7.127195E+9	+2.423217E-1	+9.096126E-1
+7.127210E+9	+2.421886E-1	+9.094186E-1
+7.127225E+9	+2.431787E-1	+9.097455E-1
+7.127240E+9	+2.430798E-1	+9.101021E-1
+7.127255E+9	+2.413160E-1	+9.103892E-1
+7.127270E+9	+2.421392E-1	+9.096217E-1
+7.127285E+9	+2.431294E-1	+9.096180E-1
+7.127300E+9	+2.441811E-1	+9.099227E-1
+7.127315E+9	+2.443121E-1	+9.096305E-1
+7.127330E+9	+2.443635E-1	+9.096847E-1
+7.127345E+9	+2.435060E-1	+9.099778E-1
+7.127360E+9	+2.438295E-1	+9.095696E-1
+7.127375E+9	+2.443262E-1	+9.091720E-1
+7.127390E+9	+2.445999E-1	+9.094554E-1
+7.127405E+9	+2.446846E-1	+9.096098E-1
+7.127420E+9	+2.444585E-1	+9.093980E-1
+7.127435E+9	+2.443944E-1	+9.093562E-1
+7.127450E+9	+2.439933E-1	+9.100239E-1
+7.127465E+9	+2.441240E-1	+9.096731E-1
+7.127480E+9	+2.441193E-1	+9.095096E-1
+7.127495E+9	+2.439067E-1	+9.095718E-1
+7.127510E+9	+2.449866E-1	+9.100574E-1
+7.127525E+9	+2.449839E-1	+9.088219E-1
+7.127540E+9	+2.456399E-1	+9.089364E-1
+7.127555E+9	+2.461616E-1	+9.092476E-1
+7.127570E+9	+2.462849E-1	+9.093901E-1
+7.127585E+9	+2.461717E-1	+9.089620E-1
+7.127600E+9	+2.460894E-1	+9.084418E-1
+7.127615E+9	+2.463880E-1	+9.085420E-1
+7.127630E+9	+2.467941E-1	+9.087539E-1
+7.127645E+9	+2.468435E-1	+9.087635E-1
+7.127660E+9	+2.468507E-1	+9.084124E-1
+7.127675E+9	+2.476298E-1	+9.087023E-1
+7.127690E+9	+2.474276E-1	+9.087302E-1
+7.127705E+9	+2.465698E-1	+9.086033E-1
+7.127720E+9	+2.466471E-1	+9.085826E-1
+7.127735E+9	+2.470663E-1	+9.090611E-1
+7.127750E+9	+2.477186E-1	+9.093114E-1
+7.127765E+9	+2.476204E-1	+9.083231E-1
+7.127780E+9	+2.477034E-1	+9.079884E-1
+7.127795E+9	+2.480686E-1	+9.081889E-1
+7.127810E+9	+2.483674E-1	+9.085181E-1
+7.127825E+9	+2.488155E-1	+9.085663E-1
+7.127840E+9	+2.492197E-1	+9.088678E-1
+7.127855E+9	+2.492475E-1	+9.094250E-1
+7.127870E+9	+2.492489E-1	+9.087067E-1
+7.127885E+9	+2.495505E-1	+9.075742E-1
+7.127900E+9	+2.489411E-1	+9.065988E-1
+7.127915E+9	+2.492836E-1	+9.067559E-1
+7.127930E+9	+2.490235E-1	+9.086331E-1
+7.127945E+9	+2.499145E-1	+9.077206E-1
+7.127960E+9	+2.504114E-1	+9.076208E-1
+7.127975E+9	+2.500899E-1	+9.078010E-1
+7.127990E+9	+2.506436E-1	+9.074487E-1
+7.128005E+9	+2.507291E-1	+9.072714E-1
+7.128020E+9	+2.501448E-1	+9.077480E-1
+7.128035E+9	+2.497143E-1	+9.081326E-1
+7.128050E+9	+2.494314E-1	+9.084335E-1
+7.128065E+9	+2.497817E-1	+9.074468E-1
+7.128080E+9	+2.498544E-1	+9.071928E-1
+7.128095E+9	+2.494810E-1	+9.086618E-1
+7.128110E+9	+2.507945E-1	+9.086110E-1
+7.128125E+9	+2.519889E-1	+9.070858E-1
+7.128140E+9	+2.517384E-1	+9.074190E-1
+7.128155E+9	+2.514111E-1	+9.079503E-1
+7.128170E+9	+2.516010E-1	+9.075571E-1
+7.128185E+9	+2.515163E-1	+9.071486E-1
+7.128200E+9	+2.515854E-1	+9.063465E-1
+7.128215E+9	+2.520246E-1	+9.067691E-1
+7.128230E+9	+2.520591E-1	+9.075920E-1
+7.128245E+9	+2.532437E-1	+9.076217E-1
+7.128260E+9	+2.529512E-1	+9.073075E-1
+7.128275E+9	+2.520399E-1	+9.068751E-1
+7.128290E+9	+2.531507E-1	+9.069855E-1
+7.128305E+9	+2.540800E-1	+9.073196E-1
+7.128320E+9	+2.537806E-1	+9.067902E-1
+7.128335E+9	+2.521312E-1	+9.065038E-1
+7.128350E+9	+2.534775E-1	+9.054861E-1
+7.128365E+9	+2.534025E-1	+9.064610E-1
+7.128380E+9	+2.529577E-1	+9.070787E-1
+7.128395E+9	+2.538741E-1	+9.055740E-1
+7.128410E+9	+2.540525E-1	+9.056209E-1
+7.128425E+9	+2.533976E-1	+9.066550E-1
+7.128440E+9	+2.539151E-1	+9.058617E-1
+7.128455E+9	+2.547344E-1	+9.051307E-1
+7.128470E+9	+2.545115E-1	+9.056345E-1
+7.128485E+9	+2.547193E-1	+9.062475E-1
+7.128500E+9	+2.561558E-1	+9.069728E-1
+7.128515E+9	+2.560229E-1	+9.065173E-1
+7.128530E+9	+2.548844E-1	+9.063844E-1
+7.128545E+9	+2.552425E-1	+9.062173E-1
+7.128560E+9	+2.559963E-1	+9.065381E-1
+7.128575E+9	+2.558040E-1	+9.079053E-1
+7.128590E+9	+2.558806E-1	+9.069842E-1
+7.128605E+9	+2.547190E-1	+9.056635E-1
+7.128620E+9	+2.548570E-1	+9.059409E-1
+7.128635E+9	+2.553650E-1	+9.064024E-1
+7.128650E+9	+2.552253E-1	+9.066188E-1
+7.128665E+9	+2.563462E-1	+9.069427E-1
+7.128680E+9	+2.570334E-1	+9.066526E-1
+7.128695E+9	+2.565992E-1	+9.056097E-1
+7.128710E+9	+2.570519E-1	+9.050832E-1
+7.128725E+9	+2.567385E-1	+9.061081E-1
+7.128740E+9	+2.570072E-1	+9.059316E-1
+7.128755E+9	+2.574382E-1	+9.056842E-1
+7.128770E+9	+2.575818E-1	+9.053218E-1
+7.128785E+9	+2.579594E-1	+9.057330E-1
+7.128800E+9	+2.580470E-1	+9.048876E-1
+7.128815E+9	+2.577838E-1	+9.051289E-1
+7.128830E+9	+2.575987E-1	+9.054236E-1
+7.128845E+9	+2.579708E-1	+9.059238E-1
+7.128860E+9	+2.584140E-1	+9.054423E-1
+7.128875E+9	+2.592457E-1	+9.049148E-1
+7.128890E+9	+2.594765E-1	+9.056981E-1
+7.128905E+9	+2.594454E-1	+9.062459E-1
+7.128920E+9	+2.595522E-1	+9.063178E-1
+7.128935E+9	+2.586425E-1	+9.047039E-1
+7.128950E+9	+2.592812E-1	+9.047569E-1
+7.128965E+9	+2.597000E-1	+9.046621E-1
+7.128980E+9	+2.611213E-1	+9.051176E-1
+7.128995E+9	+2.602384E-1	+9.051904E-1
+7.129010E+9	+2.604865E-1	+9.051199E-1
+7.129025E+9	+2.613700E-1	+9.057541E-1
+7.129040E+9	+2.613969E-1	+9.060152E-1
+7.129055E+9	+2.599624E-1	+9.063842E-1
+7.129070E+9	+2.599687E-1	+9.064670E-1
+7.129085E+9	+2.603555E-1	+9.058511E-1
+7.129100E+9	+2.599140E-1	+9.065546E-1
+7.129115E+9	+2.605181E-1	+9.062334E-1
+7.129130E+9	+2.612929E-1	+9.045360E-1
+7.129145E+9	+2.613999E-1	+9.047418E-1
+7.129160E+9	+2.611379E-1	+9.044483E-1
+7.129175E+9	+2.610017E-1	+9.044075E-1
+7.129190E+9	+2.611691E-1	+9.043307E-1
+7.129205E+9	+2.616215E-1	+9.038098E-1
+7.129220E+9	+2.624564E-1	+9.035932E-1
+7.129235E+9	+2.628185E-1	+9.038259E-1
+7.129250E+9	+2.623371E-1	+9.042451E-1
+7.129265E+9	+2.619144E-1	+9.042510E-1
+7.129280E+9	+2.614925E-1	+9.042382E-1
+7.129295E+9	+2.613711E-1	+9.033262E-1
+7.129310E+9	+2.617072E-1	+9.030803E-1
+7.129325E+9	+2.626373E-1	+9.052252E-1
+7.129340E+9	+2.629165E-1	+9.049436E-1
+7.129355E+9	+2.632381E-1	+9.047691E-1
+7.129370E+9	+2.634231E-1	+9.045996E-1
+7.129385E+9	+2.628155E-1	+9.036318E-1
+7.129400E+9	+2.625983E-1	+9.040249E-1
+7.129415E+9	+2.627491E-1	+9.037736E-1
+7.129430E+9	+2.648803E-1	+9.029450E-1
+7.129445E+9	+2.652956E-1	+9.027827E-1
+7.129460E+9	+2.646228E-1	+9.045741E-1
+7.129475E+9	+2.651649E-1	+9.030665E-1
+7.129490E+9	+2.644817E-1	+9.033629E-1
+7.129505E+9	+2.645052E-1	+9.036077E-1
+7.129520E+9	+2.655698E-1	+9.040400E-1
+7.129535E+9	+2.655815E-1	+9.042982E-1
+7.129550E+9	+2.655313E-1	+9.032580E-1
+7.129565E+9	+2.656125E-1	+9.030238E-1
+7.129580E+9	+2.655699E-1	+9.032933E-1
+7.129595E+9	+2.657828E-1	+9.046259E-1
+7.129610E+9	+2.654066E-1	+9.051054E-1
+7.129625E+9	+2.654725E-1	+9.049043E-1
+7.129640E+9	+2.662032E-1	+9.039868E-1
+7.129655E+9	+2.666470E-1	+9.030933E-1
+7.129670E+9	+2.664832E-1	+9.036823E-1
+7.129685E+9	+2.662151E-1	+9.039363E-1
+7.129700E+9	+2.663642E-1	+9.044431E-1
+7.129715E+9	+2.671100E-1	+9.038667E-1
+7.129730E+9	+2.672877E-1	+9.031500E-1
+7.129745E+9	+2.665923E-1	+9.028386E-1
+7.129760E+9	+2.666904E-1	+9.012866E-1
+7.129775E+9	+2.679114E-1	+9.032656E-1
+7.129790E+9	+2.677606E-1	+9.043740E-1
+7.129805E+9	+2.673785E-1	+9.043796E-1
+7.129820E+9	+2.671569E-1	+9.037366E-1
+7.129835E+9	+2.669740E-1	+9.019505E-1
+7.129850E+9	+2.684022E-1	+9.031221E-1
+7.129865E+9	+2.688673E-1	+9.026729E-1
+7.129880E+9	+2.687401E-1	+9.023090E-1
+7.129895E+9	+2.682114E-1	+9.026448E-1
+7.129910E+9	+2.685586E-1	+9.023698E-1
+7.129925E+9	+2.701671E-1	+9.020808E-1
+7.129940E+9	+2.700476E-1	+9.022720E-1
+7.129955E+9	+2.692797E-1	+9.035919E-1
+7.129970E+9	+2.695409E-1	+9.030411E-1
+7.129985E+9	+2.690618E-1	+9.020579E-1
+7.130000E+9	+2.694594E-1	+9.033639E-1
+7.130015E+9	+2.696265E-1	+9.033020E-1
+7.130030E+9	+2.697492E-1	+9.021218E-1
+7.130045E+9	+2.700450E-1	+9.021138E-1
+7.130060E+9	+2.702123E-1	+9.025567E-1
+7.130075E+9	+2.701905E-1	+9.014074E-1
+7.130090E+9	+2.698205E-1	+9.028801E-1
+7.130105E+9	+2.694228E-1	+9.031550E-1
+7.130120E+9	+2.702642E-1	+9.030238E-1
+7.130135E+9	+2.708436E-1	+9.025901E-1
+7.130150E+9	+2.718349E-1	+9.019526E-1
+7.130165E+9	+2.711958E-1	+9.015735E-1
+7.130180E+9	+2.707401E-1	+9.017244E-1
+7.130195E+9	+2.710095E-1	+9.022755E-1
+7.130210E+9	+2.716881E-1	+9.022496E-1
+7.130225E+9	+2.721091E-1	+9.021675E-1
+7.130240E+9	+2.728621E-1	+9.017338E-1
+7.130255E+9	+2.724950E-1	+9.011978E-1
+7.130270E+9	+2.723764E-1	+9.013722E-1
+7.130285E+9	+2.719509E-1	+9.007990E-1
+7.130300E+9	+2.736443E-1	+9.008215E-1
+7.130315E+9	+2.730384E-1	+9.013668E-1
+7.130330E+9	+2.719161E-1	+9.024880E-1
+7.130345E+9	+2.727063E-1	+9.020862E-1
+7.130360E+9	+2.737736E-1	+9.021501E-1
+7.130375E+9	+2.749522E-1	+9.021282E-1
+7.130390E+9	+2.745185E-1	+9.016501E-1
+7.130405E+9	+2.729000E-1	+9.008772E-1
+7.130420E+9	+2.742352E-1	+9.004921E-1
+7.130435E+9	+2.741652E-1	+9.007818E-1
+7.130450E+9	+2.735622E-1	+9.013235E-1
+7.130465E+9	+2.736369E-1	+9.013720E-1
+7.130480E+9	+2.737098E-1	+9.011221E-1
+7.130495E+9	+2.738512E-1	+9.003333E-1
+7.130510E+9	+2.743802E-1	+9.000150E-1
+7.130525E+9	+2.734812E-1	+9.027594E-1
+7.130540E+9	+2.744949E-1	+9.033976E-1
+7.130555E+9	+2.757494E-1	+9.010485E-1
+7.130570E+9	+2.760326E-1	+9.008381E-1
+7.130585E+9	+2.760058E-1	+9.015865E-1
+7.130600E+9	+2.753865E-1	+9.019684E-1
+7.130615E+9	+2.759209E-1	+9.007523E-1
+7.130630E+9	+2.760246E-1	+8.996647E-1
+7.130645E+9	+2.768540E-1	+8.997734E-1
+7.130660E+9	+2.761959E-1	+8.998973E-1
+7.130675E+9	+2.765941E-1	+8.988157E-1
+7.130690E+9	+2.765128E-1	+8.995266E-1
+7.130705E+9	+2.767291E-1	+9.005486E-1
+7.130720E+9	+2.768395E-1	+8.994689E-1
+7.130735E+9	+2.768082E-1	+8.999075E-1
+7.130750E+9	+2.766382E-1	+9.003629E-1
+7.130765E+9	+2.769526E-1	+8.998189E-1
+7.130780E+9	+2.770072E-1	+8.993664E-1
+7.130795E+9	+2.769815E-1	+8.992313E-1
+7.130810E+9	+2.764249E-1	+8.997323E-1
+7.130825E+9	+2.768464E-1	+8.996593E-1
+7.130840E+9	+2.778028E-1	+8.995719E-1
+7.130855E+9	+2.783982E-1	+8.995360E-1
+7.130870E+9	+2.782358E-1	+8.995512E-1
+7.130885E+9	+2.780314E-1	+8.992023E-1
+7.130900E+9	+2.779541E-1	+8.988425E-1
+7.130915E+9	+2.787245E-1	+8.999226E-1
+7.130930E+9	+2.790845E-1	+8.998807E-1
+7.130945E+9	+2.794563E-1	+8.995083E-1
+7.130960E+9	+2.795545E-1	+8.998755E-1
+7.130975E+9	+2.787923E-1	+9.003834E-1
+7.130990E+9	+2.792119E-1	+8.991856E-1
+7.131005E+9	+2.793309E-1	+8.986509E-1
+7.131020E+9	+2.792402E-1	+8.992260E-1
+7.131035E+9	+2.797148E-1	+8.998211E-1
+7.131050E+9	+2.795821E-1	+8.995724E-1
+7.131065E+9	+2.799036E-1	+8.994803E-1
+7.131080E+9	+2.801691E-1	+8.996332E-1
+7.131095E+9	+2.802517E-1	+9.001379E-1
+7.131110E+9	+2.811280E-1	+8.995496E-1
+7.131125E+9	+2.796238E-1	+8.987522E-1
+7.131140E+9	+2.797264E-1	+8.984085E-1
+7.131155E+9	+2.799376E-1	+8.985777E-1
+7.131170E+9	+2.800170E-1	+8.989162E-1
+7.131185E+9	+2.811090E-1	+8.992349E-1
+7.131200E+9	+2.819979E-1	+8.977974E-1
+7.131215E+9	+2.810802E-1	+8.982920E-1
+7.131230E+9	+2.803824E-1	+8.983142E-1
+7.131245E+9	+2.812757E-1	+8.988515E-1
+7.131260E+9	+2.824664E-1	+8.984758E-1
+7.131275E+9	+2.834193E-1	+8.979945E-1
+7.131290E+9	+2.830357E-1	+8.983908E-1
+7.131305E+9	+2.826568E-1	+8.978657E-1
+7.131320E+9	+2.827381E-1	+8.968865E-1
+7.131335E+9	+2.826871E-1	+8.968609E-1
+7.131350E+9	+2.827433E-1	+8.983460E-1
+7.131365E+9	+2.825366E-1	+8.979991E-1
+7.131380E+9	+2.825975E-1	+8.970975E-1
+7.131395E+9	+2.830521E-1	+8.961556E-1
+7.131410E+9	+2.830243E-1	+8.973163E-1
+7.131425E+9	+2.848233E-1	+8.986530E-1
+7.131440E+9	+2.848939E-1	+8.987939E-1
+7.131455E+9	+2.847211E-1	+8.977349E-1
+7.131470E+9	+2.845731E-1	+8.977858E-1
+7.131485E+9	+2.845938E-1	+8.978380E-1
+7.131500E+9	+2.850263E-1	+8.989417E-1
+7.131515E+9	+2.843699E-1	+8.986930E-1
+7.131530E+9	+2.840960E-1	+8.983095E-1
+7.131545E+9	+2.847632E-1	+8.982619E-1
+7.131560E+9	+2.850053E-1	+8.981106E-1
+7.131575E+9	+2.852263E-1	+8.977559E-1
+7.131590E+9	+2.857401E-1	+8.977379E-1
+7.131605E+9	+2.863771E-1	+8.976715E-1
+7.131620E+9	+2.872322E-1	+8.980903E-1
+7.131635E+9	+2.872453E-1	+8.983693E-1
+7.131650E+9	+2.851157E-1	+8.980670E-1
+7.131665E+9	+2.861595E-1	+8.973272E-1
+7.131680E+9	+2.859773E-1	+8.963682E-1
+7.131695E+9	+2.864895E-1	+8.967325E-1
+7.131710E+9	+2.870026E-1	+8.965893E-1
+7.131725E+9	+2.875653E-1	+8.959028E-1
+7.131740E+9	+2.873196E-1	+8.957723E-1
+7.131755E+9	+2.873729E-1	+8.960312E-1
+7.131770E+9	+2.874239E-1	+8.961037E-1
+7.131785E+9	+2.870140E-1	+8.971546E-1
+7.131800E+9	+2.867441E-1	+8.968864E-1
+7.131815E+9	+2.878129E-1	+8.973851E-1
+7.131830E+9	+2.881278E-1	+8.970287E-1
+7.131845E+9	+2.873615E-1	+8.961560E-1
+7.131860E+9	+2.877879E-1	+8.964731E-1
+7.131875E+9	+2.881548E-1	+8.972835E-1
+7.131890E+9	+2.877891E-1	+8.979287E-1
+7.131905E+9	+2.868739E-1	+8.977145E-1
+7.131920E+9	+2.876527E-1	+8.966895E-1
+7.131935E+9	+2.878042E-1	+8.959159E-1
+7.131950E+9	+2.884473E-1	+8.963812E-1
+7.131965E+9	+2.886469E-1	+8.969613E-1
+7.131980E+9	+2.893194E-1	+8.972451E-1
+7.131995E+9	+2.899105E-1	+8.964249E-1
+7.132010E+9	+2.899064E-1	+8.960464E-1
+7.132025E+9	+2.896660E-1	+8.968553E-1
+7.132040E+9	+2.898316E-1	+8.968826E-1
+7.132055E+9	+2.899570E-1	+8.965085E-1
+7.132070E+9	+2.902155E-1	+8.965132E-1
+7.132085E+9	+2.896813E-1	+8.970512E-1
+7.132100E+9	+2.902775E-1	+8.964981E-1
+7.132115E+9	+2.905796E-1	+8.959162E-1
+7.132130E+9	+2.906092E-1	+8.958508E-1
+7.132145E+9	+2.913420E-1	+8.959593E-1
+7.132160E+9	+2.918648E-1	+8.966574E-1
+7.132175E+9	+2.916778E-1	+8.972233E-1
+7.132190E+9	+2.913058E-1	+8.948731E-1
+7.132205E+9	+2.910469E-1	+8.942585E-1
+7.132220E+9	+2.918764E-1	+8.956847E-1
+7.132235E+9	+2.918119E-1	+8.963670E-1
+7.132250E+9	+2.910075E-1	+8.967385E-1
+7.132265E+9	+2.907646E-1	+8.965618E-1
+7.132280E+9	+2.910012E-1	+8.958149E-1
+7.132295E+9	+2.910583E-1	+8.957489E-1
+7.132310E+9	+2.927958E-1	+8.955982E-1
+7.132325E+9	+2.929472E-1	+8.950355E-1
+7.132340E+9	+2.921239E-1	+8.947126E-1
+7.132355E+9	+2.920799E-1	+8.950600E-1
+7.132370E+9	+2.928451E-1	+8.956022E-1
+7.132385E+9	+2.934583E-1	+8.955756E-1
+7.132400E+9	+2.934843E-1	+8.950093E-1
+7.132415E+9	+2.935937E-1	+8.952247E-1
+7.132430E+9	+2.934087E-1	+8.947506E-1
+7.132445E+9	+2.938535E-1	+8.943496E-1
+7.132460E+9	+2.950812E-1	+8.953031E-1
+7.132475E+9	+2.940236E-1	+8.959786E-1
+7.132490E+9	+2.945075E-1	+8.951681E-1
+7.132505E+9	+2.948164E-1	+8.946448E-1
+7.132520E+9	+2.952326E-1	+8.940673E-1
+7.132535E+9	+2.951591E-1	+8.934894E-1
+7.132550E+9	+2.944740E-1	+8.948949E-1
+7.132565E+9	+2.953337E-1	+8.943120E-1
+7.132580E+9	+2.952499E-1	+8.947758E-1
+7.132595E+9	+2.952040E-1	+8.947461E-1
+7.132610E+9	+2.958260E-1	+8.939574E-1
+7.132625E+9	+2.962038E-1	+8.927600E-1
+7.132640E+9	+2.963733E-1	+8.930572E-1
+7.132655E+9	+2.958825E-1	+8.929650E-1
+7.132670E+9	+2.948473E-1	+8.926679E-1
+7.132685E+9	+2.954731E-1	+8.938078E-1
+7.132700E+9	+2.989684E-1	+8.948839E-1
+7.132715E+9	+2.980744E-1	+8.948907E-1
+7.132730E+9	+2.975113E-1	+8.947604E-1
+7.132745E+9	+2.975957E-1	+8.939713E-1
+7.132760E+9	+2.970842E-1	+8.947449E-1
+7.132775E+9	+2.956037E-1	+8.948044E-1
+7.132790E+9	+2.976279E-1	+8.945705E-1
+7.132805E+9	+2.979824E-1	+8.930389E-1
+7.132820E+9	+2.973766E-1	+8.936514E-1
+7.132835E+9	+2.984003E-1	+8.942472E-1
+7.132850E+9	+2.980874E-1	+8.918964E-1
+7.132865E+9	+2.983087E-1	+8.916150E-1
+7.132880E+9	+2.978048E-1	+8.919605E-1
+7.132895E+9	+2.976799E-1	+8.918812E-1
+7.132910E+9	+2.986115E-1	+8.936096E-1
+7.132925E+9	+2.976849E-1	+8.939748E-1
+7.132940E+9	+2.980319E-1	+8.939971E-1
+7.132955E+9	+2.977188E-1	+8.934262E-1
+7.132970E+9	+2.976108E-1	+8.929131E-1
+7.132985E+9	+2.983785E-1	+8.927555E-1
+7.133000E+9	+2.991955E-1	+8.927412E-1
+7.133015E+9	+3.001126E-1	+8.921328E-1
+7.133030E+9	+3.003875E-1	+8.922774E-1
+7.133045E+9	+3.009646E-1	+8.926267E-1
+7.133060E+9	+3.003819E-1	+8.927549E-1
+7.133075E+9	+2.999504E-1	+8.929004E-1
+7.133090E+9	+3.002218E-1	+8.926720E-1
+7.133105E+9	+3.009229E-1	+8.916245E-1
+7.133120E+9	+3.015612E-1	+8.919955E-1
+7.133135E+9	+3.018447E-1	+8.920066E-1
+7.133150E+9	+3.007904E-1	+8.924393E-1
+7.133165E+9	+3.016764E-1	+8.926443E-1
+7.133180E+9	+3.011111E-1	+8.927121E-1
+7.133195E+9	+3.011451E-1	+8.922590E-1
+7.133210E+9	+3.015015E-1	+8.920730E-1
+7.133225E+9	+3.018410E-1	+8.917115E-1
+7.133240E+9	+3.020318E-1	+8.916569E-1
+7.133255E+9	+3.023745E-1	+8.914839E-1
+7.133270E+9	+3.024144E-1	+8.917024E-1
+7.133285E+9	+3.022285E-1	+8.924332E-1
+7.133300E+9	+3.019599E-1	+8.928159E-1
+7.133315E+9	+3.015189E-1	+8.928161E-1
+7.133330E+9	+3.015117E-1	+8.928288E-1
+7.133345E+9	+3.024266E-1	+8.923600E-1
+7.133360E+9	+3.031742E-1	+8.919894E-1
+7.133375E+9	+3.042733E-1	+8.909459E-1
+7.133390E+9	+3.045336E-1	+8.917437E-1
+7.133405E+9	+3.032513E-1	+8.914493E-1
+7.133420E+9	+3.037157E-1	+8.910548E-1
+7.133435E+9	+3.047552E-1	+8.917081E-1
+7.133450E+9	+3.051128E-1	+8.922775E-1
+7.133465E+9	+3.047377E-1	+8.916402E-1
+7.133480E+9	+3.043515E-1	+8.910407E-1
+7.133495E+9	+3.039941E-1	+8.904273E-1
+7.133510E+9	+3.046077E-1	+8.899898E-1
+7.133525E+9	+3.054620E-1	+8.903041E-1
+7.133540E+9	+3.047950E-1	+8.909634E-1
+7.133555E+9	+3.044997E-1	+8.912033E-1
+7.133570E+9	+3.054173E-1	+8.915733E-1
+7.133585E+9	+3.057828E-1	+8.913169E-1
+7.133600E+9	+3.053974E-1	+8.911927E-1
+7.133615E+9	+3.051474E-1	+8.911688E-1
+7.133630E+9	+3.053690E-1	+8.914284E-1
+7.133645E+9	+3.060170E-1	+8.910730E-1
+7.133660E+9	+3.055000E-1	+8.902941E-1
+7.133675E+9	+3.047609E-1	+8.903519E-1
+7.133690E+9	+3.050085E-1	+8.905374E-1
+7.133705E+9	+3.053304E-1	+8.904562E-1
+7.133720E+9	+3.054000E-1	+8.900046E-1
+7.133735E+9	+3.058093E-1	+8.901964E-1
+7.133750E+9	+3.061794E-1	+8.903023E-1
+7.133765E+9	+3.057924E-1	+8.893775E-1
+7.133780E+9	+3.066214E-1	+8.897018E-1
+7.133795E+9	+3.080100E-1	+8.901943E-1
+7.133810E+9	+3.084771E-1	+8.902832E-1
+7.133825E+9	+3.070598E-1	+8.898867E-1
+7.133840E+9	+3.075153E-1	+8.904817E-1
+7.133855E+9	+3.083274E-1	+8.906710E-1
+7.133870E+9	+3.090754E-1	+8.892445E-1
+7.133885E+9	+3.084435E-1	+8.891018E-1
+7.133900E+9	+3.077251E-1	+8.905845E-1
+7.133915E+9	+3.086495E-1	+8.907114E-1
+7.133930E+9	+3.100122E-1	+8.897318E-1
+7.133945E+9	+3.096397E-1	+8.900592E-1
+7.133960E+9	+3.097582E-1	+8.900700E-1
+7.133975E+9	+3.084875E-1	+8.883930E-1
+7.133990E+9	+3.088135E-1	+8.882893E-1
+7.134005E+9	+3.079807E-1	+8.890877E-1
+7.134020E+9	+3.084926E-1	+8.891143E-1
+7.134035E+9	+3.089637E-1	+8.886764E-1
+7.134050E+9	+3.091667E-1	+8.901509E-1
+7.134065E+9	+3.093441E-1	+8.894729E-1
+7.134080E+9	+3.097072E-1	+8.891024E-1
+7.134095E+9	+3.101501E-1	+8.889136E-1
+7.134110E+9	+3.104369E-1	+8.901227E-1
+7.134125E+9	+3.100932E-1	+8.900104E-1
+7.134140E+9	+3.102831E-1	+8.898838E-1
+7.134155E+9	+3.097574E-1	+8.888249E-1
+7.134170E+9	+3.102722E-1	+8.884459E-1
+7.134185E+9	+3.107928E-1	+8.890499E-1
+7.134200E+9	+3.105862E-1	+8.894769E-1
+7.134215E+9	+3.109933E-1	+8.891527E-1
+7.134230E+9	+3.117094E-1	+8.888361E-1
+7.134245E+9	+3.120151E-1	+8.892329E-1
+7.134260E+9	+3.116287E-1	+8.884407E-1
+7.134275E+9	+3.115621E-1	+8.880049E-1
+7.134290E+9	+3.117827E-1	+8.870954E-1
+7.134305E+9	+3.118580E-1	+8.869306E-1
+7.134320E+9	+3.116319E-1	+8.887664E-1
+7.134335E+9	+3.119236E-1	+8.890978E-1
+7.134350E+9	+3.128118E-1	+8.884966E-1
+7.134365E+9	+3.130140E-1	+8.883920E-1
+7.134380E+9	+3.131642E-1	+8.881113E-1
+7.134395E+9	+3.129741E-1	+8.877064E-1
+7.134410E+9	+3.124797E-1	+8.883529E-1
+7.134425E+9	+3.133554E-1	+8.883775E-1
+7.134440E+9	+3.133241E-1	+8.879823E-1
+7.134455E+9	+3.133326E-1	+8.872806E-1
+7.134470E+9	+3.141709E-1	+8.877550E-1
+7.134485E+9	+3.137470E-1	+8.883131E-1
+7.134500E+9	+3.161287E-1	+8.875242E-1
+7.134515E+9	+3.155872E-1	+8.881670E-1
+7.134530E+9	+3.140916E-1	+8.876236E-1
+7.134545E+9	+3.140205E-1	+8.872596E-1
+7.134560E+9	+3.143520E-1	+8.868226E-1
+7.134575E+9	+3.147514E-1	+8.875854E-1
+7.134590E+9	+3.158355E-1	+8.880268E-1
+7.134605E+9	+3.157979E-1	+8.891233E-1
+7.134620E+9	+3.158840E-1	+8.890975E-1
+7.134635E+9	+3.152501E-1	+8.889131E-1
+7.134650E+9	+3.153661E-1	+8.889322E-1
+7.134665E+9	+3.153306E-1	+8.880615E-1
+7.134680E+9	+3.154216E-1	+8.871844E-1
+7.134695E+9	+3.150440E-1	+8.874717E-1
+7.134710E+9	+3.158327E-1	+8.870231E-1
+7.134725E+9	+3.177226E-1	+8.864733E-1
+7.134740E+9	+3.170687E-1	+8.865481E-1
+7.134755E+9	+3.169801E-1	+8.868671E-1
+7.134770E+9	+3.170774E-1	+8.872537E-1
+7.134785E+9	+3.166877E-1	+8.881325E-1
+7.134800E+9	+3.170490E-1	+8.880362E-1
+7.134815E+9	+3.169802E-1	+8.876600E-1
+7.134830E+9	+3.168354E-1	+8.872561E-1
+7.134845E+9	+3.165891E-1	+8.869361E-1
+7.134860E+9	+3.176987E-1	+8.868155E-1
+7.134875E+9	+3.185032E-1	+8.874289E-1
+7.134890E+9	+3.181469E-1	+8.866411E-1
+7.134905E+9	+3.164047E-1	+8.863008E-1
+7.134920E+9	+3.167724E-1	+8.868131E-1
+7.134935E+9	+3.168316E-1	+8.870763E-1
+7.134950E+9	+3.177757E-1	+8.865264E-1
+7.134965E+9	+3.179662E-1	+8.861973E-1
+7.134980E+9	+3.178125E-1	+8.856553E-1
+7.134995E+9	+3.174582E-1	+8.861282E-1
+7.135010E+9	+3.184494E-1	+8.864010E-1
+7.135025E+9	+3.189503E-1	+8.863198E-1
+7.135040E+9	+3.203964E-1	+8.855552E-1
+7.135055E+9	+3.203305E-1	+8.854210E-1
+7.135070E+9	+3.204751E-1	+8.856319E-1
+7.135085E+9	+3.201739E-1	+8.854007E-1
+7.135100E+9	+3.198839E-1	+8.855609E-1
+7.135115E+9	+3.200565E-1	+8.858411E-1
+7.135130E+9	+3.211370E-1	+8.865344E-1
+7.135145E+9	+3.209967E-1	+8.861335E-1
+7.135160E+9	+3.206659E-1	+8.854368E-1
+7.135175E+9	+3.203682E-1	+8.855020E-1
+7.135190E+9	+3.205358E-1	+8.856020E-1
+7.135205E+9	+3.206751E-1	+8.859777E-1
+7.135220E+9	+3.200666E-1	+8.865216E-1
+7.135235E+9	+3.202850E-1	+8.856300E-1
+7.135250E+9	+3.212992E-1	+8.850082E-1
+7.135265E+9	+3.219422E-1	+8.848632E-1
+7.135280E+9	+3.227319E-1	+8.847464E-1
+7.135295E+9	+3.225123E-1	+8.841769E-1
+7.135310E+9	+3.225217E-1	+8.859006E-1
+7.135325E+9	+3.227581E-1	+8.861045E-1
+7.135340E+9	+3.223795E-1	+8.858351E-1
+7.135355E+9	+3.223485E-1	+8.851979E-1
+7.135370E+9	+3.221318E-1	+8.847723E-1
+7.135385E+9	+3.225859E-1	+8.848306E-1
+7.135400E+9	+3.228758E-1	+8.854247E-1
+7.135415E+9	+3.228278E-1	+8.853308E-1
+7.135430E+9	+3.231205E-1	+8.852512E-1
+7.135445E+9	+3.233861E-1	+8.849705E-1
+7.135460E+9	+3.240599E-1	+8.842661E-1
+7.135475E+9	+3.230631E-1	+8.822960E-1
+7.135490E+9	+3.239578E-1	+8.825493E-1
+7.135505E+9	+3.242689E-1	+8.835872E-1
+7.135520E+9	+3.242781E-1	+8.851276E-1
+7.135535E+9	+3.243141E-1	+8.853372E-1
+7.135550E+9	+3.242007E-1	+8.841705E-1
+7.135565E+9	+3.253302E-1	+8.846181E-1
+7.135580E+9	+3.254839E-1	+8.847477E-1
+7.135595E+9	+3.250818E-1	+8.840432E-1
+7.135610E+9	+3.246189E-1	+8.821289E-1
+7.135625E+9	+3.243782E-1	+8.829461E-1
+7.135640E+9	+3.247753E-1	+8.837002E-1
+7.135655E+9	+3.258328E-1	+8.839191E-1
+7.135670E+9	+3.263724E-1	+8.835377E-1
+7.135685E+9	+3.256742E-1	+8.841098E-1
+7.135700E+9	+3.252111E-1	+8.854607E-1
+7.135715E+9	+3.256238E-1	+8.851377E-1
+7.135730E+9	+3.275662E-1	+8.830430E-1
+7.135745E+9	+3.282855E-1	+8.845158E-1
+7.135760E+9	+3.278362E-1	+8.839727E-1
+7.135775E+9	+3.258259E-1	+8.832132E-1
+7.135790E+9	+3.264836E-1	+8.834092E-1
+7.135805E+9	+3.266263E-1	+8.830908E-1
+7.135820E+9	+3.261233E-1	+8.825785E-1
+7.135835E+9	+3.268623E-1	+8.824499E-1
+7.135850E+9	+3.272445E-1	+8.825140E-1
+7.135865E+9	+3.285463E-1	+8.817968E-1
+7.135880E+9	+3.292381E-1	+8.820172E-1
+7.135895E+9	+3.275518E-1	+8.821446E-1
+7.135910E+9	+3.273669E-1	+8.825628E-1
+7.135925E+9	+3.282509E-1	+8.827322E-1
+7.135940E+9	+3.282983E-1	+8.823363E-1
+7.135955E+9	+3.285210E-1	+8.818009E-1
+7.135970E+9	+3.289905E-1	+8.815373E-1
+7.135985E+9	+3.292331E-1	+8.825541E-1
+7.136000E+9	+3.292222E-1	+8.821919E-1
+7.136015E+9	+3.298208E-1	+8.813925E-1
+7.136030E+9	+3.299778E-1	+8.807105E-1
+7.136045E+9	+3.293547E-1	+8.810503E-1
+7.136060E+9	+3.290550E-1	+8.824220E-1
+7.136075E+9	+3.302470E-1	+8.825493E-1
+7.136090E+9	+3.305607E-1	+8.819051E-1
+7.136105E+9	+3.311941E-1	+8.820763E-1
+7.136120E+9	+3.315141E-1	+8.828375E-1
+7.136135E+9	+3.316468E-1	+8.823955E-1
+7.136150E+9	+3.288986E-1	+8.804316E-1
+7.136165E+9	+3.293094E-1	+8.806498E-1
+7.136180E+9	+3.296297E-1	+8.833300E-1
+7.136195E+9	+3.297164E-1	+8.831273E-1
+7.136210E+9	+3.305896E-1	+8.817859E-1
+7.136225E+9	+3.302560E-1	+8.818774E-1
+7.136240E+9	+3.310803E-1	+8.809717E-1
+7.136255E+9	+3.321413E-1	+8.803802E-1
+7.136270E+9	+3.315740E-1	+8.801561E-1
+7.136285E+9	+3.308678E-1	+8.805167E-1
+7.136300E+9	+3.303704E-1	+8.814742E-1
+7.136315E+9	+3.307318E-1	+8.817003E-1
+7.136330E+9	+3.309328E-1	+8.818043E-1
+7.136345E+9	+3.310569E-1	+8.812430E-1
+7.136360E+9	+3.316354E-1	+8.811750E-1
+7.136375E+9	+3.333656E-1	+8.809075E-1
+7.136390E+9	+3.333334E-1	+8.804558E-1
+7.136405E+9	+3.335817E-1	+8.803643E-1
+7.136420E+9	+3.335573E-1	+8.810453E-1
+7.136435E+9	+3.333094E-1	+8.805764E-1
+7.136450E+9	+3.329009E-1	+8.798488E-1
+7.136465E+9	+3.336786E-1	+8.798560E-1
+7.136480E+9	+3.353395E-1	+8.814045E-1
+7.136495E+9	+3.345823E-1	+8.819121E-1
+7.136510E+9	+3.334077E-1	+8.806378E-1
+7.136525E+9	+3.334075E-1	+8.784240E-1
+7.136540E+9	+3.330482E-1	+8.794157E-1
+7.136555E+9	+3.336769E-1	+8.804577E-1
+7.136570E+9	+3.346270E-1	+8.810322E-1
+7.136585E+9	+3.349354E-1	+8.804837E-1
+7.136600E+9	+3.352887E-1	+8.793769E-1
+7.136615E+9	+3.357770E-1	+8.791221E-1
+7.136630E+9	+3.353208E-1	+8.786430E-1
+7.136645E+9	+3.358906E-1	+8.781671E-1
+7.136660E+9	+3.360438E-1	+8.781225E-1
+7.136675E+9	+3.362422E-1	+8.783815E-1
+7.136690E+9	+3.354323E-1	+8.789098E-1
+7.136705E+9	+3.352726E-1	+8.795087E-1
+7.136720E+9	+3.357574E-1	+8.800817E-1
+7.136735E+9	+3.369185E-1	+8.795188E-1
+7.136750E+9	+3.369335E-1	+8.790072E-1
+7.136765E+9	+3.370265E-1	+8.797575E-1
+7.136780E+9	+3.368304E-1	+8.805024E-1
+7.136795E+9	+3.377730E-1	+8.797107E-1
+7.136810E+9	+3.381321E-1	+8.790261E-1
+7.136825E+9	+3.371531E-1	+8.799227E-1
+7.136840E+9	+3.376838E-1	+8.788794E-1
+7.136855E+9	+3.383076E-1	+8.780368E-1
+7.136870E+9	+3.388914E-1	+8.791967E-1
+7.136885E+9	+3.383802E-1	+8.795520E-1
+7.136900E+9	+3.386689E-1	+8.797220E-1
+7.136915E+9	+3.389672E-1	+8.798052E-1
+7.136930E+9	+3.394961E-1	+8.797658E-1
+7.136945E+9	+3.397997E-1	+8.794493E-1
+7.136960E+9	+3.374927E-1	+8.776623E-1
+7.136975E+9	+3.395422E-1	+8.782455E-1
+7.136990E+9	+3.399175E-1	+8.782512E-1
+7.137005E+9	+3.396057E-1	+8.800496E-1
+7.137020E+9	+3.388097E-1	+8.798889E-1
+7.137035E+9	+3.387915E-1	+8.784832E-1
+7.137050E+9	+3.402791E-1	+8.776188E-1
+7.137065E+9	+3.404943E-1	+8.785901E-1
+7.137080E+9	+3.404265E-1	+8.791505E-1
+7.137095E+9	+3.405209E-1	+8.779973E-1
+7.137110E+9	+3.401709E-1	+8.770230E-1
+7.137125E+9	+3.390228E-1	+8.770692E-1
+7.137140E+9	+3.395544E-1	+8.781880E-1
+7.137155E+9	+3.391959E-1	+8.791484E-1
+7.137170E+9	+3.393553E-1	+8.783255E-1
+7.137185E+9	+3.404439E-1	+8.770553E-1
+7.137200E+9	+3.416430E-1	+8.778083E-1
+7.137215E+9	+3.414208E-1	+8.779930E-1
+7.137230E+9	+3.402412E-1	+8.771367E-1
+7.137245E+9	+3.402106E-1	+8.768093E-1
+7.137260E+9	+3.409398E-1	+8.766590E-1
+7.137275E+9	+3.408659E-1	+8.776599E-1
+7.137290E+9	+3.416397E-1	+8.777625E-1
+7.137305E+9	+3.425289E-1	+8.774911E-1
+7.137320E+9	+3.434349E-1	+8.772423E-1
+7.137335E+9	+3.429291E-1	+8.782210E-1
+7.137350E+9	+3.421836E-1	+8.784757E-1
+7.137365E+9	+3.423468E-1	+8.780329E-1
+7.137380E+9	+3.434678E-1	+8.754574E-1
+7.137395E+9	+3.441797E-1	+8.756274E-1
+7.137410E+9	+3.445182E-1	+8.774270E-1
+7.137425E+9	+3.448732E-1	+8.766256E-1
+7.137440E+9	+3.450897E-1	+8.768686E-1
+7.137455E+9	+3.443156E-1	+8.764202E-1
+7.137470E+9	+3.445930E-1	+8.759541E-1
+7.137485E+9	+3.442041E-1	+8.761122E-1
+7.137500E+9	+3.435314E-1	+8.773975E-1
+7.137515E+9	+3.439816E-1	+8.774227E-1
+7.137530E+9	+3.445262E-1	+8.771338E-1
+7.137545E+9	+3.449386E-1	+8.766362E-1
+7.137560E+9	+3.449817E-1	+8.761424E-1
+7.137575E+9	+3.439053E-1	+8.759111E-1
+7.137590E+9	+3.450188E-1	+8.755391E-1
+7.137605E+9	+3.454944E-1	+8.748271E-1
+7.137620E+9	+3.453197E-1	+8.750564E-1
+7.137635E+9	+3.450892E-1	+8.749055E-1
+7.137650E+9	+3.451148E-1	+8.757612E-1
+7.137665E+9	+3.458653E-1	+8.759904E-1
+7.137680E+9	+3.464592E-1	+8.762146E-1
+7.137695E+9	+3.465624E-1	+8.766423E-1
+7.137710E+9	+3.469654E-1	+8.757030E-1
+7.137725E+9	+3.465934E-1	+8.754840E-1
+7.137740E+9	+3.474292E-1	+8.763361E-1
+7.137755E+9	+3.476402E-1	+8.765239E-1
+7.137770E+9	+3.482158E-1	+8.759493E-1
+7.137785E+9	+3.472066E-1	+8.757347E-1
+7.137800E+9	+3.472071E-1	+8.754974E-1
+7.137815E+9	+3.470915E-1	+8.751059E-1
+7.137830E+9	+3.468287E-1	+8.735473E-1
+7.137845E+9	+3.482748E-1	+8.734094E-1
+7.137860E+9	+3.487249E-1	+8.731395E-1
+7.137875E+9	+3.474932E-1	+8.738097E-1
+7.137890E+9	+3.473537E-1	+8.746605E-1
+7.137905E+9	+3.477627E-1	+8.751383E-1
+7.137920E+9	+3.482201E-1	+8.746519E-1
+7.137935E+9	+3.481099E-1	+8.748978E-1
+7.137950E+9	+3.477430E-1	+8.747859E-1
+7.137965E+9	+3.481751E-1	+8.738185E-1
+7.137980E+9	+3.482428E-1	+8.729452E-1
+7.137995E+9	+3.481830E-1	+8.728704E-1
+7.138010E+9	+3.476021E-1	+8.739901E-1
+7.138025E+9	+3.485550E-1	+8.743816E-1
+7.138040E+9	+3.491160E-1	+8.739869E-1
+7.138055E+9	+3.494416E-1	+8.740230E-1
+7.138070E+9	+3.500026E-1	+8.749643E-1
+7.138085E+9	+3.497500E-1	+8.757939E-1
+7.138100E+9	+3.522614E-1	+8.745574E-1
+7.138115E+9	+3.505656E-1	+8.738194E-1
+7.138130E+9	+3.497297E-1	+8.739481E-1
+7.138145E+9	+3.496407E-1	+8.743070E-1
+7.138160E+9	+3.497562E-1	+8.737399E-1
+7.138175E+9	+3.503363E-1	+8.728507E-1
+7.138190E+9	+3.507751E-1	+8.730134E-1
+7.138205E+9	+3.507256E-1	+8.732826E-1
+7.138220E+9	+3.509896E-1	+8.739491E-1
+7.138235E+9	+3.517143E-1	+8.744996E-1
+7.138250E+9	+3.519562E-1	+8.731648E-1
+7.138265E+9	+3.518666E-1	+8.733927E-1
+7.138280E+9	+3.516448E-1	+8.731350E-1
+7.138295E+9	+3.515895E-1	+8.729158E-1
+7.138310E+9	+3.523406E-1	+8.740024E-1
+7.138325E+9	+3.516666E-1	+8.741405E-1
+7.138340E+9	+3.509410E-1	+8.742207E-1
+7.138355E+9	+3.504033E-1	+8.738616E-1
+7.138370E+9	+3.513698E-1	+8.728153E-1
+7.138385E+9	+3.533978E-1	+8.732117E-1
+7.138400E+9	+3.530108E-1	+8.727928E-1
+7.138415E+9	+3.529245E-1	+8.727313E-1
+7.138430E+9	+3.527925E-1	+8.715389E-1
+7.138445E+9	+3.531669E-1	+8.710802E-1
+7.138460E+9	+3.535913E-1	+8.719785E-1
+7.138475E+9	+3.548985E-1	+8.727006E-1
+7.138490E+9	+3.551489E-1	+8.728246E-1
+7.138505E+9	+3.550715E-1	+8.728441E-1
+7.138520E+9	+3.537584E-1	+8.737603E-1
+7.138535E+9	+3.538279E-1	+8.738872E-1
+7.138550E+9	+3.542790E-1	+8.729792E-1
+7.138565E+9	+3.537084E-1	+8.719868E-1
+7.138580E+9	+3.542167E-1	+8.712598E-1
+7.138595E+9	+3.562519E-1	+8.716826E-1
+7.138610E+9	+3.558318E-1	+8.728978E-1
+7.138625E+9	+3.552589E-1	+8.720650E-1
+7.138640E+9	+3.551324E-1	+8.717976E-1
+7.138655E+9	+3.552827E-1	+8.720140E-1
+7.138670E+9	+3.559346E-1	+8.723244E-1
+7.138685E+9	+3.567895E-1	+8.710002E-1
+7.138700E+9	+3.549484E-1	+8.700592E-1
+7.138715E+9	+3.565379E-1	+8.706572E-1
+7.138730E+9	+3.562223E-1	+8.733733E-1
+7.138745E+9	+3.567165E-1	+8.720964E-1
+7.138760E+9	+3.566745E-1	+8.710313E-1
+7.138775E+9	+3.554378E-1	+8.707054E-1
+7.138790E+9	+3.559752E-1	+8.708531E-1
+7.138805E+9	+3.563690E-1	+8.709391E-1
+7.138820E+9	+3.567816E-1	+8.704066E-1
+7.138835E+9	+3.574014E-1	+8.706609E-1
+7.138850E+9	+3.579824E-1	+8.707915E-1
+7.138865E+9	+3.586017E-1	+8.706479E-1
+7.138880E+9	+3.583998E-1	+8.700974E-1
+7.138895E+9	+3.578528E-1	+8.701359E-1
+7.138910E+9	+3.582675E-1	+8.706643E-1
+7.138925E+9	+3.582204E-1	+8.714895E-1
+7.138940E+9	+3.582383E-1	+8.712372E-1
+7.138955E+9	+3.583277E-1	+8.709785E-1
+7.138970E+9	+3.591182E-1	+8.703727E-1
+7.138985E+9	+3.596060E-1	+8.698688E-1
+7.139000E+9	+3.580918E-1	+8.702356E-1
+7.139015E+9	+3.586609E-1	+8.708999E-1
+7.139030E+9	+3.591709E-1	+8.713951E-1
+7.139045E+9	+3.595249E-1	+8.714067E-1
+7.139060E+9	+3.600217E-1	+8.702191E-1
+7.139075E+9	+3.604120E-1	+8.711297E-1
+7.139090E+9	+3.603008E-1	+8.716215E-1
+7.139105E+9	+3.588985E-1	+8.708099E-1
+7.139120E+9	+3.600338E-1	+8.704848E-1
+7.139135E+9	+3.607366E-1	+8.693463E-1
+7.139150E+9	+3.607791E-1	+8.685838E-1
+7.139165E+9	+3.607221E-1	+8.689311E-1
+7.139180E+9	+3.605813E-1	+8.688628E-1
+7.139195E+9	+3.610254E-1	+8.688875E-1
+7.139210E+9	+3.607693E-1	+8.716333E-1
+7.139225E+9	+3.595499E-1	+8.708718E-1
+7.139240E+9	+3.597000E-1	+8.703824E-1
+7.139255E+9	+3.610711E-1	+8.696216E-1
+7.139270E+9	+3.608635E-1	+8.708308E-1
+7.139285E+9	+3.616875E-1	+8.711277E-1
+7.139300E+9	+3.630455E-1	+8.690066E-1
+7.139315E+9	+3.630376E-1	+8.692578E-1
+7.139330E+9	+3.628497E-1	+8.697937E-1
+7.139345E+9	+3.627915E-1	+8.696953E-1
+7.139360E+9	+3.631302E-1	+8.686908E-1
+7.139375E+9	+3.625621E-1	+8.664268E-1
+7.139390E+9	+3.629417E-1	+8.677579E-1
+7.139405E+9	+3.625435E-1	+8.689518E-1
+7.139420E+9	+3.628390E-1	+8.686726E-1
+7.139435E+9	+3.638125E-1	+8.682651E-1
+7.139450E+9	+3.650103E-1	+8.680931E-1
+7.139465E+9	+3.647050E-1	+8.683694E-1
+7.139480E+9	+3.639338E-1	+8.684858E-1
+7.139495E+9	+3.626742E-1	+8.679511E-1
+7.139510E+9	+3.627347E-1	+8.663414E-1
+7.139525E+9	+3.643672E-1	+8.672973E-1
+7.139540E+9	+3.660806E-1	+8.673782E-1
+7.139555E+9	+3.667390E-1	+8.679587E-1
+7.139570E+9	+3.662622E-1	+8.681766E-1
+7.139585E+9	+3.652033E-1	+8.682291E-1
+7.139600E+9	+3.645555E-1	+8.679104E-1
+7.139615E+9	+3.652267E-1	+8.672200E-1
+7.139630E+9	+3.665160E-1	+8.679845E-1
+7.139645E+9	+3.661510E-1	+8.682349E-1
+7.139660E+9	+3.651885E-1	+8.675921E-1
+7.139675E+9	+3.667903E-1	+8.676058E-1
+7.139690E+9	+3.668941E-1	+8.679044E-1
+7.139705E+9	+3.664612E-1	+8.667672E-1
+7.139720E+9	+3.675983E-1	+8.658267E-1
+7.139735E+9	+3.667658E-1	+8.668078E-1
+7.139750E+9	+3.667429E-1	+8.671887E-1
+7.139765E+9	+3.667441E-1	+8.671791E-1
+7.139780E+9	+3.669512E-1	+8.681134E-1
+7.139795E+9	+3.668050E-1	+8.669133E-1
+7.139810E+9	+3.666618E-1	+8.669713E-1
+7.139825E+9	+3.667996E-1	+8.673350E-1
+7.139840E+9	+3.675627E-1	+8.677235E-1
+7.139855E+9	+3.685084E-1	+8.668874E-1
+7.139870E+9	+3.686683E-1	+8.677530E-1
+7.139885E+9	+3.683862E-1	+8.679277E-1
+7.139900E+9	+3.674582E-1	+8.674830E-1
+7.139915E+9	+3.681682E-1	+8.676164E-1
+7.139930E+9	+3.682393E-1	+8.671167E-1
+7.139945E+9	+3.683068E-1	+8.669221E-1
+7.139960E+9	+3.688685E-1	+8.662959E-1
+7.139975E+9	+3.684767E-1	+8.666243E-1
+7.139990E+9	+3.686736E-1	+8.662518E-1
+7.140005E+9	+3.688258E-1	+8.655829E-1
+7.140020E+9	+3.688711E-1	+8.649056E-1
+7.140035E+9	+3.701189E-1	+8.637164E-1
+7.140050E+9	+3.687899E-1	+8.640682E-1
+7.140065E+9	+3.694492E-1	+8.645117E-1
+7.140080E+9	+3.698872E-1	+8.654809E-1
+7.140095E+9	+3.695150E-1	+8.648571E-1
+7.140110E+9	+3.702186E-1	+8.652387E-1
+7.140125E+9	+3.709001E-1	+8.669320E-1
+7.140140E+9	+3.703659E-1	+8.672397E-1
+7.140155E+9	+3.698830E-1	+8.669024E-1
+7.140170E+9	+3.707256E-1	+8.657342E-1
+7.140185E+9	+3.713528E-1	+8.660577E-1
+7.140200E+9	+3.719510E-1	+8.653669E-1
+7.140215E+9	+3.717930E-1	+8.650985E-1
+7.140230E+9	+3.716870E-1	+8.646154E-1
+7.140245E+9	+3.720200E-1	+8.644500E-1
+7.140260E+9	+3.726774E-1	+8.646805E-1
+7.140275E+9	+3.726491E-1	+8.653890E-1
+7.140290E+9	+3.727659E-1	+8.648187E-1
+7.140305E+9	+3.722920E-1	+8.636495E-1
+7.140320E+9	+3.723082E-1	+8.643768E-1
+7.140335E+9	+3.733897E-1	+8.646609E-1
+7.140350E+9	+3.738799E-1	+8.662054E-1
+7.140365E+9	+3.721564E-1	+8.644434E-1
+7.140380E+9	+3.711340E-1	+8.634700E-1
+7.140395E+9	+3.714168E-1	+8.639350E-1
+7.140410E+9	+3.741116E-1	+8.636417E-1
+7.140425E+9	+3.741836E-1	+8.629464E-1
+7.140440E+9	+3.748660E-1	+8.639610E-1
+7.140455E+9	+3.751156E-1	+8.647157E-1
+7.140470E+9	+3.758053E-1	+8.642871E-1
+7.140485E+9	+3.754303E-1	+8.634931E-1
+7.140500E+9	+3.743361E-1	+8.631204E-1
+7.140515E+9	+3.752454E-1	+8.639306E-1
+7.140530E+9	+3.760687E-1	+8.646083E-1
+7.140545E+9	+3.751934E-1	+8.644025E-1
+7.140560E+9	+3.753873E-1	+8.627159E-1
+7.140575E+9	+3.764824E-1	+8.608657E-1
+7.140590E+9	+3.774382E-1	+8.617359E-1
+7.140605E+9	+3.763897E-1	+8.635081E-1
+7.140620E+9	+3.764200E-1	+8.617206E-1
+7.140635E+9	+3.757026E-1	+8.620712E-1
+7.140650E+9	+3.772694E-1	+8.638019E-1
+7.140665E+9	+3.772435E-1	+8.637797E-1
+7.140680E+9	+3.772793E-1	+8.641376E-1
+7.140695E+9	+3.763527E-1	+8.639983E-1
+7.140710E+9	+3.763106E-1	+8.623265E-1
+7.140725E+9	+3.764155E-1	+8.607444E-1
+7.140740E+9	+3.768070E-1	+8.615687E-1
+7.140755E+9	+3.774727E-1	+8.621763E-1
+7.140770E+9	+3.777701E-1	+8.623420E-1
+7.140785E+9	+3.773403E-1	+8.621210E-1
+7.140800E+9	+3.777655E-1	+8.614207E-1
+7.140815E+9	+3.782021E-1	+8.621330E-1
+7.140830E+9	+3.782413E-1	+8.621559E-1
+7.140845E+9	+3.782855E-1	+8.614215E-1
+7.140860E+9	+3.784709E-1	+8.621880E-1
+7.140875E+9	+3.785224E-1	+8.641523E-1
+7.140890E+9	+3.795549E-1	+8.635776E-1
+7.140905E+9	+3.791458E-1	+8.619382E-1
+7.140920E+9	+3.790349E-1	+8.620545E-1
+7.140935E+9	+3.781693E-1	+8.622156E-1
+7.140950E+9	+3.778874E-1	+8.623697E-1
+7.140965E+9	+3.789460E-1	+8.627782E-1
+7.140980E+9	+3.804034E-1	+8.618763E-1
+7.140995E+9	+3.797447E-1	+8.617314E-1
+7.141010E+9	+3.800457E-1	+8.609087E-1
+7.141025E+9	+3.808270E-1	+8.612360E-1
+7.141040E+9	+3.811465E-1	+8.610659E-1
+7.141055E+9	+3.801748E-1	+8.613044E-1
+7.141070E+9	+3.806220E-1	+8.605191E-1
+7.141085E+9	+3.805940E-1	+8.605663E-1
+7.141100E+9	+3.812086E-1	+8.628948E-1
+7.141115E+9	+3.806133E-1	+8.630547E-1
+7.141130E+9	+3.802788E-1	+8.606722E-1
+7.141145E+9	+3.804846E-1	+8.604004E-1
+7.141160E+9	+3.813250E-1	+8.601565E-1
+7.141175E+9	+3.823212E-1	+8.598291E-1
+7.141190E+9	+3.828488E-1	+8.598549E-1
+7.141205E+9	+3.815442E-1	+8.610747E-1
+7.141220E+9	+3.810941E-1	+8.599372E-1
+7.141235E+9	+3.816259E-1	+8.606309E-1
+7.141250E+9	+3.834936E-1	+8.603046E-1
+7.141265E+9	+3.823409E-1	+8.601428E-1
+7.141280E+9	+3.817690E-1	+8.592786E-1
+7.141295E+9	+3.821587E-1	+8.586484E-1
+7.141310E+9	+3.834086E-1	+8.590470E-1
+7.141325E+9	+3.833411E-1	+8.593037E-1
+7.141340E+9	+3.835961E-1	+8.592620E-1
+7.141355E+9	+3.839332E-1	+8.597400E-1
+7.141370E+9	+3.841295E-1	+8.603902E-1
+7.141385E+9	+3.836091E-1	+8.604579E-1
+7.141400E+9	+3.836384E-1	+8.603880E-1
+7.141415E+9	+3.839173E-1	+8.597678E-1
+7.141430E+9	+3.840489E-1	+8.589483E-1
+7.141445E+9	+3.840954E-1	+8.582551E-1
+7.141460E+9	+3.843459E-1	+8.582147E-1
+7.141475E+9	+3.842746E-1	+8.589301E-1
+7.141490E+9	+3.842820E-1	+8.589006E-1
+7.141505E+9	+3.849072E-1	+8.593230E-1
+7.141520E+9	+3.857105E-1	+8.599730E-1
+7.141535E+9	+3.852875E-1	+8.599604E-1
+7.141550E+9	+3.845953E-1	+8.589351E-1
+7.141565E+9	+3.845979E-1	+8.595858E-1
+7.141580E+9	+3.843444E-1	+8.597615E-1
+7.141595E+9	+3.841102E-1	+8.588540E-1
+7.141610E+9	+3.841573E-1	+8.586272E-1
+7.141625E+9	+3.851279E-1	+8.596930E-1
+7.141640E+9	+3.857048E-1	+8.599157E-1
+7.141655E+9	+3.867235E-1	+8.599294E-1
+7.141670E+9	+3.871327E-1	+8.597543E-1
+7.141685E+9	+3.879948E-1	+8.591869E-1
+7.141700E+9	+3.883651E-1	+8.584391E-1
+7.141715E+9	+3.879015E-1	+8.579248E-1
+7.141730E+9	+3.877460E-1	+8.574128E-1
+7.141745E+9	+3.869344E-1	+8.572063E-1
+7.141760E+9	+3.866312E-1	+8.581837E-1
+7.141775E+9	+3.875701E-1	+8.583161E-1
+7.141790E+9	+3.884000E-1	+8.583923E-1
+7.141805E+9	+3.886079E-1	+8.584326E-1
+7.141820E+9	+3.871391E-1	+8.584285E-1
+7.141835E+9	+3.868615E-1	+8.585777E-1
+7.141850E+9	+3.887796E-1	+8.570409E-1
+7.141865E+9	+3.886143E-1	+8.566110E-1
+7.141880E+9	+3.877615E-1	+8.557947E-1
+7.141895E+9	+3.881511E-1	+8.553885E-1
+7.141910E+9	+3.884522E-1	+8.553613E-1
+7.141925E+9	+3.896165E-1	+8.566529E-1
+7.141940E+9	+3.905509E-1	+8.567915E-1
+7.141955E+9	+3.909092E-1	+8.571061E-1
+7.141970E+9	+3.909897E-1	+8.567948E-1
+7.141985E+9	+3.906049E-1	+8.559701E-1
+7.142000E+9	+3.899802E-1	+8.568146E-1
+7.142015E+9	+3.896613E-1	+8.562915E-1
+7.142030E+9	+3.893234E-1	+8.564757E-1
+7.142045E+9	+3.894960E-1	+8.563777E-1
+7.142060E+9	+3.898038E-1	+8.556242E-1
+7.142075E+9	+3.900350E-1	+8.551039E-1
+7.142090E+9	+3.903629E-1	+8.563034E-1
+7.142105E+9	+3.912026E-1	+8.568481E-1
+7.142120E+9	+3.902553E-1	+8.563495E-1
+7.142135E+9	+3.910736E-1	+8.564534E-1
+7.142150E+9	+3.910391E-1	+8.564613E-1
+7.142165E+9	+3.914798E-1	+8.559450E-1
+7.142180E+9	+3.922635E-1	+8.560530E-1
+7.142195E+9	+3.927332E-1	+8.565804E-1
+7.142210E+9	+3.930396E-1	+8.553961E-1
+7.142225E+9	+3.924039E-1	+8.539556E-1
+7.142240E+9	+3.933216E-1	+8.542679E-1
+7.142255E+9	+3.941789E-1	+8.552240E-1
+7.142270E+9	+3.933983E-1	+8.552423E-1
+7.142285E+9	+3.933524E-1	+8.543133E-1
+7.142300E+9	+3.912617E-1	+8.542878E-1
+7.142315E+9	+3.926720E-1	+8.549921E-1
+7.142330E+9	+3.932609E-1	+8.548568E-1
+7.142345E+9	+3.923525E-1	+8.551074E-1
+7.142360E+9	+3.926049E-1	+8.538764E-1
+7.142375E+9	+3.943415E-1	+8.538173E-1
+7.142390E+9	+3.940242E-1	+8.532186E-1
+7.142405E+9	+3.928517E-1	+8.543849E-1
+7.142420E+9	+3.933817E-1	+8.544441E-1
+7.142435E+9	+3.954284E-1	+8.526163E-1
+7.142450E+9	+3.956872E-1	+8.529254E-1
+7.142465E+9	+3.950251E-1	+8.528684E-1
+7.142480E+9	+3.934366E-1	+8.546584E-1
+7.142495E+9	+3.953628E-1	+8.553401E-1
+7.142510E+9	+3.963535E-1	+8.559169E-1
+7.142525E+9	+3.970521E-1	+8.553315E-1
+7.142540E+9	+3.964773E-1	+8.551849E-1
+7.142555E+9	+3.955440E-1	+8.549258E-1
+7.142570E+9	+3.953705E-1	+8.539759E-1
+7.142585E+9	+3.951151E-1	+8.534582E-1
+7.142600E+9	+3.954675E-1	+8.524458E-1
+7.142615E+9	+3.954966E-1	+8.520838E-1
+7.142630E+9	+3.964047E-1	+8.537106E-1
+7.142645E+9	+3.957995E-1	+8.540611E-1
+7.142660E+9	+3.960338E-1	+8.545901E-1
+7.142675E+9	+3.958923E-1	+8.547168E-1
+7.142690E+9	+3.970925E-1	+8.540978E-1
+7.142705E+9	+3.981220E-1	+8.533749E-1
+7.142720E+9	+3.984145E-1	+8.536824E-1
+7.142735E+9	+3.986773E-1	+8.538667E-1
+7.142750E+9	+3.981145E-1	+8.536848E-1
+7.142765E+9	+3.975723E-1	+8.532177E-1
+7.142780E+9	+3.973805E-1	+8.527363E-1
+7.142795E+9	+3.974703E-1	+8.519952E-1
+7.142810E+9	+3.984313E-1	+8.517432E-1
+7.142825E+9	+3.992056E-1	+8.515194E-1
+7.142840E+9	+3.993206E-1	+8.516995E-1
+7.142855E+9	+3.964788E-1	+8.527889E-1
+7.142870E+9	+3.969190E-1	+8.530862E-1
+7.142885E+9	+4.001611E-1	+8.525562E-1
+7.142900E+9	+3.994622E-1	+8.509664E-1
+7.142915E+9	+3.996216E-1	+8.508701E-1
+7.142930E+9	+4.003230E-1	+8.525313E-1
+7.142945E+9	+4.006666E-1	+8.523641E-1
+7.142960E+9	+3.999306E-1	+8.515383E-1
+7.142975E+9	+3.986579E-1	+8.504285E-1
+7.142990E+9	+3.985689E-1	+8.507057E-1
+7.143005E+9	+3.990517E-1	+8.512828E-1
+7.143020E+9	+3.999785E-1	+8.521522E-1
+7.143035E+9	+3.997129E-1	+8.523637E-1
+7.143050E+9	+4.018758E-1	+8.491770E-1
+7.143065E+9	+4.016640E-1	+8.517527E-1
+7.143080E+9	+4.015461E-1	+8.528951E-1
+7.143095E+9	+4.019728E-1	+8.521152E-1
+7.143110E+9	+4.015961E-1	+8.512266E-1
+7.143125E+9	+4.014773E-1	+8.516561E-1
+7.143140E+9	+4.014414E-1	+8.512747E-1
+7.143155E+9	+4.021900E-1	+8.510718E-1
+7.143170E+9	+4.024092E-1	+8.511638E-1
+7.143185E+9	+4.020823E-1	+8.513634E-1
+7.143200E+9	+4.029438E-1	+8.532847E-1
+7.143215E+9	+4.022479E-1	+8.527125E-1
+7.143230E+9	+4.020876E-1	+8.512036E-1
+7.143245E+9	+4.019690E-1	+8.506957E-1
+7.143260E+9	+4.028660E-1	+8.501029E-1
+7.143275E+9	+4.034868E-1	+8.509417E-1
+7.143290E+9	+4.031456E-1	+8.505817E-1
+7.143305E+9	+4.036331E-1	+8.502187E-1
+7.143320E+9	+4.037302E-1	+8.500606E-1
+7.143335E+9	+4.031698E-1	+8.500629E-1
+7.143350E+9	+4.031727E-1	+8.504111E-1
+7.143365E+9	+4.037752E-1	+8.501704E-1
+7.143380E+9	+4.044704E-1	+8.496313E-1
+7.143395E+9	+4.046694E-1	+8.492811E-1
+7.143410E+9	+4.033132E-1	+8.484980E-1
+7.143425E+9	+4.042623E-1	+8.484934E-1
+7.143440E+9	+4.048992E-1	+8.482294E-1
+7.143455E+9	+4.052586E-1	+8.499486E-1
+7.143470E+9	+4.056393E-1	+8.501702E-1
+7.143485E+9	+4.058111E-1	+8.494614E-1
+7.143500E+9	+4.057366E-1	+8.489170E-1
+7.143515E+9	+4.054450E-1	+8.494056E-1
+7.143530E+9	+4.050636E-1	+8.492038E-1
+7.143545E+9	+4.052455E-1	+8.488332E-1
+7.143560E+9	+4.061728E-1	+8.489583E-1
+7.143575E+9	+4.075471E-1	+8.490309E-1
+7.143590E+9	+4.063680E-1	+8.483736E-1
+7.143605E+9	+4.057526E-1	+8.490286E-1
+7.143620E+9	+4.061677E-1	+8.494927E-1
+7.143635E+9	+4.065252E-1	+8.495145E-1
+7.143650E+9	+4.077962E-1	+8.487416E-1
+7.143665E+9	+4.082744E-1	+8.484668E-1
+7.143680E+9	+4.069151E-1	+8.489635E-1
+7.143695E+9	+4.073419E-1	+8.484952E-1
+7.143710E+9	+4.072604E-1	+8.485649E-1
+7.143725E+9	+4.070566E-1	+8.477542E-1
+7.143740E+9	+4.074492E-1	+8.474716E-1
+7.143755E+9	+4.093586E-1	+8.485140E-1
+7.143770E+9	+4.094488E-1	+8.478100E-1
+7.143785E+9	+4.093169E-1	+8.472108E-1
+7.143800E+9	+4.085551E-1	+8.468295E-1
+7.143815E+9	+4.091857E-1	+8.472889E-1
+7.143830E+9	+4.091910E-1	+8.472554E-1
+7.143845E+9	+4.088796E-1	+8.465560E-1
+7.143860E+9	+4.088503E-1	+8.472724E-1
+7.143875E+9	+4.086475E-1	+8.490446E-1
+7.143890E+9	+4.089349E-1	+8.493245E-1
+7.143905E+9	+4.086602E-1	+8.484236E-1
+7.143920E+9	+4.083444E-1	+8.475637E-1
+7.143935E+9	+4.098594E-1	+8.468678E-1
+7.143950E+9	+4.114036E-1	+8.480938E-1
+7.143965E+9	+4.118394E-1	+8.488657E-1
+7.143980E+9	+4.111181E-1	+8.495866E-1
+7.143995E+9	+4.100035E-1	+8.490577E-1
+7.144010E+9	+4.095103E-1	+8.466401E-1
+7.144025E+9	+4.119890E-1	+8.442135E-1
+7.144040E+9	+4.118225E-1	+8.450545E-1
+7.144055E+9	+4.121784E-1	+8.471106E-1
+7.144070E+9	+4.123582E-1	+8.475903E-1
+7.144085E+9	+4.123564E-1	+8.474107E-1
+7.144100E+9	+4.107949E-1	+8.465907E-1
+7.144115E+9	+4.129001E-1	+8.461518E-1
+7.144130E+9	+4.127007E-1	+8.466171E-1
+7.144145E+9	+4.124823E-1	+8.465419E-1
+7.144160E+9	+4.130995E-1	+8.459758E-1
+7.144175E+9	+4.128227E-1	+8.459422E-1
+7.144190E+9	+4.124998E-1	+8.458840E-1
+7.144205E+9	+4.122608E-1	+8.453230E-1
+7.144220E+9	+4.116561E-1	+8.447483E-1
+7.144235E+9	+4.119556E-1	+8.442982E-1
+7.144250E+9	+4.127991E-1	+8.440750E-1
+7.144265E+9	+4.124130E-1	+8.440335E-1
+7.144280E+9	+4.122746E-1	+8.454768E-1
+7.144295E+9	+4.140630E-1	+8.460144E-1
+7.144310E+9	+4.152245E-1	+8.452317E-1
+7.144325E+9	+4.137069E-1	+8.433899E-1
+7.144340E+9	+4.140725E-1	+8.441552E-1
+7.144355E+9	+4.134907E-1	+8.459122E-1
+7.144370E+9	+4.136618E-1	+8.458483E-1
+7.144385E+9	+4.139838E-1	+8.438379E-1
+7.144400E+9	+4.157938E-1	+8.450499E-1
+7.144415E+9	+4.156577E-1	+8.448852E-1
+7.144430E+9	+4.153209E-1	+8.445721E-1
+7.144445E+9	+4.149312E-1	+8.444546E-1
+7.144460E+9	+4.146089E-1	+8.446164E-1
+7.144475E+9	+4.148668E-1	+8.448048E-1
+7.144490E+9	+4.151969E-1	+8.446572E-1
+7.144505E+9	+4.158341E-1	+8.448916E-1
+7.144520E+9	+4.166976E-1	+8.452269E-1
+7.144535E+9	+4.165401E-1	+8.441439E-1
+7.144550E+9	+4.161220E-1	+8.432915E-1
+7.144565E+9	+4.168646E-1	+8.434590E-1
+7.144580E+9	+4.170082E-1	+8.427585E-1
+7.144595E+9	+4.173407E-1	+8.431474E-1
+7.144610E+9	+4.173152E-1	+8.430649E-1
+7.144625E+9	+4.162520E-1	+8.429838E-1
+7.144640E+9	+4.169098E-1	+8.424348E-1
+7.144655E+9	+4.175186E-1	+8.424431E-1
+7.144670E+9	+4.178619E-1	+8.426920E-1
+7.144685E+9	+4.181423E-1	+8.425890E-1
+7.144700E+9	+4.182909E-1	+8.428569E-1
+7.144715E+9	+4.182782E-1	+8.427720E-1
+7.144730E+9	+4.185377E-1	+8.426492E-1
+7.144745E+9	+4.188014E-1	+8.417083E-1
+7.144760E+9	+4.191033E-1	+8.414938E-1
+7.144775E+9	+4.185570E-1	+8.439907E-1
+7.144790E+9	+4.187039E-1	+8.427434E-1
+7.144805E+9	+4.186497E-1	+8.410670E-1
+7.144820E+9	+4.198075E-1	+8.400708E-1
+7.144835E+9	+4.201938E-1	+8.392496E-1
+7.144850E+9	+4.178497E-1	+8.423501E-1
+7.144865E+9	+4.195978E-1	+8.432539E-1
+7.144880E+9	+4.208419E-1	+8.429464E-1
+7.144895E+9	+4.205134E-1	+8.417585E-1
+7.144910E+9	+4.195717E-1	+8.413987E-1
+7.144925E+9	+4.183261E-1	+8.411578E-1
+7.144940E+9	+4.190632E-1	+8.410276E-1
+7.144955E+9	+4.193060E-1	+8.411578E-1
+7.144970E+9	+4.205208E-1	+8.410906E-1
+7.144985E+9	+4.212306E-1	+8.417189E-1
+7.145000E+9	+4.220707E-1	+8.427342E-1
+7.145015E+9	+4.219066E-1	+8.423992E-1
+7.145030E+9	+4.207866E-1	+8.411226E-1
+7.145045E+9	+4.212891E-1	+8.418913E-1
+7.145060E+9	+4.211121E-1	+8.421633E-1
+7.145075E+9	+4.231255E-1	+8.419996E-1
+7.145090E+9	+4.224360E-1	+8.419627E-1
+7.145105E+9	+4.223937E-1	+8.410780E-1
+7.145120E+9	+4.226571E-1	+8.397941E-1
+7.145135E+9	+4.226795E-1	+8.395792E-1
+7.145150E+9	+4.220140E-1	+8.415123E-1
+7.145165E+9	+4.219861E-1	+8.414746E-1
+7.145180E+9	+4.217459E-1	+8.406248E-1
+7.145195E+9	+4.209073E-1	+8.399498E-1
+7.145210E+9	+4.216396E-1	+8.385591E-1
+7.145225E+9	+4.247374E-1	+8.382772E-1
+7.145240E+9	+4.248108E-1	+8.392945E-1
+7.145255E+9	+4.245391E-1	+8.400605E-1
+7.145270E+9	+4.249792E-1	+8.396714E-1
+7.145285E+9	+4.242004E-1	+8.392072E-1
+7.145300E+9	+4.237075E-1	+8.384235E-1
+7.145315E+9	+4.239427E-1	+8.388147E-1
+7.145330E+9	+4.237621E-1	+8.394932E-1
+7.145345E+9	+4.239143E-1	+8.399929E-1
+7.145360E+9	+4.249299E-1	+8.401893E-1
+7.145375E+9	+4.259319E-1	+8.398385E-1
+7.145390E+9	+4.250976E-1	+8.389753E-1
+7.145405E+9	+4.238867E-1	+8.380108E-1
+7.145420E+9	+4.251852E-1	+8.386663E-1
+7.145435E+9	+4.255393E-1	+8.382274E-1
+7.145450E+9	+4.255157E-1	+8.379361E-1
+7.145465E+9	+4.249908E-1	+8.379455E-1
+7.145480E+9	+4.245041E-1	+8.385147E-1
+7.145495E+9	+4.253534E-1	+8.381028E-1
+7.145510E+9	+4.263220E-1	+8.385377E-1
+7.145525E+9	+4.262957E-1	+8.390335E-1
+7.145540E+9	+4.258185E-1	+8.398159E-1
+7.145555E+9	+4.264486E-1	+8.399479E-1
+7.145570E+9	+4.270955E-1	+8.389378E-1
+7.145585E+9	+4.266785E-1	+8.387760E-1
+7.145600E+9	+4.258720E-1	+8.383282E-1
+7.145615E+9	+4.262593E-1	+8.374687E-1
+7.145630E+9	+4.283926E-1	+8.362836E-1
+7.145645E+9	+4.289537E-1	+8.365749E-1
+7.145660E+9	+4.285409E-1	+8.374237E-1
+7.145675E+9	+4.277415E-1	+8.373089E-1
+7.145690E+9	+4.275187E-1	+8.369164E-1
+7.145705E+9	+4.278321E-1	+8.364020E-1
+7.145720E+9	+4.283332E-1	+8.360893E-1
+7.145735E+9	+4.287617E-1	+8.358400E-1
+7.145750E+9	+4.291582E-1	+8.351322E-1
+7.145765E+9	+4.293813E-1	+8.351376E-1
+7.145780E+9	+4.306103E-1	+8.351323E-1
+7.145795E+9	+4.300175E-1	+8.357022E-1
+7.145810E+9	+4.298938E-1	+8.365634E-1
+7.145825E+9	+4.293886E-1	+8.373147E-1
+7.145840E+9	+4.294612E-1	+8.370909E-1
+7.145855E+9	+4.298724E-1	+8.365294E-1
+7.145870E+9	+4.309988E-1	+8.353198E-1
+7.145885E+9	+4.312089E-1	+8.357351E-1
+7.145900E+9	+4.299935E-1	+8.368902E-1
+7.145915E+9	+4.308032E-1	+8.350218E-1
+7.145930E+9	+4.311992E-1	+8.344933E-1
+7.145945E+9	+4.316647E-1	+8.345250E-1
+7.145960E+9	+4.315258E-1	+8.346514E-1
+7.145975E+9	+4.307072E-1	+8.356846E-1
+7.145990E+9	+4.321003E-1	+8.360322E-1
+7.146005E+9	+4.325621E-1	+8.362756E-1
+7.146020E+9	+4.321765E-1	+8.364470E-1
+7.146035E+9	+4.312717E-1	+8.366332E-1
+7.146050E+9	+4.328439E-1	+8.350580E-1
+7.146065E+9	+4.323749E-1	+8.351335E-1
+7.146080E+9	+4.321131E-1	+8.350201E-1
+7.146095E+9	+4.331080E-1	+8.354561E-1
+7.146110E+9	+4.341831E-1	+8.349547E-1
+7.146125E+9	+4.334400E-1	+8.354858E-1
+7.146140E+9	+4.335233E-1	+8.347867E-1
+7.146155E+9	+4.339518E-1	+8.341705E-1
+7.146170E+9	+4.345170E-1	+8.343391E-1
+7.146185E+9	+4.345445E-1	+8.350951E-1
+7.146200E+9	+4.337968E-1	+8.361725E-1
+7.146215E+9	+4.339616E-1	+8.344140E-1
+7.146230E+9	+4.345349E-1	+8.338402E-1
+7.146245E+9	+4.354780E-1	+8.331982E-1
+7.146260E+9	+4.353194E-1	+8.346336E-1
+7.146275E+9	+4.339497E-1	+8.355983E-1
+7.146290E+9	+4.349009E-1	+8.346396E-1
+7.146305E+9	+4.360238E-1	+8.337685E-1
+7.146320E+9	+4.354561E-1	+8.328395E-1
+7.146335E+9	+4.335429E-1	+8.326330E-1
+7.146350E+9	+4.342232E-1	+8.342769E-1
+7.146365E+9	+4.349050E-1	+8.344820E-1
+7.146380E+9	+4.347046E-1	+8.351976E-1
+7.146395E+9	+4.349996E-1	+8.343502E-1
+7.146410E+9	+4.361057E-1	+8.341086E-1
+7.146425E+9	+4.355939E-1	+8.322182E-1
+7.146440E+9	+4.364090E-1	+8.318650E-1
+7.146455E+9	+4.369341E-1	+8.323746E-1
+7.146470E+9	+4.366113E-1	+8.319068E-1
+7.146485E+9	+4.364044E-1	+8.319689E-1
+7.146500E+9	+4.369434E-1	+8.335272E-1
+7.146515E+9	+4.372906E-1	+8.336818E-1
+7.146530E+9	+4.377040E-1	+8.336362E-1
+7.146545E+9	+4.378577E-1	+8.332301E-1
+7.146560E+9	+4.381043E-1	+8.332065E-1
+7.146575E+9	+4.372889E-1	+8.339408E-1
+7.146590E+9	+4.373152E-1	+8.328825E-1
+7.146605E+9	+4.382557E-1	+8.310779E-1
+7.146620E+9	+4.383192E-1	+8.311977E-1
+7.146635E+9	+4.374110E-1	+8.321668E-1
+7.146650E+9	+4.384095E-1	+8.318000E-1
+7.146665E+9	+4.384598E-1	+8.331204E-1
+7.146680E+9	+4.384354E-1	+8.337252E-1
+7.146695E+9	+4.395918E-1	+8.337580E-1
+7.146710E+9	+4.397761E-1	+8.317563E-1
+7.146725E+9	+4.389126E-1	+8.305496E-1
+7.146740E+9	+4.400020E-1	+8.305003E-1
+7.146755E+9	+4.405987E-1	+8.310320E-1
+7.146770E+9	+4.407960E-1	+8.310254E-1
+7.146785E+9	+4.396532E-1	+8.324594E-1
+7.146800E+9	+4.399710E-1	+8.326208E-1
+7.146815E+9	+4.409936E-1	+8.311244E-1
+7.146830E+9	+4.414471E-1	+8.306510E-1
+7.146845E+9	+4.420806E-1	+8.307768E-1
+7.146860E+9	+4.416357E-1	+8.311271E-1
+7.146875E+9	+4.401715E-1	+8.318545E-1
+7.146890E+9	+4.406201E-1	+8.312178E-1
+7.146905E+9	+4.418757E-1	+8.305204E-1
+7.146920E+9	+4.410971E-1	+8.300815E-1
+7.146935E+9	+4.410381E-1	+8.299346E-1
+7.146950E+9	+4.425127E-1	+8.300077E-1
+7.146965E+9	+4.418458E-1	+8.292404E-1
+7.146980E+9	+4.416946E-1	+8.295407E-1
+7.146995E+9	+4.418309E-1	+8.298926E-1
+7.147010E+9	+4.420679E-1	+8.299960E-1
+7.147025E+9	+4.422901E-1	+8.298667E-1
+7.147040E+9	+4.422357E-1	+8.294413E-1
+7.147055E+9	+4.425086E-1	+8.299743E-1
+7.147070E+9	+4.425944E-1	+8.295558E-1
+7.147085E+9	+4.425648E-1	+8.294246E-1
+7.147100E+9	+4.434115E-1	+8.301492E-1
+7.147115E+9	+4.440156E-1	+8.299425E-1
+7.147130E+9	+4.430967E-1	+8.298125E-1
+7.147145E+9	+4.432345E-1	+8.303320E-1
+7.147160E+9	+4.434699E-1	+8.307358E-1
+7.147175E+9	+4.438265E-1	+8.293588E-1
+7.147190E+9	+4.442595E-1	+8.294201E-1
+7.147205E+9	+4.443039E-1	+8.290459E-1
+7.147220E+9	+4.435564E-1	+8.285539E-1
+7.147235E+9	+4.441812E-1	+8.278430E-1
+7.147250E+9	+4.447656E-1	+8.283231E-1
+7.147265E+9	+4.446646E-1	+8.292579E-1
+7.147280E+9	+4.441750E-1	+8.294039E-1
+7.147295E+9	+4.446787E-1	+8.293429E-1
+7.147310E+9	+4.454870E-1	+8.297367E-1
+7.147325E+9	+4.469797E-1	+8.286216E-1
+7.147340E+9	+4.456156E-1	+8.278531E-1
+7.147355E+9	+4.443041E-1	+8.277516E-1
+7.147370E+9	+4.461286E-1	+8.273232E-1
+7.147385E+9	+4.468657E-1	+8.274649E-1
+7.147400E+9	+4.459035E-1	+8.265244E-1
+7.147415E+9	+4.459762E-1	+8.268188E-1
+7.147430E+9	+4.464983E-1	+8.270368E-1
+7.147445E+9	+4.477450E-1	+8.270264E-1
+7.147460E+9	+4.464785E-1	+8.278111E-1
+7.147475E+9	+4.461610E-1	+8.280213E-1
+7.147490E+9	+4.466038E-1	+8.272865E-1
+7.147505E+9	+4.473445E-1	+8.269161E-1
+7.147520E+9	+4.479226E-1	+8.269857E-1
+7.147535E+9	+4.487396E-1	+8.269432E-1
+7.147550E+9	+4.480529E-1	+8.256938E-1
+7.147565E+9	+4.482206E-1	+8.255478E-1
+7.147580E+9	+4.482505E-1	+8.254543E-1
+7.147595E+9	+4.482877E-1	+8.255006E-1
+7.147610E+9	+4.487415E-1	+8.263233E-1
+7.147625E+9	+4.483730E-1	+8.276656E-1
+7.147640E+9	+4.481818E-1	+8.273003E-1
+7.147655E+9	+4.478691E-1	+8.249872E-1
+7.147670E+9	+4.480104E-1	+8.245418E-1
+7.147685E+9	+4.512034E-1	+8.253547E-1
+7.147700E+9	+4.496733E-1	+8.266621E-1
+7.147715E+9	+4.503212E-1	+8.248342E-1
+7.147730E+9	+4.513869E-1	+8.240578E-1
+7.147745E+9	+4.511426E-1	+8.243368E-1
+7.147760E+9	+4.507971E-1	+8.246946E-1
+7.147775E+9	+4.499321E-1	+8.252508E-1
+7.147790E+9	+4.514351E-1	+8.247830E-1
+7.147805E+9	+4.525276E-1	+8.247198E-1
+7.147820E+9	+4.522566E-1	+8.249803E-1
+7.147835E+9	+4.524452E-1	+8.251150E-1
+7.147850E+9	+4.522666E-1	+8.252742E-1
+7.147865E+9	+4.519785E-1	+8.242355E-1
+7.147880E+9	+4.513155E-1	+8.243297E-1
+7.147895E+9	+4.512082E-1	+8.241442E-1
+7.147910E+9	+4.511908E-1	+8.243321E-1
+7.147925E+9	+4.521377E-1	+8.245283E-1
+7.147940E+9	+4.527950E-1	+8.250522E-1
+7.147955E+9	+4.536290E-1	+8.247195E-1
+7.147970E+9	+4.541577E-1	+8.241758E-1
+7.147985E+9	+4.534573E-1	+8.234310E-1
+7.148000E+9	+4.532666E-1	+8.236774E-1
+7.148015E+9	+4.534872E-1	+8.236205E-1
+7.148030E+9	+4.537045E-1	+8.232433E-1
+7.148045E+9	+4.534815E-1	+8.228834E-1
+7.148060E+9	+4.529348E-1	+8.236993E-1
+7.148075E+9	+4.542571E-1	+8.231153E-1
+7.148090E+9	+4.534699E-1	+8.226863E-1
+7.148105E+9	+4.539509E-1	+8.224831E-1
+7.148120E+9	+4.540715E-1	+8.221902E-1
+7.148135E+9	+4.544329E-1	+8.223556E-1
+7.148150E+9	+4.542922E-1	+8.232550E-1
+7.148165E+9	+4.547753E-1	+8.229467E-1
+7.148180E+9	+4.552612E-1	+8.226196E-1
+7.148195E+9	+4.548376E-1	+8.227713E-1
+7.148210E+9	+4.551759E-1	+8.227339E-1
+7.148225E+9	+4.566054E-1	+8.225102E-1
+7.148240E+9	+4.567909E-1	+8.224950E-1
+7.148255E+9	+4.571061E-1	+8.221169E-1
+7.148270E+9	+4.570850E-1	+8.216864E-1
+7.148285E+9	+4.566484E-1	+8.212738E-1
+7.148300E+9	+4.561532E-1	+8.215106E-1
+7.148315E+9	+4.569128E-1	+8.223008E-1
+7.148330E+9	+4.576538E-1	+8.223466E-1
+7.148345E+9	+4.566119E-1	+8.222485E-1
+7.148360E+9	+4.566147E-1	+8.215577E-1
+7.148375E+9	+4.570767E-1	+8.211018E-1
+7.148390E+9	+4.570302E-1	+8.209566E-1
+7.148405E+9	+4.579233E-1	+8.214921E-1
+7.148420E+9	+4.577210E-1	+8.214691E-1
+7.148435E+9	+4.578932E-1	+8.206532E-1
+7.148450E+9	+4.582341E-1	+8.201511E-1
+7.148465E+9	+4.592256E-1	+8.201047E-1
+7.148480E+9	+4.582888E-1	+8.207580E-1
+7.148495E+9	+4.581319E-1	+8.207907E-1
+7.148510E+9	+4.581492E-1	+8.213011E-1
+7.148525E+9	+4.576461E-1	+8.219710E-1
+7.148540E+9	+4.589817E-1	+8.211583E-1
+7.148555E+9	+4.598415E-1	+8.206527E-1
+7.148570E+9	+4.593065E-1	+8.205075E-1
+7.148585E+9	+4.588796E-1	+8.201645E-1
+7.148600E+9	+4.586155E-1	+8.208461E-1
+7.148615E+9	+4.602654E-1	+8.204109E-1
+7.148630E+9	+4.607081E-1	+8.193398E-1
+7.148645E+9	+4.591988E-1	+8.187784E-1
+7.148660E+9	+4.590080E-1	+8.181729E-1
+7.148675E+9	+4.603932E-1	+8.192672E-1
+7.148690E+9	+4.605686E-1	+8.192290E-1
+7.148705E+9	+4.614209E-1	+8.187223E-1
+7.148720E+9	+4.627425E-1	+8.187387E-1
+7.148735E+9	+4.610650E-1	+8.191563E-1
+7.148750E+9	+4.598246E-1	+8.183193E-1
+7.148765E+9	+4.617590E-1	+8.187277E-1
+7.148780E+9	+4.624308E-1	+8.184222E-1
+7.148795E+9	+4.627849E-1	+8.179332E-1
+7.148810E+9	+4.617601E-1	+8.179462E-1
+7.148825E+9	+4.634473E-1	+8.195858E-1
+7.148840E+9	+4.641994E-1	+8.189599E-1
+7.148855E+9	+4.643808E-1	+8.182898E-1
+7.148870E+9	+4.639662E-1	+8.175774E-1
+7.148885E+9	+4.613827E-1	+8.177828E-1
+7.148900E+9	+4.617015E-1	+8.179412E-1
+7.148915E+9	+4.623082E-1	+8.185712E-1
+7.148930E+9	+4.627086E-1	+8.189653E-1
+7.148945E+9	+4.628813E-1	+8.180735E-1
+7.148960E+9	+4.633099E-1	+8.182894E-1
+7.148975E+9	+4.650592E-1	+8.181179E-1
+7.148990E+9	+4.649480E-1	+8.173730E-1
+7.149005E+9	+4.638300E-1	+8.166665E-1
+7.149020E+9	+4.645117E-1	+8.167840E-1
+7.149035E+9	+4.637367E-1	+8.171843E-1
+7.149050E+9	+4.637420E-1	+8.154701E-1
+7.149065E+9	+4.653087E-1	+8.151297E-1
+7.149080E+9	+4.642397E-1	+8.166819E-1
+7.149095E+9	+4.639847E-1	+8.168557E-1
+7.149110E+9	+4.643595E-1	+8.159250E-1
+7.149125E+9	+4.653471E-1	+8.148203E-1
+7.149140E+9	+4.655672E-1	+8.150377E-1
+7.149155E+9	+4.656312E-1	+8.155608E-1
+7.149170E+9	+4.657116E-1	+8.159535E-1
+7.149185E+9	+4.655893E-1	+8.170004E-1
+7.149200E+9	+4.655742E-1	+8.171250E-1
+7.149215E+9	+4.658202E-1	+8.162264E-1
+7.149230E+9	+4.669904E-1	+8.158182E-1
+7.149245E+9	+4.680773E-1	+8.164289E-1
+7.149260E+9	+4.670012E-1	+8.162442E-1
+7.149275E+9	+4.672783E-1	+8.146158E-1
+7.149290E+9	+4.669377E-1	+8.149708E-1
+7.149305E+9	+4.681673E-1	+8.149695E-1
+7.149320E+9	+4.680363E-1	+8.147476E-1
+7.149335E+9	+4.677258E-1	+8.144450E-1
+7.149350E+9	+4.679328E-1	+8.155555E-1
+7.149365E+9	+4.687269E-1	+8.155914E-1
+7.149380E+9	+4.695399E-1	+8.155418E-1
+7.149395E+9	+4.695890E-1	+8.159796E-1
+7.149410E+9	+4.677635E-1	+8.152654E-1
+7.149425E+9	+4.678184E-1	+8.138710E-1
+7.149440E+9	+4.687121E-1	+8.144085E-1
+7.149455E+9	+4.692110E-1	+8.146484E-1
+7.149470E+9	+4.687931E-1	+8.146647E-1
+7.149485E+9	+4.694894E-1	+8.134059E-1
+7.149500E+9	+4.686981E-1	+8.140201E-1
+7.149515E+9	+4.694848E-1	+8.139379E-1
+7.149530E+9	+4.688320E-1	+8.143954E-1
+7.149545E+9	+4.691195E-1	+8.137551E-1
+7.149560E+9	+4.690848E-1	+8.132614E-1
+7.149575E+9	+4.691889E-1	+8.154128E-1
+7.149590E+9	+4.698119E-1	+8.150014E-1
+7.149605E+9	+4.713158E-1	+8.143497E-1
+7.149620E+9	+4.705765E-1	+8.139381E-1
+7.149635E+9	+4.710380E-1	+8.139634E-1
+7.149650E+9	+4.706886E-1	+8.111559E-1
+7.149665E+9	+4.714723E-1	+8.111028E-1
+7.149680E+9	+4.718170E-1	+8.118456E-1
+7.149695E+9	+4.707835E-1	+8.127418E-1
+7.149710E+9	+4.714291E-1	+8.120607E-1
+7.149725E+9	+4.731940E-1	+8.109179E-1
+7.149740E+9	+4.736704E-1	+8.124553E-1
+7.149755E+9	+4.738921E-1	+8.121651E-1
+7.149770E+9	+4.736420E-1	+8.106541E-1
+7.149785E+9	+4.728523E-1	+8.103957E-1
+7.149800E+9	+4.711732E-1	+8.118290E-1
+7.149815E+9	+4.718071E-1	+8.113156E-1
+7.149830E+9	+4.742029E-1	+8.106380E-1
+7.149845E+9	+4.732210E-1	+8.104897E-1
+7.149860E+9	+4.731347E-1	+8.101661E-1
+7.149875E+9	+4.739514E-1	+8.103121E-1
+7.149890E+9	+4.747840E-1	+8.101859E-1
+7.149905E+9	+4.750012E-1	+8.117729E-1
+7.149920E+9	+4.749603E-1	+8.115332E-1
+7.149935E+9	+4.741043E-1	+8.115672E-1
+7.149950E+9	+4.730385E-1	+8.121507E-1
+7.149965E+9	+4.747873E-1	+8.108093E-1
+7.149980E+9	+4.760641E-1	+8.104952E-1
+7.149995E+9	+4.761314E-1	+8.110404E-1
+7.150010E+9	+4.758550E-1	+8.109304E-1
+7.150025E+9	+4.752419E-1	+8.106877E-1
+7.150040E+9	+4.756193E-1	+8.110103E-1
+7.150055E+9	+4.761875E-1	+8.111737E-1
+7.150070E+9	+4.771107E-1	+8.109791E-1
+7.150085E+9	+4.759809E-1	+8.107484E-1
+7.150100E+9	+4.756945E-1	+8.111279E-1
+7.150115E+9	+4.760828E-1	+8.111269E-1
+7.150130E+9	+4.782012E-1	+8.103537E-1
+7.150145E+9	+4.781555E-1	+8.111801E-1
+7.150160E+9	+4.784137E-1	+8.109891E-1
+7.150175E+9	+4.768067E-1	+8.098687E-1
+7.150190E+9	+4.769944E-1	+8.095009E-1
+7.150205E+9	+4.776781E-1	+8.085946E-1
+7.150220E+9	+4.772580E-1	+8.081024E-1
+7.150235E+9	+4.770311E-1	+8.086219E-1
+7.150250E+9	+4.773525E-1	+8.093328E-1
+7.150265E+9	+4.778456E-1	+8.099688E-1
+7.150280E+9	+4.789941E-1	+8.096969E-1
+7.150295E+9	+4.784520E-1	+8.090874E-1
+7.150310E+9	+4.779261E-1	+8.089185E-1
+7.150325E+9	+4.769502E-1	+8.079753E-1
+7.150340E+9	+4.781653E-1	+8.078852E-1
+7.150355E+9	+4.783796E-1	+8.079348E-1
+7.150370E+9	+4.799465E-1	+8.077920E-1
+7.150385E+9	+4.811289E-1	+8.082631E-1
+7.150400E+9	+4.798408E-1	+8.083531E-1
+7.150415E+9	+4.791830E-1	+8.079110E-1
+7.150430E+9	+4.800705E-1	+8.075468E-1
+7.150445E+9	+4.800346E-1	+8.080051E-1
+7.150460E+9	+4.800798E-1	+8.079304E-1
+7.150475E+9	+4.792553E-1	+8.080855E-1
+7.150490E+9	+4.805345E-1	+8.077000E-1
+7.150505E+9	+4.812950E-1	+8.056898E-1
+7.150520E+9	+4.812779E-1	+8.072957E-1
+7.150535E+9	+4.809930E-1	+8.071515E-1
+7.150550E+9	+4.812238E-1	+8.064551E-1
+7.150565E+9	+4.814944E-1	+8.049769E-1
+7.150580E+9	+4.814109E-1	+8.041409E-1
+7.150595E+9	+4.819591E-1	+8.050013E-1
+7.150610E+9	+4.811770E-1	+8.067822E-1
+7.150625E+9	+4.833510E-1	+8.064707E-1
+7.150640E+9	+4.826435E-1	+8.066428E-1
+7.150655E+9	+4.828328E-1	+8.062789E-1
+7.150670E+9	+4.831962E-1	+8.070484E-1
+7.150685E+9	+4.829551E-1	+8.060973E-1
+7.150700E+9	+4.833722E-1	+8.043293E-1
+7.150715E+9	+4.834526E-1	+8.040556E-1
+7.150730E+9	+4.838310E-1	+8.035782E-1
+7.150745E+9	+4.836743E-1	+8.042846E-1
+7.150760E+9	+4.839119E-1	+8.045878E-1
+7.150775E+9	+4.845971E-1	+8.039032E-1
+7.150790E+9	+4.838433E-1	+8.042883E-1
+7.150805E+9	+4.834584E-1	+8.047402E-1
+7.150820E+9	+4.832612E-1	+8.051851E-1
+7.150835E+9	+4.836455E-1	+8.049893E-1
+7.150850E+9	+4.851417E-1	+8.042146E-1
+7.150865E+9	+4.846697E-1	+8.041981E-1
+7.150880E+9	+4.852631E-1	+8.041611E-1
+7.150895E+9	+4.861498E-1	+8.030979E-1
+7.150910E+9	+4.859659E-1	+8.030812E-1
+7.150925E+9	+4.842518E-1	+8.036669E-1
+7.150940E+9	+4.849350E-1	+8.033330E-1
+7.150955E+9	+4.862126E-1	+8.030215E-1
+7.150970E+9	+4.865623E-1	+8.034294E-1
+7.150985E+9	+4.872488E-1	+8.033646E-1
+7.151000E+9	+4.865377E-1	+8.032096E-1
+7.151015E+9	+4.869088E-1	+8.030375E-1
+7.151030E+9	+4.873799E-1	+8.032881E-1
+7.151045E+9	+4.875032E-1	+8.033937E-1
+7.151060E+9	+4.877517E-1	+8.038571E-1
+7.151075E+9	+4.862033E-1	+8.034245E-1
+7.151090E+9	+4.858007E-1	+8.029264E-1
+7.151105E+9	+4.852934E-1	+8.028100E-1
+7.151120E+9	+4.858684E-1	+8.036435E-1
+7.151135E+9	+4.878515E-1	+8.038906E-1
+7.151150E+9	+4.886185E-1	+8.027609E-1
+7.151165E+9	+4.890121E-1	+8.023695E-1
+7.151180E+9	+4.884242E-1	+8.021966E-1
+7.151195E+9	+4.879735E-1	+8.022029E-1
+7.151210E+9	+4.889720E-1	+8.020322E-1
+7.151225E+9	+4.901894E-1	+8.014901E-1
+7.151240E+9	+4.901603E-1	+8.012553E-1
+7.151255E+9	+4.904438E-1	+8.013984E-1
+7.151270E+9	+4.914040E-1	+8.016053E-1
+7.151285E+9	+4.904005E-1	+8.025118E-1
+7.151300E+9	+4.897388E-1	+8.020501E-1
+7.151315E+9	+4.894196E-1	+8.019158E-1
+7.151330E+9	+4.900836E-1	+7.998793E-1
+7.151345E+9	+4.897957E-1	+8.001700E-1
+7.151360E+9	+4.896532E-1	+8.003249E-1
+7.151375E+9	+4.896201E-1	+8.012398E-1
+7.151390E+9	+4.898088E-1	+8.007452E-1
+7.151405E+9	+4.915049E-1	+8.006840E-1
+7.151420E+9	+4.912173E-1	+8.010212E-1
+7.151435E+9	+4.913985E-1	+8.003142E-1
+7.151450E+9	+4.924124E-1	+7.993109E-1
+7.151465E+9	+4.918420E-1	+7.993852E-1
+7.151480E+9	+4.912183E-1	+8.000374E-1
+7.151495E+9	+4.909748E-1	+8.011962E-1
+7.151510E+9	+4.921704E-1	+8.010360E-1
+7.151525E+9	+4.932992E-1	+8.001261E-1
+7.151540E+9	+4.931560E-1	+7.996496E-1
+7.151555E+9	+4.924545E-1	+7.988270E-1
+7.151570E+9	+4.918181E-1	+7.984669E-1
+7.151585E+9	+4.916014E-1	+8.000138E-1
+7.151600E+9	+4.919972E-1	+7.992207E-1
+7.151615E+9	+4.927444E-1	+7.991842E-1
+7.151630E+9	+4.933950E-1	+7.990321E-1
+7.151645E+9	+4.940021E-1	+7.991978E-1
+7.151660E+9	+4.948808E-1	+7.976886E-1
+7.151675E+9	+4.946759E-1	+7.979085E-1
+7.151690E+9	+4.947380E-1	+7.988993E-1
+7.151705E+9	+4.935517E-1	+7.991006E-1
+7.151720E+9	+4.932867E-1	+7.986528E-1
+7.151735E+9	+4.929425E-1	+7.977151E-1
+7.151750E+9	+4.937418E-1	+7.981646E-1
+7.151765E+9	+4.957108E-1	+7.978388E-1
+7.151780E+9	+4.967924E-1	+7.970996E-1
+7.151795E+9	+4.971626E-1	+7.969446E-1
+7.151810E+9	+4.944048E-1	+7.966356E-1
+7.151825E+9	+4.978110E-1	+7.962682E-1
+7.151840E+9	+4.964619E-1	+7.967782E-1
+7.151855E+9	+4.957620E-1	+7.972031E-1
+7.151870E+9	+4.963197E-1	+7.980843E-1
+7.151885E+9	+4.960572E-1	+7.973069E-1
+7.151900E+9	+4.963383E-1	+7.957225E-1
+7.151915E+9	+4.970345E-1	+7.958270E-1
+7.151930E+9	+4.974650E-1	+7.968305E-1
+7.151945E+9	+4.981317E-1	+7.957149E-1
+7.151960E+9	+4.981283E-1	+7.961982E-1
+7.151975E+9	+4.962900E-1	+7.970086E-1
+7.151990E+9	+4.974620E-1	+7.964569E-1
+7.152005E+9	+4.983118E-1	+7.959842E-1
+7.152020E+9	+4.980458E-1	+7.963999E-1
+7.152035E+9	+4.988896E-1	+7.952005E-1
+7.152050E+9	+4.995088E-1	+7.938022E-1
+7.152065E+9	+4.983119E-1	+7.946268E-1
+7.152080E+9	+4.979375E-1	+7.961268E-1
+7.152095E+9	+4.980156E-1	+7.964022E-1
+7.152110E+9	+4.982432E-1	+7.960428E-1
+7.152125E+9	+4.993973E-1	+7.939912E-1
+7.152140E+9	+4.994470E-1	+7.942322E-1
+7.152155E+9	+4.985067E-1	+7.940283E-1
+7.152170E+9	+4.993422E-1	+7.938510E-1
+7.152185E+9	+4.992260E-1	+7.928032E-1
+7.152200E+9	+4.990937E-1	+7.928536E-1
+7.152215E+9	+4.995844E-1	+7.938436E-1
+7.152230E+9	+5.006274E-1	+7.938770E-1
+7.152245E+9	+5.010468E-1	+7.941127E-1
+7.152260E+9	+4.999643E-1	+7.935721E-1
+7.152275E+9	+4.986112E-1	+7.930999E-1
+7.152290E+9	+4.998102E-1	+7.929146E-1
+7.152305E+9	+5.003302E-1	+7.941124E-1
+7.152320E+9	+5.008643E-1	+7.940357E-1
+7.152335E+9	+5.016135E-1	+7.937408E-1
+7.152350E+9	+5.031582E-1	+7.927828E-1
+7.152365E+9	+5.032181E-1	+7.925422E-1
+7.152380E+9	+5.013580E-1	+7.932571E-1
+7.152395E+9	+5.031202E-1	+7.938426E-1
+7.152410E+9	+5.032459E-1	+7.936446E-1
+7.152425E+9	+5.028926E-1	+7.932805E-1
+7.152440E+9	+5.023622E-1	+7.922728E-1
+7.152455E+9	+5.028676E-1	+7.916317E-1
+7.152470E+9	+5.031540E-1	+7.918840E-1
+7.152485E+9	+5.038136E-1	+7.926019E-1
+7.152500E+9	+5.047055E-1	+7.924626E-1
+7.152515E+9	+5.045153E-1	+7.923716E-1
+7.152530E+9	+5.036586E-1	+7.918157E-1
+7.152545E+9	+5.030204E-1	+7.911532E-1
+7.152560E+9	+5.026991E-1	+7.906448E-1
+7.152575E+9	+5.055267E-1	+7.919519E-1
+7.152590E+9	+5.045539E-1	+7.931992E-1
+7.152605E+9	+5.040063E-1	+7.924601E-1
+7.152620E+9	+5.050125E-1	+7.910957E-1
+7.152635E+9	+5.059797E-1	+7.907232E-1
+7.152650E+9	+5.058641E-1	+7.908890E-1
+7.152665E+9	+5.059363E-1	+7.908312E-1
+7.152680E+9	+5.053380E-1	+7.914814E-1
+7.152695E+9	+5.054670E-1	+7.913424E-1
+7.152710E+9	+5.061771E-1	+7.910194E-1
+7.152725E+9	+5.067468E-1	+7.904689E-1
+7.152740E+9	+5.071856E-1	+7.901117E-1
+7.152755E+9	+5.078813E-1	+7.889843E-1
+7.152770E+9	+5.085210E-1	+7.895145E-1
+7.152785E+9	+5.080395E-1	+7.904739E-1
+7.152800E+9	+5.067039E-1	+7.895700E-1
+7.152815E+9	+5.073002E-1	+7.894172E-1
+7.152830E+9	+5.075844E-1	+7.883598E-1
+7.152845E+9	+5.074095E-1	+7.880919E-1
+7.152860E+9	+5.079759E-1	+7.881939E-1
+7.152875E+9	+5.078910E-1	+7.876578E-1
+7.152890E+9	+5.084929E-1	+7.880926E-1
+7.152905E+9	+5.088319E-1	+7.896532E-1
+7.152920E+9	+5.097043E-1	+7.888957E-1
+7.152935E+9	+5.095266E-1	+7.882029E-1
+7.152950E+9	+5.100254E-1	+7.871312E-1
+7.152965E+9	+5.090471E-1	+7.877614E-1
+7.152980E+9	+5.086727E-1	+7.883969E-1
+7.152995E+9	+5.091570E-1	+7.884665E-1
+7.153010E+9	+5.098482E-1	+7.885552E-1
+7.153025E+9	+5.106167E-1	+7.880036E-1
+7.153040E+9	+5.112801E-1	+7.877264E-1
+7.153055E+9	+5.107631E-1	+7.879584E-1
+7.153070E+9	+5.104517E-1	+7.874588E-1
+7.153085E+9	+5.089742E-1	+7.874159E-1
+7.153100E+9	+5.087163E-1	+7.875155E-1
+7.153115E+9	+5.093378E-1	+7.870501E-1
+7.153130E+9	+5.101302E-1	+7.867402E-1
+7.153145E+9	+5.105324E-1	+7.861856E-1
+7.153160E+9	+5.103825E-1	+7.864653E-1
+7.153175E+9	+5.114902E-1	+7.860259E-1
+7.153190E+9	+5.116837E-1	+7.859862E-1
+7.153205E+9	+5.121525E-1	+7.858360E-1
+7.153220E+9	+5.120351E-1	+7.855275E-1
+7.153235E+9	+5.119588E-1	+7.859698E-1
+7.153250E+9	+5.116901E-1	+7.861608E-1
+7.153265E+9	+5.123199E-1	+7.858217E-1
+7.153280E+9	+5.128387E-1	+7.848863E-1
+7.153295E+9	+5.132160E-1	+7.842794E-1
+7.153310E+9	+5.141067E-1	+7.845835E-1
+7.153325E+9	+5.122668E-1	+7.861099E-1
+7.153340E+9	+5.124520E-1	+7.866998E-1
+7.153355E+9	+5.133962E-1	+7.860050E-1
+7.153370E+9	+5.138143E-1	+7.852951E-1
+7.153385E+9	+5.122566E-1	+7.848190E-1
+7.153400E+9	+5.134038E-1	+7.861594E-1
+7.153415E+9	+5.133584E-1	+7.845407E-1
+7.153430E+9	+5.139138E-1	+7.833659E-1
+7.153445E+9	+5.138320E-1	+7.832288E-1
+7.153460E+9	+5.160076E-1	+7.850717E-1
+7.153475E+9	+5.150465E-1	+7.856844E-1
+7.153490E+9	+5.153714E-1	+7.856696E-1
+7.153505E+9	+5.151786E-1	+7.854964E-1
+7.153520E+9	+5.146782E-1	+7.851846E-1
+7.153535E+9	+5.156773E-1	+7.846598E-1
+7.153550E+9	+5.165997E-1	+7.846553E-1
+7.153565E+9	+5.178273E-1	+7.828255E-1
+7.153580E+9	+5.163557E-1	+7.814165E-1
+7.153595E+9	+5.155403E-1	+7.833067E-1
+7.153610E+9	+5.156436E-1	+7.843221E-1
+7.153625E+9	+5.165860E-1	+7.835384E-1
+7.153640E+9	+5.168629E-1	+7.828004E-1
+7.153655E+9	+5.166408E-1	+7.817564E-1
+7.153670E+9	+5.169715E-1	+7.819508E-1
+7.153685E+9	+5.176569E-1	+7.820536E-1
+7.153700E+9	+5.169267E-1	+7.821357E-1
+7.153715E+9	+5.180729E-1	+7.826405E-1
+7.153730E+9	+5.194167E-1	+7.822619E-1
+7.153745E+9	+5.186198E-1	+7.814140E-1
+7.153760E+9	+5.183115E-1	+7.806996E-1
+7.153775E+9	+5.171130E-1	+7.809154E-1
+7.153790E+9	+5.178997E-1	+7.810618E-1
+7.153805E+9	+5.189796E-1	+7.819617E-1
+7.153820E+9	+5.184824E-1	+7.817419E-1
+7.153835E+9	+5.185011E-1	+7.802228E-1
+7.153850E+9	+5.196526E-1	+7.807465E-1
+7.153865E+9	+5.195636E-1	+7.805632E-1
+7.153880E+9	+5.186107E-1	+7.804683E-1
+7.153895E+9	+5.192808E-1	+7.803469E-1
+7.153910E+9	+5.204025E-1	+7.794082E-1
+7.153925E+9	+5.208756E-1	+7.804094E-1
+7.153940E+9	+5.212048E-1	+7.801754E-1
+7.153955E+9	+5.216819E-1	+7.804794E-1
+7.153970E+9	+5.219834E-1	+7.793937E-1
+7.153985E+9	+5.205803E-1	+7.794299E-1
+7.154000E+9	+5.208170E-1	+7.792558E-1
+7.154015E+9	+5.211447E-1	+7.793452E-1
+7.154030E+9	+5.208256E-1	+7.786630E-1
+7.154045E+9	+5.209242E-1	+7.781663E-1
+7.154060E+9	+5.213613E-1	+7.782688E-1
+7.154075E+9	+5.215761E-1	+7.786309E-1
+7.154090E+9	+5.220390E-1	+7.787281E-1
+7.154105E+9	+5.229678E-1	+7.792950E-1
+7.154120E+9	+5.241062E-1	+7.787047E-1
+7.154135E+9	+5.236605E-1	+7.780905E-1
+7.154150E+9	+5.218740E-1	+7.784553E-1
+7.154165E+9	+5.229690E-1	+7.781788E-1
+7.154180E+9	+5.239691E-1	+7.775996E-1
+7.154195E+9	+5.242160E-1	+7.767508E-1
+7.154210E+9	+5.234347E-1	+7.758224E-1
+7.154225E+9	+5.220481E-1	+7.763185E-1
+7.154240E+9	+5.220216E-1	+7.768450E-1
+7.154255E+9	+5.241811E-1	+7.783077E-1
+7.154270E+9	+5.248685E-1	+7.774681E-1
+7.154285E+9	+5.243350E-1	+7.767113E-1
+7.154300E+9	+5.241920E-1	+7.763992E-1
+7.154315E+9	+5.252488E-1	+7.760933E-1
+7.154330E+9	+5.254809E-1	+7.766116E-1
+7.154345E+9	+5.256496E-1	+7.773539E-1
+7.154360E+9	+5.253969E-1	+7.767904E-1
+7.154375E+9	+5.245858E-1	+7.750648E-1
+7.154390E+9	+5.252343E-1	+7.752144E-1
+7.154405E+9	+5.250507E-1	+7.759569E-1
+7.154420E+9	+5.250599E-1	+7.758321E-1
+7.154435E+9	+5.258427E-1	+7.756204E-1
+7.154450E+9	+5.261960E-1	+7.750221E-1
+7.154465E+9	+5.265543E-1	+7.749512E-1
+7.154480E+9	+5.274192E-1	+7.756610E-1
+7.154495E+9	+5.283061E-1	+7.757375E-1
+7.154510E+9	+5.274519E-1	+7.757689E-1
+7.154525E+9	+5.277139E-1	+7.735101E-1
+7.154540E+9	+5.279846E-1	+7.739522E-1
+7.154555E+9	+5.283995E-1	+7.740882E-1
+7.154570E+9	+5.286255E-1	+7.743481E-1
+7.154585E+9	+5.290022E-1	+7.737963E-1
+7.154600E+9	+5.291974E-1	+7.730439E-1
+7.154615E+9	+5.290627E-1	+7.732431E-1
+7.154630E+9	+5.289767E-1	+7.727376E-1
+7.154645E+9	+5.281765E-1	+7.726244E-1
+7.154660E+9	+5.281796E-1	+7.731424E-1
+7.154675E+9	+5.293652E-1	+7.728248E-1
+7.154690E+9	+5.294099E-1	+7.725476E-1
+7.154705E+9	+5.270856E-1	+7.734108E-1
+7.154720E+9	+5.284194E-1	+7.720759E-1
+7.154735E+9	+5.293181E-1	+7.726174E-1
+7.154750E+9	+5.302499E-1	+7.739332E-1
+7.154765E+9	+5.295089E-1	+7.736492E-1
+7.154780E+9	+5.296793E-1	+7.729511E-1
+7.154795E+9	+5.306821E-1	+7.720052E-1
+7.154810E+9	+5.309243E-1	+7.723440E-1
+7.154825E+9	+5.309239E-1	+7.732168E-1
+7.154840E+9	+5.310877E-1	+7.727011E-1
+7.154855E+9	+5.307360E-1	+7.711754E-1
+7.154870E+9	+5.306683E-1	+7.711154E-1
+7.154885E+9	+5.311654E-1	+7.704734E-1
+7.154900E+9	+5.336771E-1	+7.707104E-1
+7.154915E+9	+5.346088E-1	+7.713881E-1
+7.154930E+9	+5.332924E-1	+7.728038E-1
+7.154945E+9	+5.327873E-1	+7.722858E-1
+7.154960E+9	+5.325177E-1	+7.702098E-1
+7.154975E+9	+5.337433E-1	+7.698445E-1
+7.154990E+9	+5.335353E-1	+7.711230E-1
+7.155005E+9	+5.327654E-1	+7.713583E-1
+7.155020E+9	+5.336956E-1	+7.704899E-1
+7.155035E+9	+5.342297E-1	+7.698742E-1
+7.155050E+9	+5.344028E-1	+7.703278E-1
+7.155065E+9	+5.347771E-1	+7.696759E-1
+7.155080E+9	+5.353665E-1	+7.694103E-1
+7.155095E+9	+5.356163E-1	+7.692379E-1
+7.155110E+9	+5.346036E-1	+7.690385E-1
+7.155125E+9	+5.351621E-1	+7.701172E-1
+7.155140E+9	+5.362633E-1	+7.691888E-1
+7.155155E+9	+5.364231E-1	+7.685539E-1
+7.155170E+9	+5.374244E-1	+7.674383E-1
+7.155185E+9	+5.364594E-1	+7.683827E-1
+7.155200E+9	+5.367559E-1	+7.686789E-1
+7.155215E+9	+5.360947E-1	+7.677814E-1
+7.155230E+9	+5.359926E-1	+7.676637E-1
+7.155245E+9	+5.359817E-1	+7.675280E-1
+7.155260E+9	+5.375783E-1	+7.672228E-1
+7.155275E+9	+5.381254E-1	+7.675940E-1
+7.155290E+9	+5.380240E-1	+7.680025E-1
+7.155305E+9	+5.356886E-1	+7.687811E-1
+7.155320E+9	+5.367268E-1	+7.680540E-1
+7.155335E+9	+5.380287E-1	+7.682615E-1
+7.155350E+9	+5.376445E-1	+7.678942E-1
+7.155365E+9	+5.374125E-1	+7.669362E-1
+7.155380E+9	+5.378108E-1	+7.667882E-1
+7.155395E+9	+5.377708E-1	+7.671346E-1
+7.155410E+9	+5.379655E-1	+7.673266E-1
+7.155425E+9	+5.385996E-1	+7.668555E-1
+7.155440E+9	+5.399353E-1	+7.666575E-1
+7.155455E+9	+5.397982E-1	+7.663219E-1
+7.155470E+9	+5.390172E-1	+7.656699E-1
+7.155485E+9	+5.388776E-1	+7.656841E-1
+7.155500E+9	+5.385500E-1	+7.665561E-1
+7.155515E+9	+5.399837E-1	+7.656174E-1
+7.155530E+9	+5.409530E-1	+7.650627E-1
+7.155545E+9	+5.399966E-1	+7.648395E-1
+7.155560E+9	+5.398196E-1	+7.650336E-1
+7.155575E+9	+5.398737E-1	+7.659396E-1
+7.155590E+9	+5.400529E-1	+7.653955E-1
+7.155605E+9	+5.408950E-1	+7.648597E-1
+7.155620E+9	+5.412002E-1	+7.653150E-1
+7.155635E+9	+5.406790E-1	+7.642746E-1
+7.155650E+9	+5.406364E-1	+7.634491E-1
+7.155665E+9	+5.412804E-1	+7.621008E-1
+7.155680E+9	+5.419011E-1	+7.617766E-1
+7.155695E+9	+5.426651E-1	+7.616228E-1
+7.155710E+9	+5.430930E-1	+7.631566E-1
+7.155725E+9	+5.429532E-1	+7.634193E-1
+7.155740E+9	+5.428646E-1	+7.624431E-1
+7.155755E+9	+5.428710E-1	+7.620832E-1
+7.155770E+9	+5.434571E-1	+7.626277E-1
+7.155785E+9	+5.440057E-1	+7.632174E-1
+7.155800E+9	+5.437739E-1	+7.637616E-1
+7.155815E+9	+5.440797E-1	+7.633000E-1
+7.155830E+9	+5.437031E-1	+7.627022E-1
+7.155845E+9	+5.436022E-1	+7.625015E-1
+7.155860E+9	+5.435815E-1	+7.615032E-1
+7.155875E+9	+5.436787E-1	+7.608343E-1
+7.155890E+9	+5.438725E-1	+7.623187E-1
+7.155905E+9	+5.451048E-1	+7.627377E-1
+7.155920E+9	+5.458641E-1	+7.622405E-1
+7.155935E+9	+5.461438E-1	+7.617262E-1
+7.155950E+9	+5.445177E-1	+7.617041E-1
+7.155965E+9	+5.444155E-1	+7.601060E-1
+7.155980E+9	+5.447802E-1	+7.590852E-1
+7.155995E+9	+5.454330E-1	+7.595166E-1
+7.156010E+9	+5.465847E-1	+7.607986E-1
+7.156025E+9	+5.467464E-1	+7.603208E-1
+7.156040E+9	+5.460801E-1	+7.608314E-1
+7.156055E+9	+5.454601E-1	+7.609145E-1
+7.156070E+9	+5.460231E-1	+7.592567E-1
+7.156085E+9	+5.467209E-1	+7.593018E-1
+7.156100E+9	+5.474173E-1	+7.594777E-1
+7.156115E+9	+5.477234E-1	+7.584157E-1
+7.156130E+9	+5.480824E-1	+7.581160E-1
+7.156145E+9	+5.475166E-1	+7.589501E-1
+7.156160E+9	+5.475087E-1	+7.589588E-1
+7.156175E+9	+5.476974E-1	+7.580151E-1
+7.156190E+9	+5.492206E-1	+7.577287E-1
+7.156205E+9	+5.487983E-1	+7.580739E-1
+7.156220E+9	+5.487427E-1	+7.580499E-1
+7.156235E+9	+5.492456E-1	+7.583216E-1
+7.156250E+9	+5.489479E-1	+7.590049E-1
+7.156265E+9	+5.500539E-1	+7.577056E-1
+7.156280E+9	+5.504695E-1	+7.572748E-1
+7.156295E+9	+5.504021E-1	+7.571492E-1
+7.156310E+9	+5.502740E-1	+7.579868E-1
+7.156325E+9	+5.500052E-1	+7.575104E-1
+7.156340E+9	+5.503243E-1	+7.563226E-1
+7.156355E+9	+5.500502E-1	+7.558949E-1
+7.156370E+9	+5.501624E-1	+7.571317E-1
+7.156385E+9	+5.512839E-1	+7.565230E-1
+7.156400E+9	+5.524796E-1	+7.567432E-1
+7.156415E+9	+5.523023E-1	+7.562131E-1
+7.156430E+9	+5.507332E-1	+7.558528E-1
+7.156445E+9	+5.513179E-1	+7.554864E-1
+7.156460E+9	+5.506319E-1	+7.543484E-1
+7.156475E+9	+5.515332E-1	+7.550905E-1
+7.156490E+9	+5.519617E-1	+7.547348E-1
+7.156505E+9	+5.517864E-1	+7.544831E-1
+7.156520E+9	+5.518630E-1	+7.543662E-1
+7.156535E+9	+5.528385E-1	+7.559975E-1
+7.156550E+9	+5.518828E-1	+7.545982E-1
+7.156565E+9	+5.528215E-1	+7.544984E-1
+7.156580E+9	+5.529765E-1	+7.542218E-1
+7.156595E+9	+5.530807E-1	+7.542613E-1
+7.156610E+9	+5.531507E-1	+7.538782E-1
+7.156625E+9	+5.538411E-1	+7.550712E-1
+7.156640E+9	+5.535265E-1	+7.540576E-1
+7.156655E+9	+5.532328E-1	+7.534511E-1
+7.156670E+9	+5.541945E-1	+7.533262E-1
+7.156685E+9	+5.541299E-1	+7.528677E-1
+7.156700E+9	+5.534296E-1	+7.525300E-1
+7.156715E+9	+5.543019E-1	+7.524512E-1
+7.156730E+9	+5.546417E-1	+7.536619E-1
+7.156745E+9	+5.550362E-1	+7.530196E-1
+7.156760E+9	+5.559329E-1	+7.530790E-1
+7.156775E+9	+5.565046E-1	+7.526057E-1
+7.156790E+9	+5.559504E-1	+7.519013E-1
+7.156805E+9	+5.562738E-1	+7.519500E-1
+7.156820E+9	+5.564283E-1	+7.520994E-1
+7.156835E+9	+5.566113E-1	+7.515900E-1
+7.156850E+9	+5.558553E-1	+7.517852E-1
+7.156865E+9	+5.565374E-1	+7.517763E-1
+7.156880E+9	+5.572809E-1	+7.510583E-1
+7.156895E+9	+5.579280E-1	+7.511702E-1
+7.156910E+9	+5.579386E-1	+7.506194E-1
+7.156925E+9	+5.576683E-1	+7.504584E-1
+7.156940E+9	+5.582682E-1	+7.502869E-1
+7.156955E+9	+5.582708E-1	+7.502055E-1
+7.156970E+9	+5.577898E-1	+7.500969E-1
+7.156985E+9	+5.582481E-1	+7.500436E-1
+7.157000E+9	+5.592280E-1	+7.513391E-1
+7.157015E+9	+5.587846E-1	+7.502736E-1
+7.157030E+9	+5.589319E-1	+7.497631E-1
+7.157045E+9	+5.587483E-1	+7.496411E-1
+7.157060E+9	+5.583829E-1	+7.501678E-1
+7.157075E+9	+5.586015E-1	+7.495908E-1
+7.157090E+9	+5.594348E-1	+7.493547E-1
+7.157105E+9	+5.602079E-1	+7.500381E-1
+7.157120E+9	+5.598867E-1	+7.500058E-1
+7.157135E+9	+5.599855E-1	+7.495507E-1
+7.157150E+9	+5.602430E-1	+7.480824E-1
+7.157165E+9	+5.606962E-1	+7.479684E-1
+7.157180E+9	+5.601872E-1	+7.490315E-1
+7.157195E+9	+5.597708E-1	+7.486372E-1
+7.157210E+9	+5.599926E-1	+7.476059E-1
+7.157225E+9	+5.608139E-1	+7.477893E-1
+7.157240E+9	+5.602770E-1	+7.473428E-1
+7.157255E+9	+5.603818E-1	+7.471538E-1
+7.157270E+9	+5.618071E-1	+7.474675E-1
+7.157285E+9	+5.625067E-1	+7.472053E-1
+7.157300E+9	+5.622232E-1	+7.472013E-1
+7.157315E+9	+5.620165E-1	+7.466479E-1
+7.157330E+9	+5.621856E-1	+7.459250E-1
+7.157345E+9	+5.626636E-1	+7.452359E-1
+7.157360E+9	+5.639020E-1	+7.456589E-1
+7.157375E+9	+5.635240E-1	+7.465757E-1
+7.157390E+9	+5.644884E-1	+7.456451E-1
+7.157405E+9	+5.635122E-1	+7.454362E-1
+7.157420E+9	+5.639851E-1	+7.445333E-1
+7.157435E+9	+5.643799E-1	+7.449109E-1
+7.157450E+9	+5.645791E-1	+7.454681E-1
+7.157465E+9	+5.652168E-1	+7.442846E-1
+7.157480E+9	+5.662106E-1	+7.453248E-1
+7.157495E+9	+5.663583E-1	+7.458351E-1
+7.157510E+9	+5.645979E-1	+7.451484E-1
+7.157525E+9	+5.645231E-1	+7.441739E-1
+7.157540E+9	+5.659861E-1	+7.433346E-1
+7.157555E+9	+5.668629E-1	+7.424194E-1
+7.157570E+9	+5.664545E-1	+7.434477E-1
+7.157585E+9	+5.661728E-1	+7.435544E-1
+7.157600E+9	+5.653279E-1	+7.436407E-1
+7.157615E+9	+5.652046E-1	+7.433986E-1
+7.157630E+9	+5.653061E-1	+7.430861E-1
+7.157645E+9	+5.655954E-1	+7.427775E-1
+7.157660E+9	+5.670878E-1	+7.421337E-1
+7.157675E+9	+5.673474E-1	+7.414707E-1
+7.157690E+9	+5.677267E-1	+7.412705E-1
+7.157705E+9	+5.680329E-1	+7.419588E-1
+7.157720E+9	+5.685043E-1	+7.417925E-1
+7.157735E+9	+5.680667E-1	+7.417106E-1
+7.157750E+9	+5.668216E-1	+7.418547E-1
+7.157765E+9	+5.675288E-1	+7.411193E-1
+7.157780E+9	+5.687296E-1	+7.414986E-1
+7.157795E+9	+5.700697E-1	+7.406309E-1
+7.157810E+9	+5.703620E-1	+7.395070E-1
+7.157825E+9	+5.700785E-1	+7.394778E-1
+7.157840E+9	+5.713977E-1	+7.404524E-1
+7.157855E+9	+5.710301E-1	+7.412702E-1
+7.157870E+9	+5.704043E-1	+7.399440E-1
+7.157885E+9	+5.695777E-1	+7.393716E-1
+7.157900E+9	+5.704603E-1	+7.387601E-1
+7.157915E+9	+5.692899E-1	+7.388063E-1
+7.157930E+9	+5.700954E-1	+7.392618E-1
+7.157945E+9	+5.718099E-1	+7.390582E-1
+7.157960E+9	+5.723431E-1	+7.389662E-1
+7.157975E+9	+5.722724E-1	+7.384842E-1
+7.157990E+9	+5.715101E-1	+7.379163E-1
+7.158005E+9	+5.709282E-1	+7.379215E-1
+7.158020E+9	+5.717124E-1	+7.389912E-1
+7.158035E+9	+5.728894E-1	+7.386400E-1
+7.158050E+9	+5.725621E-1	+7.381852E-1
+7.158065E+9	+5.718798E-1	+7.377189E-1
+7.158080E+9	+5.719244E-1	+7.371853E-1
+7.158095E+9	+5.721603E-1	+7.370691E-1
+7.158110E+9	+5.727147E-1	+7.371107E-1
+7.158125E+9	+5.739831E-1	+7.355146E-1
+7.158140E+9	+5.740340E-1	+7.356287E-1
+7.158155E+9	+5.746404E-1	+7.369350E-1
+7.158170E+9	+5.757465E-1	+7.358470E-1
+7.158185E+9	+5.752769E-1	+7.349826E-1
+7.158200E+9	+5.746871E-1	+7.343540E-1
+7.158215E+9	+5.748252E-1	+7.343316E-1
+7.158230E+9	+5.745035E-1	+7.360349E-1
+7.158245E+9	+5.743991E-1	+7.360142E-1
+7.158260E+9	+5.753311E-1	+7.354412E-1
+7.158275E+9	+5.764305E-1	+7.353302E-1
+7.158290E+9	+5.769064E-1	+7.351568E-1
+7.158305E+9	+5.774626E-1	+7.352304E-1
+7.158320E+9	+5.778061E-1	+7.351102E-1
+7.158335E+9	+5.771234E-1	+7.351953E-1
+7.158350E+9	+5.763957E-1	+7.360018E-1
+7.158365E+9	+5.757803E-1	+7.356653E-1
+7.158380E+9	+5.774581E-1	+7.336425E-1
+7.158395E+9	+5.763995E-1	+7.342540E-1
+7.158410E+9	+5.764242E-1	+7.340652E-1
+7.158425E+9	+5.766132E-1	+7.340325E-1
+7.158440E+9	+5.779730E-1	+7.335733E-1
+7.158455E+9	+5.785864E-1	+7.327415E-1
+7.158470E+9	+5.785399E-1	+7.329849E-1
+7.158485E+9	+5.784348E-1	+7.331798E-1
+7.158500E+9	+5.774408E-1	+7.337008E-1
+7.158515E+9	+5.785489E-1	+7.332151E-1
+7.158530E+9	+5.794355E-1	+7.314806E-1
+7.158545E+9	+5.797265E-1	+7.326250E-1
+7.158560E+9	+5.797013E-1	+7.327315E-1
+7.158575E+9	+5.783885E-1	+7.313210E-1
+7.158590E+9	+5.787768E-1	+7.308506E-1
+7.158605E+9	+5.793698E-1	+7.311152E-1
+7.158620E+9	+5.797555E-1	+7.307598E-1
+7.158635E+9	+5.798658E-1	+7.305775E-1
+7.158650E+9	+5.803097E-1	+7.294707E-1
+7.158665E+9	+5.810092E-1	+7.303320E-1
+7.158680E+9	+5.817096E-1	+7.302134E-1
+7.158695E+9	+5.809878E-1	+7.299988E-1
+7.158710E+9	+5.812129E-1	+7.298933E-1
+7.158725E+9	+5.831362E-1	+7.294203E-1
+7.158740E+9	+5.826812E-1	+7.291913E-1
+7.158755E+9	+5.825335E-1	+7.295813E-1
+7.158770E+9	+5.817623E-1	+7.290841E-1
+7.158785E+9	+5.815667E-1	+7.278576E-1
+7.158800E+9	+5.818134E-1	+7.275201E-1
+7.158815E+9	+5.819790E-1	+7.276038E-1
+7.158830E+9	+5.820862E-1	+7.284314E-1
+7.158845E+9	+5.826398E-1	+7.280688E-1
+7.158860E+9	+5.847084E-1	+7.280664E-1
+7.158875E+9	+5.844426E-1	+7.270641E-1
+7.158890E+9	+5.846067E-1	+7.271903E-1
+7.158905E+9	+5.841394E-1	+7.269569E-1
+7.158920E+9	+5.840529E-1	+7.266537E-1
+7.158935E+9	+5.837872E-1	+7.261719E-1
+7.158950E+9	+5.830180E-1	+7.260513E-1
+7.158965E+9	+5.843775E-1	+7.270272E-1
+7.158980E+9	+5.858138E-1	+7.268625E-1
+7.158995E+9	+5.861131E-1	+7.262900E-1
+7.159010E+9	+5.864105E-1	+7.255066E-1
+7.159025E+9	+5.864197E-1	+7.242934E-1
+7.159040E+9	+5.863957E-1	+7.238725E-1
+7.159055E+9	+5.863025E-1	+7.234277E-1
+7.159070E+9	+5.864060E-1	+7.234350E-1
+7.159085E+9	+5.866512E-1	+7.240120E-1
+7.159100E+9	+5.863935E-1	+7.258385E-1
+7.159115E+9	+5.880638E-1	+7.255881E-1
+7.159130E+9	+5.878014E-1	+7.236728E-1
+7.159145E+9	+5.874080E-1	+7.226981E-1
+7.159160E+9	+5.871680E-1	+7.230194E-1
+7.159175E+9	+5.873312E-1	+7.228276E-1
+7.159190E+9	+5.882873E-1	+7.224509E-1
+7.159205E+9	+5.884089E-1	+7.226071E-1
+7.159220E+9	+5.884399E-1	+7.224156E-1
+7.159235E+9	+5.885909E-1	+7.230402E-1
+7.159250E+9	+5.897012E-1	+7.223315E-1
+7.159265E+9	+5.888917E-1	+7.216976E-1
+7.159280E+9	+5.889068E-1	+7.211011E-1
+7.159295E+9	+5.893732E-1	+7.216347E-1
+7.159310E+9	+5.896176E-1	+7.215408E-1
+7.159325E+9	+5.903135E-1	+7.197748E-1
+7.159340E+9	+5.902633E-1	+7.201902E-1
+7.159355E+9	+5.898222E-1	+7.203768E-1
+7.159370E+9	+5.901968E-1	+7.199440E-1
+7.159385E+9	+5.912410E-1	+7.200563E-1
+7.159400E+9	+5.919360E-1	+7.203477E-1
+7.159415E+9	+5.915000E-1	+7.206034E-1
+7.159430E+9	+5.914525E-1	+7.205037E-1
+7.159445E+9	+5.919923E-1	+7.199809E-1
+7.159460E+9	+5.930102E-1	+7.199366E-1
+7.159475E+9	+5.930518E-1	+7.198992E-1
+7.159490E+9	+5.930200E-1	+7.192015E-1
+7.159505E+9	+5.928563E-1	+7.184576E-1
+7.159520E+9	+5.934525E-1	+7.173371E-1
+7.159535E+9	+5.933882E-1	+7.173268E-1
+7.159550E+9	+5.943125E-1	+7.189854E-1
+7.159565E+9	+5.944925E-1	+7.182637E-1
+7.159580E+9	+5.938730E-1	+7.170002E-1
+7.159595E+9	+5.945837E-1	+7.173273E-1
+7.159610E+9	+5.947786E-1	+7.170623E-1
+7.159625E+9	+5.929776E-1	+7.171059E-1
+7.159640E+9	+5.932030E-1	+7.169356E-1
+7.159655E+9	+5.960459E-1	+7.175865E-1
+7.159670E+9	+5.961102E-1	+7.174864E-1
+7.159685E+9	+5.963480E-1	+7.160459E-1
+7.159700E+9	+5.964447E-1	+7.159639E-1
+7.159715E+9	+5.959448E-1	+7.163291E-1
+7.159730E+9	+5.952958E-1	+7.156084E-1
+7.159745E+9	+5.959143E-1	+7.151686E-1
+7.159760E+9	+5.964505E-1	+7.143117E-1
+7.159775E+9	+5.968563E-1	+7.151375E-1
+7.159790E+9	+5.968866E-1	+7.148698E-1
+7.159805E+9	+5.963747E-1	+7.146567E-1
+7.159820E+9	+5.967710E-1	+7.145810E-1
+7.159835E+9	+5.961427E-1	+7.147397E-1
+7.159850E+9	+5.971948E-1	+7.146450E-1
+7.159865E+9	+5.979712E-1	+7.135233E-1
+7.159880E+9	+5.982260E-1	+7.129138E-1
+7.159895E+9	+5.987503E-1	+7.118254E-1
+7.159910E+9	+6.001413E-1	+7.126270E-1
+7.159925E+9	+5.988479E-1	+7.137047E-1
+7.159940E+9	+5.989388E-1	+7.135015E-1
+7.159955E+9	+5.987464E-1	+7.124333E-1
+7.159970E+9	+5.993258E-1	+7.119610E-1
+7.159985E+9	+5.999139E-1	+7.119638E-1
+7.160000E+9	+5.995643E-1	+7.110907E-1
+7.160015E+9	+6.001235E-1	+7.113862E-1
+7.160030E+9	+6.006388E-1	+7.111436E-1
+7.160045E+9	+6.010501E-1	+7.106134E-1
+7.160060E+9	+6.016914E-1	+7.104084E-1
+7.160075E+9	+6.021858E-1	+7.113099E-1
+7.160090E+9	+6.013363E-1	+7.105112E-1
+7.160105E+9	+6.010330E-1	+7.099537E-1
+7.160120E+9	+6.018943E-1	+7.093643E-1
+7.160135E+9	+6.008612E-1	+7.092657E-1
+7.160150E+9	+6.019774E-1	+7.089741E-1
+7.160165E+9	+6.028804E-1	+7.093087E-1
+7.160180E+9	+6.026492E-1	+7.094904E-1
+7.160195E+9	+6.030235E-1	+7.087682E-1
+7.160210E+9	+6.033915E-1	+7.078164E-1
+7.160225E+9	+6.029811E-1	+7.076451E-1
+7.160240E+9	+6.030457E-1	+7.077121E-1
+7.160255E+9	+6.031811E-1	+7.076231E-1
+7.160270E+9	+6.031090E-1	+7.071786E-1
+7.160285E+9	+6.036102E-1	+7.079109E-1
+7.160300E+9	+6.050851E-1	+7.083957E-1
+7.160315E+9	+6.050049E-1	+7.070470E-1
+7.160330E+9	+6.033405E-1	+7.065117E-1
+7.160345E+9	+6.033963E-1	+7.057073E-1
+7.160360E+9	+6.050816E-1	+7.057385E-1
+7.160375E+9	+6.053018E-1	+7.049810E-1
+7.160390E+9	+6.059426E-1	+7.055240E-1
+7.160405E+9	+6.061142E-1	+7.049583E-1
+7.160420E+9	+6.056375E-1	+7.048563E-1
+7.160435E+9	+6.063288E-1	+7.051307E-1
+7.160450E+9	+6.069208E-1	+7.040060E-1
+7.160465E+9	+6.070809E-1	+7.042127E-1
+7.160480E+9	+6.074522E-1	+7.048284E-1
+7.160495E+9	+6.069820E-1	+7.054055E-1
+7.160510E+9	+6.072871E-1	+7.054216E-1
+7.160525E+9	+6.074138E-1	+7.035992E-1
+7.160540E+9	+6.081053E-1	+7.036577E-1
+7.160555E+9	+6.084680E-1	+7.032708E-1
+7.160570E+9	+6.090392E-1	+7.023348E-1
+7.160585E+9	+6.093746E-1	+7.021709E-1
+7.160600E+9	+6.103822E-1	+7.019719E-1
+7.160615E+9	+6.099688E-1	+7.008174E-1
+7.160630E+9	+6.099295E-1	+7.009388E-1
+7.160645E+9	+6.099877E-1	+7.011360E-1
+7.160660E+9	+6.093783E-1	+7.018713E-1
+7.160675E+9	+6.091633E-1	+7.017470E-1
+7.160690E+9	+6.095673E-1	+7.016131E-1
+7.160705E+9	+6.104520E-1	+7.008585E-1
+7.160720E+9	+6.114722E-1	+7.003856E-1
+7.160735E+9	+6.102089E-1	+7.001789E-1
+7.160750E+9	+6.085865E-1	+6.998817E-1
+7.160765E+9	+6.104102E-1	+6.997723E-1
+7.160780E+9	+6.113733E-1	+6.996430E-1
+7.160795E+9	+6.115422E-1	+6.981075E-1
+7.160810E+9	+6.113840E-1	+6.977321E-1
+7.160825E+9	+6.119220E-1	+6.984702E-1
+7.160840E+9	+6.124295E-1	+6.981986E-1
+7.160855E+9	+6.125657E-1	+6.979530E-1
+7.160870E+9	+6.137989E-1	+6.983613E-1
+7.160885E+9	+6.134291E-1	+6.978195E-1
+7.160900E+9	+6.138803E-1	+6.975822E-1
+7.160915E+9	+6.143647E-1	+6.978174E-1
+7.160930E+9	+6.145552E-1	+6.978897E-1
+7.160945E+9	+6.148151E-1	+6.983993E-1
+7.160960E+9	+6.139678E-1	+6.978790E-1
+7.160975E+9	+6.133301E-1	+6.966600E-1
+7.160990E+9	+6.138104E-1	+6.955575E-1
+7.161005E+9	+6.141356E-1	+6.954286E-1
+7.161020E+9	+6.153154E-1	+6.963079E-1
+7.161035E+9	+6.154028E-1	+6.959979E-1
+7.161050E+9	+6.149280E-1	+6.954437E-1
+7.161065E+9	+6.154584E-1	+6.951697E-1
+7.161080E+9	+6.153534E-1	+6.952010E-1
+7.161095E+9	+6.163938E-1	+6.945870E-1
+7.161110E+9	+6.173962E-1	+6.940631E-1
+7.161125E+9	+6.180002E-1	+6.940001E-1
+7.161140E+9	+6.171658E-1	+6.930088E-1
+7.161155E+9	+6.166637E-1	+6.918421E-1
+7.161170E+9	+6.172848E-1	+6.911860E-1
+7.161185E+9	+6.176222E-1	+6.915560E-1
+7.161200E+9	+6.176608E-1	+6.915768E-1
+7.161215E+9	+6.179478E-1	+6.916061E-1
+7.161230E+9	+6.181741E-1	+6.915963E-1
+7.161245E+9	+6.177443E-1	+6.911651E-1
+7.161260E+9	+6.175096E-1	+6.916403E-1
+7.161275E+9	+6.191131E-1	+6.924845E-1
+7.161290E+9	+6.194915E-1	+6.924614E-1
+7.161305E+9	+6.196368E-1	+6.917245E-1
+7.161320E+9	+6.197002E-1	+6.901928E-1
+7.161335E+9	+6.191176E-1	+6.899057E-1
+7.161350E+9	+6.183275E-1	+6.895374E-1
+7.161365E+9	+6.190371E-1	+6.893839E-1
+7.161380E+9	+6.206654E-1	+6.890437E-1
+7.161395E+9	+6.204549E-1	+6.898186E-1
+7.161410E+9	+6.199043E-1	+6.894912E-1
+7.161425E+9	+6.208754E-1	+6.878387E-1
+7.161440E+9	+6.217378E-1	+6.872738E-1
+7.161455E+9	+6.211712E-1	+6.875071E-1
+7.161470E+9	+6.213938E-1	+6.871932E-1
+7.161485E+9	+6.225257E-1	+6.868042E-1
+7.161500E+9	+6.227042E-1	+6.877839E-1
+7.161515E+9	+6.223201E-1	+6.867778E-1
+7.161530E+9	+6.226329E-1	+6.861103E-1
+7.161545E+9	+6.231828E-1	+6.863811E-1
+7.161560E+9	+6.240278E-1	+6.863545E-1
+7.161575E+9	+6.235261E-1	+6.855870E-1
+7.161590E+9	+6.234103E-1	+6.848021E-1
+7.161605E+9	+6.237194E-1	+6.845443E-1
+7.161620E+9	+6.242079E-1	+6.848778E-1
+7.161635E+9	+6.240825E-1	+6.845188E-1
+7.161650E+9	+6.239522E-1	+6.840647E-1
+7.161665E+9	+6.240224E-1	+6.837937E-1
+7.161680E+9	+6.242298E-1	+6.844245E-1
+7.161695E+9	+6.244141E-1	+6.834377E-1
+7.161710E+9	+6.243556E-1	+6.830994E-1
+7.161725E+9	+6.242985E-1	+6.829795E-1
+7.161740E+9	+6.245354E-1	+6.818711E-1
+7.161755E+9	+6.256043E-1	+6.812462E-1
+7.161770E+9	+6.265729E-1	+6.816112E-1
+7.161785E+9	+6.264255E-1	+6.814375E-1
+7.161800E+9	+6.263315E-1	+6.814899E-1
+7.161815E+9	+6.263695E-1	+6.809035E-1
+7.161830E+9	+6.264266E-1	+6.805125E-1
+7.161845E+9	+6.269427E-1	+6.808576E-1
+7.161860E+9	+6.273678E-1	+6.795411E-1
+7.161875E+9	+6.280821E-1	+6.799780E-1
+7.161890E+9	+6.285634E-1	+6.796992E-1
+7.161905E+9	+6.286937E-1	+6.798943E-1
+7.161920E+9	+6.285688E-1	+6.797043E-1
+7.161935E+9	+6.289601E-1	+6.798195E-1
+7.161950E+9	+6.294421E-1	+6.797381E-1
+7.161965E+9	+6.286853E-1	+6.783472E-1
+7.161980E+9	+6.289694E-1	+6.783939E-1
+7.161995E+9	+6.295922E-1	+6.788669E-1
+7.162010E+9	+6.303897E-1	+6.774007E-1
+7.162025E+9	+6.298816E-1	+6.757791E-1
+7.162040E+9	+6.302899E-1	+6.767151E-1
+7.162055E+9	+6.308861E-1	+6.767807E-1
+7.162070E+9	+6.313807E-1	+6.753625E-1
+7.162085E+9	+6.313873E-1	+6.748867E-1
+7.162100E+9	+6.316959E-1	+6.748879E-1
+7.162115E+9	+6.312190E-1	+6.746575E-1
+7.162130E+9	+6.317528E-1	+6.740275E-1
+7.162145E+9	+6.319949E-1	+6.740861E-1
+7.162160E+9	+6.338753E-1	+6.739818E-1
+7.162175E+9	+6.334638E-1	+6.749817E-1
+7.162190E+9	+6.335404E-1	+6.741203E-1
+7.162205E+9	+6.338995E-1	+6.730505E-1
+7.162220E+9	+6.341731E-1	+6.722861E-1
+7.162235E+9	+6.340445E-1	+6.727852E-1
+7.162250E+9	+6.336736E-1	+6.725132E-1
+7.162265E+9	+6.344188E-1	+6.721326E-1
+7.162280E+9	+6.350249E-1	+6.725070E-1
+7.162295E+9	+6.348355E-1	+6.715739E-1
+7.162310E+9	+6.355020E-1	+6.709326E-1
+7.162325E+9	+6.357041E-1	+6.708436E-1
+7.162340E+9	+6.359286E-1	+6.704711E-1
+7.162355E+9	+6.361171E-1	+6.709326E-1
+7.162370E+9	+6.371163E-1	+6.698842E-1
+7.162385E+9	+6.370946E-1	+6.694760E-1
+7.162400E+9	+6.371059E-1	+6.700848E-1
+7.162415E+9	+6.373050E-1	+6.703504E-1
+7.162430E+9	+6.371059E-1	+6.698710E-1
+7.162445E+9	+6.368433E-1	+6.690444E-1
+7.162460E+9	+6.366812E-1	+6.686937E-1
+7.162475E+9	+6.375511E-1	+6.671990E-1
+7.162490E+9	+6.373855E-1	+6.670477E-1
+7.162505E+9	+6.381653E-1	+6.677462E-1
+7.162520E+9	+6.389727E-1	+6.673786E-1
+7.162535E+9	+6.385789E-1	+6.665246E-1
+7.162550E+9	+6.376895E-1	+6.663174E-1
+7.162565E+9	+6.386091E-1	+6.659035E-1
+7.162580E+9	+6.395069E-1	+6.655413E-1
+7.162595E+9	+6.401369E-1	+6.648838E-1
+7.162610E+9	+6.406861E-1	+6.652007E-1
+7.162625E+9	+6.410395E-1	+6.653994E-1
+7.162640E+9	+6.411078E-1	+6.657340E-1
+7.162655E+9	+6.413773E-1	+6.656064E-1
+7.162670E+9	+6.421614E-1	+6.646554E-1
+7.162685E+9	+6.425707E-1	+6.642004E-1
+7.162700E+9	+6.428594E-1	+6.645505E-1
+7.162715E+9	+6.429416E-1	+6.626746E-1
+7.162730E+9	+6.417873E-1	+6.624517E-1
+7.162745E+9	+6.427122E-1	+6.616326E-1
+7.162760E+9	+6.435859E-1	+6.618902E-1
+7.162775E+9	+6.432522E-1	+6.618984E-1
+7.162790E+9	+6.432747E-1	+6.612419E-1
+7.162805E+9	+6.411624E-1	+6.605972E-1
+7.162820E+9	+6.414330E-1	+6.602645E-1
+7.162835E+9	+6.426717E-1	+6.607583E-1
+7.162850E+9	+6.442499E-1	+6.610791E-1
+7.162865E+9	+6.452337E-1	+6.600511E-1
+7.162880E+9	+6.452499E-1	+6.591845E-1
+7.162895E+9	+6.453757E-1	+6.587747E-1
+7.162910E+9	+6.451962E-1	+6.581358E-1
+7.162925E+9	+6.457419E-1	+6.582400E-1
+7.162940E+9	+6.473415E-1	+6.579346E-1
+7.162955E+9	+6.476312E-1	+6.579790E-1
+7.162970E+9	+6.456176E-1	+6.575268E-1
+7.162985E+9	+6.455098E-1	+6.571017E-1
+7.163000E+9	+6.465577E-1	+6.565244E-1
+7.163015E+9	+6.470638E-1	+6.565428E-1
+7.163030E+9	+6.475352E-1	+6.562911E-1
+7.163045E+9	+6.481588E-1	+6.561295E-1
+7.163060E+9	+6.484412E-1	+6.539756E-1
+7.163075E+9	+6.468245E-1	+6.547657E-1
+7.163090E+9	+6.472710E-1	+6.541969E-1
+7.163105E+9	+6.482304E-1	+6.547077E-1
+7.163120E+9	+6.485833E-1	+6.542098E-1
+7.163135E+9	+6.490759E-1	+6.539740E-1
+7.163150E+9	+6.486865E-1	+6.526343E-1
+7.163165E+9	+6.494083E-1	+6.534566E-1
+7.163180E+9	+6.495779E-1	+6.530833E-1
+7.163195E+9	+6.490403E-1	+6.511468E-1
+7.163210E+9	+6.495153E-1	+6.516349E-1
+7.163225E+9	+6.500093E-1	+6.524817E-1
+7.163240E+9	+6.510768E-1	+6.513279E-1
+7.163255E+9	+6.513819E-1	+6.513481E-1
+7.163270E+9	+6.518060E-1	+6.512810E-1
+7.163285E+9	+6.509094E-1	+6.509309E-1
+7.163300E+9	+6.512993E-1	+6.487541E-1
+7.163315E+9	+6.524160E-1	+6.486869E-1
+7.163330E+9	+6.534298E-1	+6.491040E-1
+7.163345E+9	+6.530637E-1	+6.496480E-1
+7.163360E+9	+6.525083E-1	+6.496523E-1
+7.163375E+9	+6.524471E-1	+6.484903E-1
+7.163390E+9	+6.524595E-1	+6.475994E-1
+7.163405E+9	+6.532333E-1	+6.472412E-1
+7.163420E+9	+6.536540E-1	+6.476358E-1
+7.163435E+9	+6.537544E-1	+6.468641E-1
+7.163450E+9	+6.559758E-1	+6.457066E-1
+7.163465E+9	+6.556516E-1	+6.450427E-1
+7.163480E+9	+6.548677E-1	+6.451543E-1
+7.163495E+9	+6.552185E-1	+6.443815E-1
+7.163510E+9	+6.557712E-1	+6.441339E-1
+7.163525E+9	+6.570481E-1	+6.450495E-1
+7.163540E+9	+6.565087E-1	+6.446953E-1
+7.163555E+9	+6.560331E-1	+6.438194E-1
+7.163570E+9	+6.553784E-1	+6.433621E-1
+7.163585E+9	+6.559909E-1	+6.436161E-1
+7.163600E+9	+6.571098E-1	+6.437375E-1
+7.163615E+9	+6.584238E-1	+6.426760E-1
+7.163630E+9	+6.586201E-1	+6.413921E-1
+7.163645E+9	+6.582411E-1	+6.407209E-1
+7.163660E+9	+6.576561E-1	+6.404666E-1
+7.163675E+9	+6.577897E-1	+6.399583E-1
+7.163690E+9	+6.585298E-1	+6.397442E-1
+7.163705E+9	+6.591589E-1	+6.392826E-1
+7.163720E+9	+6.595320E-1	+6.389305E-1
+7.163735E+9	+6.594040E-1	+6.384652E-1
+7.163750E+9	+6.592956E-1	+6.391734E-1
+7.163765E+9	+6.601944E-1	+6.382777E-1
+7.163780E+9	+6.604764E-1	+6.384172E-1
+7.163795E+9	+6.604946E-1	+6.373508E-1
+7.163810E+9	+6.603140E-1	+6.370808E-1
+7.163825E+9	+6.605473E-1	+6.370817E-1
+7.163840E+9	+6.605948E-1	+6.360358E-1
+7.163855E+9	+6.608307E-1	+6.361236E-1
+7.163870E+9	+6.622297E-1	+6.358360E-1
+7.163885E+9	+6.631565E-1	+6.353450E-1
+7.163900E+9	+6.620414E-1	+6.355817E-1
+7.163915E+9	+6.625650E-1	+6.343723E-1
+7.163930E+9	+6.625979E-1	+6.350728E-1
+7.163945E+9	+6.625267E-1	+6.342895E-1
+7.163960E+9	+6.633374E-1	+6.340350E-1
+7.163975E+9	+6.639623E-1	+6.336099E-1
+7.163990E+9	+6.637562E-1	+6.330965E-1
+7.164005E+9	+6.630848E-1	+6.312949E-1
+7.164020E+9	+6.635505E-1	+6.307938E-1
+7.164035E+9	+6.645416E-1	+6.316807E-1
+7.164050E+9	+6.646387E-1	+6.307191E-1
+7.164065E+9	+6.646047E-1	+6.301100E-1
+7.164080E+9	+6.649027E-1	+6.303284E-1
+7.164095E+9	+6.658107E-1	+6.307120E-1
+7.164110E+9	+6.665224E-1	+6.302120E-1
+7.164125E+9	+6.662906E-1	+6.283319E-1
+7.164140E+9	+6.667270E-1	+6.286273E-1
+7.164155E+9	+6.665340E-1	+6.285616E-1
+7.164170E+9	+6.668295E-1	+6.282492E-1
+7.164185E+9	+6.670355E-1	+6.269834E-1
+7.164200E+9	+6.674128E-1	+6.270149E-1
+7.164215E+9	+6.679291E-1	+6.258642E-1
+7.164230E+9	+6.688606E-1	+6.244302E-1
+7.164245E+9	+6.682175E-1	+6.248663E-1
+7.164260E+9	+6.683670E-1	+6.245270E-1
+7.164275E+9	+6.688199E-1	+6.242993E-1
+7.164290E+9	+6.693721E-1	+6.240676E-1
+7.164305E+9	+6.700432E-1	+6.240355E-1
+7.164320E+9	+6.705594E-1	+6.230354E-1
+7.164335E+9	+6.711883E-1	+6.227939E-1
+7.164350E+9	+6.687170E-1	+6.219452E-1
+7.164365E+9	+6.700660E-1	+6.217864E-1
+7.164380E+9	+6.709641E-1	+6.225330E-1
+7.164395E+9	+6.716033E-1	+6.222410E-1
+7.164410E+9	+6.721168E-1	+6.216693E-1
+7.164425E+9	+6.720039E-1	+6.194036E-1
+7.164440E+9	+6.717363E-1	+6.200671E-1
+7.164455E+9	+6.715522E-1	+6.195278E-1
+7.164470E+9	+6.721650E-1	+6.196460E-1
+7.164485E+9	+6.720876E-1	+6.185134E-1
+7.164500E+9	+6.714184E-1	+6.177074E-1
+7.164515E+9	+6.726668E-1	+6.178682E-1
+7.164530E+9	+6.733840E-1	+6.188203E-1
+7.164545E+9	+6.735124E-1	+6.181468E-1
+7.164560E+9	+6.727842E-1	+6.167771E-1
+7.164575E+9	+6.742601E-1	+6.154919E-1
+7.164590E+9	+6.748252E-1	+6.158129E-1
+7.164605E+9	+6.755008E-1	+6.157621E-1
+7.164620E+9	+6.752724E-1	+6.152768E-1
+7.164635E+9	+6.759332E-1	+6.148353E-1
+7.164650E+9	+6.757237E-1	+6.136508E-1
+7.164665E+9	+6.755492E-1	+6.126593E-1
+7.164680E+9	+6.757135E-1	+6.132267E-1
+7.164695E+9	+6.761538E-1	+6.132799E-1
+7.164710E+9	+6.769014E-1	+6.123647E-1
+7.164725E+9	+6.774456E-1	+6.113474E-1
+7.164740E+9	+6.761243E-1	+6.102934E-1
+7.164755E+9	+6.763926E-1	+6.102191E-1
+7.164770E+9	+6.772599E-1	+6.093801E-1
+7.164785E+9	+6.774811E-1	+6.086211E-1
+7.164800E+9	+6.775035E-1	+6.081479E-1
+7.164815E+9	+6.778718E-1	+6.076960E-1
+7.164830E+9	+6.782727E-1	+6.072821E-1
+7.164845E+9	+6.782276E-1	+6.075874E-1
+7.164860E+9	+6.790205E-1	+6.073509E-1
+7.164875E+9	+6.795664E-1	+6.064818E-1
+7.164890E+9	+6.800830E-1	+6.054340E-1
+7.164905E+9	+6.811106E-1	+6.050059E-1
+7.164920E+9	+6.815065E-1	+6.047815E-1
+7.164935E+9	+6.814053E-1	+6.050544E-1
+7.164950E+9	+6.810738E-1	+6.038335E-1
+7.164965E+9	+6.817503E-1	+6.028614E-1
+7.164980E+9	+6.816969E-1	+6.029385E-1
+7.164995E+9	+6.821491E-1	+6.036380E-1
+7.165010E+9	+6.815902E-1	+6.032188E-1
+7.165025E+9	+6.824289E-1	+6.025938E-1
+7.165040E+9	+6.828320E-1	+6.005939E-1
+7.165055E+9	+6.843128E-1	+5.998556E-1
+7.165070E+9	+6.842113E-1	+5.999740E-1
+7.165085E+9	+6.843092E-1	+5.997508E-1
+7.165100E+9	+6.834290E-1	+5.993980E-1
+7.165115E+9	+6.836334E-1	+5.989088E-1
+7.165130E+9	+6.841198E-1	+5.982017E-1
+7.165145E+9	+6.844694E-1	+5.972923E-1
+7.165160E+9	+6.855966E-1	+5.968868E-1
+7.165175E+9	+6.855000E-1	+5.965646E-1
+7.165190E+9	+6.848528E-1	+5.960047E-1
+7.165205E+9	+6.865315E-1	+5.971616E-1
+7.165220E+9	+6.868631E-1	+5.971086E-1
+7.165235E+9	+6.866761E-1	+5.948502E-1
+7.165250E+9	+6.862779E-1	+5.937100E-1
+7.165265E+9	+6.862866E-1	+5.932245E-1
+7.165280E+9	+6.859680E-1	+5.924343E-1
+7.165295E+9	+6.875882E-1	+5.916658E-1
+7.165310E+9	+6.879446E-1	+5.916754E-1
+7.165325E+9	+6.882226E-1	+5.910659E-1
+7.165340E+9	+6.883175E-1	+5.912382E-1
+7.165355E+9	+6.887721E-1	+5.903628E-1
+7.165370E+9	+6.889746E-1	+5.895645E-1
+7.165385E+9	+6.890545E-1	+5.889904E-1
+7.165400E+9	+6.887773E-1	+5.885436E-1
+7.165415E+9	+6.883965E-1	+5.882078E-1
+7.165430E+9	+6.888395E-1	+5.878783E-1
+7.165445E+9	+6.896403E-1	+5.872476E-1
+7.165460E+9	+6.908921E-1	+5.871555E-1
+7.165475E+9	+6.908494E-1	+5.865376E-1
+7.165490E+9	+6.910699E-1	+5.854160E-1
+7.165505E+9	+6.910885E-1	+5.852838E-1
+7.165520E+9	+6.907960E-1	+5.857681E-1
+7.165535E+9	+6.911274E-1	+5.849594E-1
+7.165550E+9	+6.917569E-1	+5.833058E-1
+7.165565E+9	+6.927270E-1	+5.832599E-1
+7.165580E+9	+6.937668E-1	+5.827538E-1
+7.165595E+9	+6.938181E-1	+5.820972E-1
+7.165610E+9	+6.929875E-1	+5.814392E-1
+7.165625E+9	+6.943148E-1	+5.798558E-1
+7.165640E+9	+6.941836E-1	+5.798301E-1
+7.165655E+9	+6.944562E-1	+5.795196E-1
+7.165670E+9	+6.948872E-1	+5.791057E-1
+7.165685E+9	+6.955513E-1	+5.783039E-1
+7.165700E+9	+6.953601E-1	+5.777515E-1
+7.165715E+9	+6.955643E-1	+5.771264E-1
+7.165730E+9	+6.960379E-1	+5.764047E-1
+7.165745E+9	+6.958846E-1	+5.759361E-1
+7.165760E+9	+6.962898E-1	+5.754996E-1
+7.165775E+9	+6.965932E-1	+5.748502E-1
+7.165790E+9	+6.968190E-1	+5.737140E-1
+7.165805E+9	+6.961815E-1	+5.736947E-1
+7.165820E+9	+6.970148E-1	+5.733697E-1
+7.165835E+9	+6.968100E-1	+5.722618E-1
+7.165850E+9	+6.971964E-1	+5.722551E-1
+7.165865E+9	+6.970539E-1	+5.712616E-1
+7.165880E+9	+6.978139E-1	+5.703843E-1
+7.165895E+9	+6.981354E-1	+5.697912E-1
+7.165910E+9	+6.999331E-1	+5.694146E-1
+7.165925E+9	+6.999542E-1	+5.687965E-1
+7.165940E+9	+6.999351E-1	+5.680002E-1
+7.165955E+9	+6.995841E-1	+5.675877E-1
+7.165970E+9	+6.998442E-1	+5.670559E-1
+7.165985E+9	+7.006702E-1	+5.672023E-1
+7.166000E+9	+7.012504E-1	+5.659850E-1
+7.166015E+9	+7.008732E-1	+5.651480E-1
+7.166030E+9	+7.007651E-1	+5.646402E-1
+7.166045E+9	+7.017179E-1	+5.648660E-1
+7.166060E+9	+7.021304E-1	+5.644446E-1
+7.166075E+9	+7.021508E-1	+5.634172E-1
+7.166090E+9	+7.028338E-1	+5.629686E-1
+7.166105E+9	+7.027686E-1	+5.620379E-1
+7.166120E+9	+7.029374E-1	+5.610069E-1
+7.166135E+9	+7.029450E-1	+5.601616E-1
+7.166150E+9	+7.035940E-1	+5.597280E-1
+7.166165E+9	+7.041837E-1	+5.593288E-1
+7.166180E+9	+7.040625E-1	+5.583527E-1
+7.166195E+9	+7.042963E-1	+5.571347E-1
+7.166210E+9	+7.045636E-1	+5.570549E-1
+7.166225E+9	+7.045548E-1	+5.568296E-1
+7.166240E+9	+7.046623E-1	+5.564126E-1
+7.166255E+9	+7.053548E-1	+5.553397E-1
+7.166270E+9	+7.067167E-1	+5.541407E-1
+7.166285E+9	+7.069659E-1	+5.541807E-1
+7.166300E+9	+7.060889E-1	+5.536407E-1
+7.166315E+9	+7.069884E-1	+5.532288E-1
+7.166330E+9	+7.071465E-1	+5.525339E-1
+7.166345E+9	+7.071119E-1	+5.518043E-1
+7.166360E+9	+7.070814E-1	+5.504456E-1
+7.166375E+9	+7.074303E-1	+5.497940E-1
+7.166390E+9	+7.080035E-1	+5.495318E-1
+7.166405E+9	+7.082626E-1	+5.490731E-1
+7.166420E+9	+7.086329E-1	+5.482421E-1
+7.166435E+9	+7.092185E-1	+5.473471E-1
+7.166450E+9	+7.093776E-1	+5.466436E-1
+7.166465E+9	+7.087999E-1	+5.460110E-1
+7.166480E+9	+7.087666E-1	+5.452821E-1
+7.166495E+9	+7.088940E-1	+5.452995E-1
+7.166510E+9	+7.099573E-1	+5.444145E-1
+7.166525E+9	+7.115215E-1	+5.423304E-1
+7.166540E+9	+7.112238E-1	+5.419390E-1
+7.166555E+9	+7.111682E-1	+5.421962E-1
+7.166570E+9	+7.111187E-1	+5.410567E-1
+7.166585E+9	+7.116072E-1	+5.403079E-1
+7.166600E+9	+7.127902E-1	+5.397571E-1
+7.166615E+9	+7.129368E-1	+5.383688E-1
+7.166630E+9	+7.127343E-1	+5.384756E-1
+7.166645E+9	+7.124052E-1	+5.376272E-1
+7.166660E+9	+7.133582E-1	+5.364784E-1
+7.166675E+9	+7.143335E-1	+5.357909E-1
+7.166690E+9	+7.141363E-1	+5.355567E-1
+7.166705E+9	+7.140245E-1	+5.349267E-1
+7.166720E+9	+7.146136E-1	+5.336852E-1
+7.166735E+9	+7.145820E-1	+5.332297E-1
+7.166750E+9	+7.156057E-1	+5.320376E-1
+7.166765E+9	+7.165477E-1	+5.317260E-1
+7.166780E+9	+7.159896E-1	+5.309317E-1
+7.166795E+9	+7.162934E-1	+5.296457E-1
+7.166810E+9	+7.156300E-1	+5.286706E-1
+7.166825E+9	+7.172987E-1	+5.281467E-1
+7.166840E+9	+7.175482E-1	+5.267957E-1
+7.166855E+9	+7.171264E-1	+5.260324E-1
+7.166870E+9	+7.178074E-1	+5.251005E-1
+7.166885E+9	+7.169941E-1	+5.250955E-1
+7.166900E+9	+7.172859E-1	+5.234674E-1
+7.166915E+9	+7.175973E-1	+5.230486E-1
+7.166930E+9	+7.180054E-1	+5.227821E-1
+7.166945E+9	+7.186580E-1	+5.217184E-1
+7.166960E+9	+7.189128E-1	+5.213137E-1
+7.166975E+9	+7.197184E-1	+5.204364E-1
+7.166990E+9	+7.196749E-1	+5.203134E-1
+7.167005E+9	+7.194431E-1	+5.192810E-1
+7.167020E+9	+7.189670E-1	+5.184653E-1
+7.167035E+9	+7.195109E-1	+5.177798E-1
+7.167050E+9	+7.209156E-1	+5.180164E-1
+7.167065E+9	+7.212270E-1	+5.165679E-1
+7.167080E+9	+7.214400E-1	+5.145779E-1
+7.167095E+9	+7.220207E-1	+5.137655E-1
+7.167110E+9	+7.218212E-1	+5.130508E-1
+7.167125E+9	+7.216300E-1	+5.119220E-1
+7.167140E+9	+7.215306E-1	+5.114287E-1
+7.167155E+9	+7.217280E-1	+5.107660E-1
+7.167170E+9	+7.215004E-1	+5.101925E-1
+7.167185E+9	+7.229940E-1	+5.096988E-1
+7.167200E+9	+7.233809E-1	+5.085990E-1
+7.167215E+9	+7.233872E-1	+5.078776E-1
+7.167230E+9	+7.232816E-1	+5.070121E-1
+7.167245E+9	+7.231792E-1	+5.057276E-1
+7.167260E+9	+7.236744E-1	+5.050290E-1
+7.167275E+9	+7.254505E-1	+5.033289E-1
+7.167290E+9	+7.253880E-1	+5.032109E-1
+7.167305E+9	+7.250415E-1	+5.027048E-1
+7.167320E+9	+7.245773E-1	+5.017411E-1
+7.167335E+9	+7.243937E-1	+5.002981E-1
+7.167350E+9	+7.264662E-1	+4.988641E-1
+7.167365E+9	+7.255660E-1	+4.985486E-1
+7.167380E+9	+7.259621E-1	+4.979142E-1
+7.167395E+9	+7.263466E-1	+4.973283E-1
+7.167410E+9	+7.264988E-1	+4.960657E-1
+7.167425E+9	+7.267352E-1	+4.946348E-1
+7.167440E+9	+7.272983E-1	+4.941230E-1
+7.167455E+9	+7.279298E-1	+4.933784E-1
+7.167470E+9	+7.285818E-1	+4.920916E-1
+7.167485E+9	+7.276860E-1	+4.924709E-1
+7.167500E+9	+7.281449E-1	+4.914954E-1
+7.167515E+9	+7.287602E-1	+4.902976E-1
+7.167530E+9	+7.289276E-1	+4.889767E-1
+7.167545E+9	+7.288393E-1	+4.875797E-1
+7.167560E+9	+7.288703E-1	+4.865970E-1
+7.167575E+9	+7.285713E-1	+4.869515E-1
+7.167590E+9	+7.286341E-1	+4.860265E-1
+7.167605E+9	+7.300309E-1	+4.846820E-1
+7.167620E+9	+7.302753E-1	+4.837422E-1
+7.167635E+9	+7.301529E-1	+4.820929E-1
+7.167650E+9	+7.302197E-1	+4.811551E-1
+7.167665E+9	+7.308171E-1	+4.799822E-1
+7.167680E+9	+7.314015E-1	+4.795122E-1
+7.167695E+9	+7.317009E-1	+4.779959E-1
+7.167710E+9	+7.319083E-1	+4.766564E-1
+7.167725E+9	+7.316091E-1	+4.760640E-1
+7.167740E+9	+7.321433E-1	+4.748737E-1
+7.167755E+9	+7.316931E-1	+4.749766E-1
+7.167770E+9	+7.315766E-1	+4.734185E-1
+7.167785E+9	+7.319727E-1	+4.724271E-1
+7.167800E+9	+7.331046E-1	+4.714423E-1
+7.167815E+9	+7.334257E-1	+4.700146E-1
+7.167830E+9	+7.335319E-1	+4.695909E-1
+7.167845E+9	+7.333706E-1	+4.688045E-1
+7.167860E+9	+7.337938E-1	+4.679483E-1
+7.167875E+9	+7.339092E-1	+4.676896E-1
+7.167890E+9	+7.342460E-1	+4.660789E-1
+7.167905E+9	+7.341861E-1	+4.644454E-1
+7.167920E+9	+7.339198E-1	+4.630476E-1
+7.167935E+9	+7.342874E-1	+4.621541E-1
+7.167950E+9	+7.346174E-1	+4.613386E-1
+7.167965E+9	+7.348771E-1	+4.608813E-1
+7.167980E+9	+7.349645E-1	+4.602114E-1
+7.167995E+9	+7.353343E-1	+4.595623E-1
+7.168010E+9	+7.359790E-1	+4.577769E-1
+7.168025E+9	+7.350387E-1	+4.564697E-1
+7.168040E+9	+7.365535E-1	+4.550093E-1
+7.168055E+9	+7.370954E-1	+4.541426E-1
+7.168070E+9	+7.368162E-1	+4.532837E-1
+7.168085E+9	+7.366182E-1	+4.516619E-1
+7.168100E+9	+7.361923E-1	+4.505960E-1
+7.168115E+9	+7.363239E-1	+4.496333E-1
+7.168130E+9	+7.370206E-1	+4.485475E-1
+7.168145E+9	+7.375918E-1	+4.473414E-1
+7.168160E+9	+7.379192E-1	+4.464211E-1
+7.168175E+9	+7.380534E-1	+4.454860E-1
+7.168190E+9	+7.382652E-1	+4.436946E-1
+7.168205E+9	+7.381043E-1	+4.424449E-1
+7.168220E+9	+7.379547E-1	+4.412948E-1
+7.168235E+9	+7.374530E-1	+4.408386E-1
+7.168250E+9	+7.383638E-1	+4.400626E-1
+7.168265E+9	+7.384501E-1	+4.386133E-1
+7.168280E+9	+7.389528E-1	+4.371900E-1
+7.168295E+9	+7.395278E-1	+4.361277E-1
+7.168310E+9	+7.392660E-1	+4.346065E-1
+7.168325E+9	+7.391081E-1	+4.333434E-1
+7.168340E+9	+7.389638E-1	+4.326803E-1
+7.168355E+9	+7.394052E-1	+4.314102E-1
+7.168370E+9	+7.405850E-1	+4.298348E-1
+7.168385E+9	+7.406963E-1	+4.282226E-1
+7.168400E+9	+7.396571E-1	+4.275244E-1
+7.168415E+9	+7.406554E-1	+4.262458E-1
+7.168430E+9	+7.409360E-1	+4.248104E-1
+7.168445E+9	+7.407900E-1	+4.236048E-1
+7.168460E+9	+7.411670E-1	+4.224712E-1
+7.168475E+9	+7.412487E-1	+4.221506E-1
+7.168490E+9	+7.413920E-1	+4.203957E-1
+7.168505E+9	+7.414452E-1	+4.187734E-1
+7.168520E+9	+7.414526E-1	+4.174627E-1
+7.168535E+9	+7.414609E-1	+4.173579E-1
+7.168550E+9	+7.422927E-1	+4.150756E-1
+7.168565E+9	+7.419772E-1	+4.140457E-1
+7.168580E+9	+7.418894E-1	+4.121539E-1
+7.168595E+9	+7.423038E-1	+4.105325E-1
+7.168610E+9	+7.423012E-1	+4.099661E-1
+7.168625E+9	+7.422669E-1	+4.085086E-1
+7.168640E+9	+7.424252E-1	+4.075341E-1
+7.168655E+9	+7.426939E-1	+4.061670E-1
+7.168670E+9	+7.424858E-1	+4.049026E-1
+7.168685E+9	+7.422711E-1	+4.036357E-1
+7.168700E+9	+7.418383E-1	+4.016114E-1
+7.168715E+9	+7.420700E-1	+4.002206E-1
+7.168730E+9	+7.432206E-1	+3.999446E-1
+7.168745E+9	+7.434665E-1	+3.989929E-1
+7.168760E+9	+7.433234E-1	+3.974728E-1
+7.168775E+9	+7.434473E-1	+3.953653E-1
+7.168790E+9	+7.434381E-1	+3.937765E-1
+7.168805E+9	+7.434877E-1	+3.934341E-1
+7.168820E+9	+7.429971E-1	+3.918939E-1
+7.168835E+9	+7.434659E-1	+3.902432E-1
+7.168850E+9	+7.433603E-1	+3.890023E-1
+7.168865E+9	+7.436085E-1	+3.875643E-1
+7.168880E+9	+7.432550E-1	+3.854758E-1
+7.168895E+9	+7.435499E-1	+3.843347E-1
+7.168910E+9	+7.435104E-1	+3.835563E-1
+7.168925E+9	+7.446279E-1	+3.828760E-1
+7.168940E+9	+7.438450E-1	+3.813353E-1
+7.168955E+9	+7.430060E-1	+3.792908E-1
+7.168970E+9	+7.431239E-1	+3.776470E-1
+7.168985E+9	+7.442159E-1	+3.753518E-1
+7.169000E+9	+7.444569E-1	+3.740458E-1
+7.169015E+9	+7.449193E-1	+3.730549E-1
+7.169030E+9	+7.448321E-1	+3.720008E-1
+7.169045E+9	+7.442519E-1	+3.702362E-1
+7.169060E+9	+7.427752E-1	+3.673459E-1
+7.169075E+9	+7.431047E-1	+3.668557E-1
+7.169090E+9	+7.437304E-1	+3.652279E-1
+7.169105E+9	+7.437159E-1	+3.636633E-1
+7.169120E+9	+7.435807E-1	+3.620516E-1
+7.169135E+9	+7.436342E-1	+3.606160E-1
+7.169150E+9	+7.429788E-1	+3.591457E-1
+7.169165E+9	+7.434016E-1	+3.574697E-1
+7.169180E+9	+7.434965E-1	+3.556967E-1
+7.169195E+9	+7.438498E-1	+3.545464E-1
+7.169210E+9	+7.435511E-1	+3.526471E-1
+7.169225E+9	+7.434016E-1	+3.510947E-1
+7.169240E+9	+7.438678E-1	+3.501173E-1
+7.169255E+9	+7.437581E-1	+3.486144E-1
+7.169270E+9	+7.434368E-1	+3.464998E-1
+7.169285E+9	+7.433155E-1	+3.447763E-1
+7.169300E+9	+7.434101E-1	+3.433883E-1
+7.169315E+9	+7.431216E-1	+3.416568E-1
+7.169330E+9	+7.424730E-1	+3.408497E-1
+7.169345E+9	+7.419676E-1	+3.389417E-1
+7.169360E+9	+7.432600E-1	+3.367772E-1
+7.169375E+9	+7.423105E-1	+3.349868E-1
+7.169390E+9	+7.422910E-1	+3.336630E-1
+7.169405E+9	+7.429925E-1	+3.315657E-1
+7.169420E+9	+7.422703E-1	+3.296208E-1
+7.169435E+9	+7.416860E-1	+3.280845E-1
+7.169450E+9	+7.415355E-1	+3.265944E-1
+7.169465E+9	+7.419608E-1	+3.248010E-1
+7.169480E+9	+7.416147E-1	+3.232260E-1
+7.169495E+9	+7.414193E-1	+3.214707E-1
+7.169510E+9	+7.415121E-1	+3.197726E-1
+7.169525E+9	+7.413379E-1	+3.180675E-1
+7.169540E+9	+7.406428E-1	+3.161085E-1
+7.169555E+9	+7.400334E-1	+3.149700E-1
+7.169570E+9	+7.395191E-1	+3.132528E-1
+7.169585E+9	+7.398218E-1	+3.113619E-1
+7.169600E+9	+7.405272E-1	+3.093515E-1
+7.169615E+9	+7.397499E-1	+3.077679E-1
+7.169630E+9	+7.393605E-1	+3.060028E-1
+7.169645E+9	+7.390949E-1	+3.035207E-1
+7.169660E+9	+7.387081E-1	+3.016139E-1
+7.169675E+9	+7.382237E-1	+3.000222E-1
+7.169690E+9	+7.382589E-1	+2.983733E-1
+7.169705E+9	+7.381634E-1	+2.960555E-1
+7.169720E+9	+7.377393E-1	+2.938980E-1
+7.169735E+9	+7.374851E-1	+2.923201E-1
+7.169750E+9	+7.373021E-1	+2.906217E-1
+7.169765E+9	+7.370379E-1	+2.887426E-1
+7.169780E+9	+7.363749E-1	+2.866458E-1
+7.169795E+9	+7.361027E-1	+2.845503E-1
+7.169810E+9	+7.360595E-1	+2.825060E-1
+7.169825E+9	+7.358795E-1	+2.812630E-1
+7.169840E+9	+7.357795E-1	+2.792708E-1
+7.169855E+9	+7.351990E-1	+2.771727E-1
+7.169870E+9	+7.347748E-1	+2.753441E-1
+7.169885E+9	+7.344157E-1	+2.738005E-1
+7.169900E+9	+7.332435E-1	+2.708760E-1
+7.169915E+9	+7.329189E-1	+2.695235E-1
+7.169930E+9	+7.324452E-1	+2.674179E-1
+7.169945E+9	+7.318015E-1	+2.653539E-1
+7.169960E+9	+7.316477E-1	+2.630917E-1
+7.169975E+9	+7.309841E-1	+2.611177E-1
+7.169990E+9	+7.309021E-1	+2.591739E-1
+7.170005E+9	+7.303282E-1	+2.569954E-1
+7.170020E+9	+7.292173E-1	+2.552788E-1
+7.170035E+9	+7.287663E-1	+2.527225E-1
+7.170050E+9	+7.288250E-1	+2.507824E-1
+7.170065E+9	+7.279621E-1	+2.487433E-1
+7.170080E+9	+7.270353E-1	+2.472015E-1
+7.170095E+9	+7.261660E-1	+2.450936E-1
+7.170110E+9	+7.261224E-1	+2.426389E-1
+7.170125E+9	+7.260246E-1	+2.404920E-1
+7.170140E+9	+7.249672E-1	+2.388867E-1
+7.170155E+9	+7.236522E-1	+2.367767E-1
+7.170170E+9	+7.227324E-1	+2.344807E-1
+7.170185E+9	+7.226745E-1	+2.317610E-1
+7.170200E+9	+7.218129E-1	+2.300991E-1
+7.170215E+9	+7.213888E-1	+2.277072E-1
+7.170230E+9	+7.208102E-1	+2.255829E-1
+7.170245E+9	+7.201405E-1	+2.233372E-1
+7.170260E+9	+7.189648E-1	+2.213497E-1
+7.170275E+9	+7.181858E-1	+2.186634E-1
+7.170290E+9	+7.175135E-1	+2.166248E-1
+7.170305E+9	+7.168598E-1	+2.141724E-1
+7.170320E+9	+7.159704E-1	+2.117893E-1
+7.170335E+9	+7.144803E-1	+2.101699E-1
+7.170350E+9	+7.139831E-1	+2.071556E-1
+7.170365E+9	+7.134438E-1	+2.050543E-1
+7.170380E+9	+7.123682E-1	+2.032800E-1
+7.170395E+9	+7.116828E-1	+2.008916E-1
+7.170410E+9	+7.108017E-1	+1.984172E-1
+7.170425E+9	+7.103943E-1	+1.962253E-1
+7.170440E+9	+7.091083E-1	+1.936707E-1
+7.170455E+9	+7.076951E-1	+1.919244E-1
+7.170470E+9	+7.070217E-1	+1.894475E-1
+7.170485E+9	+7.058488E-1	+1.870375E-1
+7.170500E+9	+7.046494E-1	+1.840378E-1
+7.170515E+9	+7.040412E-1	+1.815645E-1
+7.170530E+9	+7.035671E-1	+1.794982E-1
+7.170545E+9	+7.028567E-1	+1.769584E-1
+7.170560E+9	+7.005930E-1	+1.752559E-1
+7.170575E+9	+6.994774E-1	+1.721597E-1
+7.170590E+9	+6.981489E-1	+1.696126E-1
+7.170605E+9	+6.970366E-1	+1.675217E-1
+7.170620E+9	+6.960714E-1	+1.653421E-1
+7.170635E+9	+6.946469E-1	+1.628221E-1
+7.170650E+9	+6.928556E-1	+1.600364E-1
+7.170665E+9	+6.919079E-1	+1.572657E-1
+7.170680E+9	+6.913931E-1	+1.555193E-1
+7.170695E+9	+6.894884E-1	+1.528962E-1
+7.170710E+9	+6.884062E-1	+1.505516E-1
+7.170725E+9	+6.870413E-1	+1.480776E-1
+7.170740E+9	+6.854286E-1	+1.457366E-1
+7.170755E+9	+6.839217E-1	+1.429155E-1
+7.170770E+9	+6.825364E-1	+1.400160E-1
+7.170785E+9	+6.813389E-1	+1.377826E-1
+7.170800E+9	+6.796395E-1	+1.362553E-1
+7.170815E+9	+6.781352E-1	+1.336256E-1
+7.170830E+9	+6.768034E-1	+1.310479E-1
+7.170845E+9	+6.750562E-1	+1.282523E-1
+7.170860E+9	+6.731713E-1	+1.256044E-1
+7.170875E+9	+6.715961E-1	+1.230867E-1
+7.170890E+9	+6.701133E-1	+1.203708E-1
+7.170905E+9	+6.684633E-1	+1.176777E-1
+7.170920E+9	+6.667066E-1	+1.150677E-1
+7.170935E+9	+6.649315E-1	+1.125236E-1
+7.170950E+9	+6.632064E-1	+1.102716E-1
+7.170965E+9	+6.615931E-1	+1.077949E-1
+7.170980E+9	+6.599693E-1	+1.050626E-1
+7.170995E+9	+6.579885E-1	+1.026149E-1
+7.171010E+9	+6.559573E-1	+1.000990E-1
+7.171025E+9	+6.540686E-1	+9.746202E-2
+7.171040E+9	+6.524659E-1	+9.460503E-2
+7.171055E+9	+6.505718E-1	+9.176141E-2
+7.171070E+9	+6.482089E-1	+8.935444E-2
+7.171085E+9	+6.459336E-1	+8.693728E-2
+7.171100E+9	+6.437616E-1	+8.420618E-2
+7.171115E+9	+6.414631E-1	+8.144838E-2
+7.171130E+9	+6.397339E-1	+7.874339E-2
+7.171145E+9	+6.377870E-1	+7.586093E-2
+7.171160E+9	+6.356407E-1	+7.365574E-2
+7.171175E+9	+6.336677E-1	+7.111034E-2
+7.171190E+9	+6.313626E-1	+6.855684E-2
+7.171205E+9	+6.288675E-1	+6.580736E-2
+7.171220E+9	+6.265029E-1	+6.317309E-2
+7.171235E+9	+6.237985E-1	+6.055936E-2
+7.171250E+9	+6.215442E-1	+5.813038E-2
+7.171265E+9	+6.192161E-1	+5.528741E-2
+7.171280E+9	+6.166655E-1	+5.304295E-2
+7.171295E+9	+6.142501E-1	+5.013429E-2
+7.171310E+9	+6.118753E-1	+4.760462E-2
+7.171325E+9	+6.094183E-1	+4.563559E-2
+7.171340E+9	+6.065903E-1	+4.301056E-2
+7.171355E+9	+6.033550E-1	+4.017540E-2
+7.171370E+9	+6.004980E-1	+3.790327E-2
+7.171385E+9	+5.980012E-1	+3.547359E-2
+7.171400E+9	+5.955356E-1	+3.320183E-2
+7.171415E+9	+5.929652E-1	+3.061442E-2
+7.171430E+9	+5.903215E-1	+2.862494E-2
+7.171445E+9	+5.871163E-1	+2.611288E-2
+7.171460E+9	+5.840655E-1	+2.375123E-2
+7.171475E+9	+5.813536E-1	+2.108634E-2
+7.171490E+9	+5.781989E-1	+1.872932E-2
+7.171505E+9	+5.748187E-1	+1.637069E-2
+7.171520E+9	+5.716060E-1	+1.391559E-2
+7.171535E+9	+5.683919E-1	+1.159632E-2
+7.171550E+9	+5.658108E-1	+8.903598E-3
+7.171565E+9	+5.626351E-1	+6.494253E-3
+7.171580E+9	+5.593964E-1	+4.069500E-3
+7.171595E+9	+5.561681E-1	+1.728311E-3
+7.171610E+9	+5.524763E-1	-9.696684E-4
+7.171625E+9	+5.492237E-1	-3.314921E-3
+7.171640E+9	+5.456209E-1	-5.867780E-3
+7.171655E+9	+5.420827E-1	-8.252168E-3
+7.171670E+9	+5.387342E-1	-1.044075E-2
+7.171685E+9	+5.352203E-1	-1.270216E-2
+7.171700E+9	+5.314910E-1	-1.509839E-2
+7.171715E+9	+5.279169E-1	-1.760484E-2
+7.171730E+9	+5.243100E-1	-2.005555E-2
+7.171745E+9	+5.207153E-1	-2.232088E-2
+7.171760E+9	+5.167323E-1	-2.432994E-2
+7.171775E+9	+5.125066E-1	-2.640930E-2
+7.171790E+9	+5.089014E-1	-2.881955E-2
+7.171805E+9	+5.053825E-1	-3.090985E-2
+7.171820E+9	+5.015112E-1	-3.295501E-2
+7.171835E+9	+4.970178E-1	-3.474511E-2
+7.171850E+9	+4.928161E-1	-3.720806E-2
+7.171865E+9	+4.887455E-1	-3.898973E-2
+7.171880E+9	+4.847474E-1	-4.100866E-2
+7.171895E+9	+4.806391E-1	-4.308336E-2
+7.171910E+9	+4.764372E-1	-4.513052E-2
+7.171925E+9	+4.722477E-1	-4.723735E-2
+7.171940E+9	+4.678539E-1	-4.877313E-2
+7.171955E+9	+4.631367E-1	-5.057979E-2
+7.171970E+9	+4.586255E-1	-5.264144E-2
+7.171985E+9	+4.544401E-1	-5.454294E-2
+7.172000E+9	+4.501306E-1	-5.615832E-2
+7.172015E+9	+4.454312E-1	-5.787589E-2
+7.172030E+9	+4.408251E-1	-5.949118E-2
+7.172045E+9	+4.363862E-1	-6.095699E-2
+7.172060E+9	+4.317229E-1	-6.262247E-2
+7.172075E+9	+4.269742E-1	-6.426974E-2
+7.172090E+9	+4.222441E-1	-6.577360E-2
+7.172105E+9	+4.174920E-1	-6.701493E-2
+7.172120E+9	+4.126100E-1	-6.824765E-2
+7.172135E+9	+4.075428E-1	-6.961775E-2
+7.172150E+9	+4.025721E-1	-7.121634E-2
+7.172165E+9	+3.977923E-1	-7.242769E-2
+7.172180E+9	+3.927972E-1	-7.368106E-2
+7.172195E+9	+3.876038E-1	-7.485442E-2
+7.172210E+9	+3.825784E-1	-7.592859E-2
+7.172225E+9	+3.774700E-1	-7.690942E-2
+7.172240E+9	+3.723024E-1	-7.784224E-2
+7.172255E+9	+3.671236E-1	-7.876237E-2
+7.172270E+9	+3.618674E-1	-7.951263E-2
+7.172285E+9	+3.569908E-1	-8.045026E-2
+7.172300E+9	+3.515516E-1	-8.113921E-2
+7.172315E+9	+3.460515E-1	-8.196000E-2
+7.172330E+9	+3.406425E-1	-8.256849E-2
+7.172345E+9	+3.353949E-1	-8.298123E-2
+7.172360E+9	+3.299689E-1	-8.347941E-2
+7.172375E+9	+3.244125E-1	-8.401857E-2
+7.172390E+9	+3.189157E-1	-8.452098E-2
+7.172405E+9	+3.132343E-1	-8.512182E-2
+7.172420E+9	+3.078793E-1	-8.523469E-2
+7.172435E+9	+3.022778E-1	-8.519346E-2
+7.172450E+9	+2.966671E-1	-8.549637E-2
+7.172465E+9	+2.911655E-1	-8.566778E-2
+7.172480E+9	+2.854434E-1	-8.565455E-2
+7.172495E+9	+2.797148E-1	-8.547382E-2
+7.172510E+9	+2.740762E-1	-8.512375E-2
+7.172525E+9	+2.685179E-1	-8.483753E-2
+7.172540E+9	+2.628323E-1	-8.443885E-2
+7.172555E+9	+2.571109E-1	-8.398665E-2
+7.172570E+9	+2.514345E-1	-8.364044E-2
+7.172585E+9	+2.457183E-1	-8.310497E-2
+7.172600E+9	+2.396703E-1	-8.259909E-2
+7.172615E+9	+2.339649E-1	-8.184145E-2
+7.172630E+9	+2.280996E-1	-8.115351E-2
+7.172645E+9	+2.223180E-1	-8.027119E-2
+7.172660E+9	+2.165676E-1	-7.913090E-2
+7.172675E+9	+2.108065E-1	-7.805473E-2
+7.172690E+9	+2.049781E-1	-7.706550E-2
+7.172705E+9	+1.993248E-1	-7.585290E-2
+7.172720E+9	+1.934060E-1	-7.463538E-2
+7.172735E+9	+1.874928E-1	-7.328454E-2
+7.172750E+9	+1.816174E-1	-7.188137E-2
+7.172765E+9	+1.757981E-1	-7.036725E-2
+7.172780E+9	+1.701380E-1	-6.883292E-2
+7.172795E+9	+1.643334E-1	-6.691264E-2
+7.172810E+9	+1.585992E-1	-6.526561E-2
+7.172825E+9	+1.529907E-1	-6.362914E-2
+7.172840E+9	+1.471474E-1	-6.168086E-2
+7.172855E+9	+1.413251E-1	-5.945416E-2
+7.172870E+9	+1.356025E-1	-5.734928E-2
+7.172885E+9	+1.300446E-1	-5.539210E-2
+7.172900E+9	+1.242456E-1	-5.314269E-2
+7.172915E+9	+1.185539E-1	-5.071052E-2
+7.172930E+9	+1.128995E-1	-4.821782E-2
+7.172945E+9	+1.072589E-1	-4.563167E-2
+7.172960E+9	+1.019923E-1	-4.310984E-2
+7.172975E+9	+9.637489E-2	-4.062064E-2
+7.172990E+9	+9.082222E-2	-3.786774E-2
+7.173005E+9	+8.527891E-2	-3.487821E-2
+7.173020E+9	+7.987838E-2	-3.198247E-2
+7.173035E+9	+7.440862E-2	-2.899473E-2
+7.173050E+9	+6.897391E-2	-2.606924E-2
+7.173065E+9	+6.372095E-2	-2.294563E-2
+7.173080E+9	+5.847444E-2	-1.963353E-2
+7.173095E+9	+5.322475E-2	-1.618465E-2
+7.173110E+9	+4.791380E-2	-1.290425E-2
+7.173125E+9	+4.284997E-2	-9.638182E-3
+7.173140E+9	+3.770297E-2	-6.210657E-3
+7.173155E+9	+3.279629E-2	-2.579407E-3
+7.173170E+9	+2.776230E-2	+1.203854E-3
+7.173185E+9	+2.262218E-2	+4.989993E-3
+7.173200E+9	+1.757732E-2	+8.702992E-3
+7.173215E+9	+1.295341E-2	+1.241556E-2
+7.173230E+9	+8.307172E-3	+1.627277E-2
+7.173245E+9	+3.399909E-3	+2.035237E-2
+7.173260E+9	-1.382910E-3	+2.440187E-2
+7.173275E+9	-6.075698E-3	+2.851592E-2
+7.173290E+9	-1.069424E-2	+3.277522E-2
+7.173305E+9	-1.502564E-2	+3.709237E-2
+7.173320E+9	-1.943983E-2	+4.133554E-2
+7.173335E+9	-2.383378E-2	+4.565408E-2
+7.173350E+9	-2.801606E-2	+4.986950E-2
+7.173365E+9	-3.231139E-2	+5.436818E-2
+7.173380E+9	-3.654985E-2	+5.884822E-2
+7.173395E+9	-4.073247E-2	+6.343227E-2
+7.173410E+9	-4.477669E-2	+6.791773E-2
+7.173425E+9	-4.874416E-2	+7.267159E-2
+7.173440E+9	-5.260364E-2	+7.727026E-2
+7.173455E+9	-5.634970E-2	+8.207244E-2
+7.173470E+9	-6.020223E-2	+8.712459E-2
+7.173485E+9	-6.386287E-2	+9.194825E-2
+7.173500E+9	-6.749735E-2	+9.672184E-2
+7.173515E+9	-7.115376E-2	+1.016136E-1
+7.173530E+9	-7.459462E-2	+1.064879E-1
+7.173545E+9	-7.788381E-2	+1.114268E-1
+7.173560E+9	-8.109790E-2	+1.163421E-1
+7.173575E+9	-8.428845E-2	+1.213515E-1
+7.173590E+9	-8.740760E-2	+1.265851E-1
+7.173605E+9	-9.041072E-2	+1.317941E-1
+7.173620E+9	-9.336747E-2	+1.368618E-1
+7.173635E+9	-9.640286E-2	+1.419873E-1
+7.173650E+9	-9.935458E-2	+1.471127E-1
+7.173665E+9	-1.020913E-1	+1.524531E-1
+7.173680E+9	-1.047601E-1	+1.574358E-1
+7.173695E+9	-1.073721E-1	+1.625672E-1
+7.173710E+9	-1.099547E-1	+1.678904E-1
+7.173725E+9	-1.121636E-1	+1.730558E-1
+7.173740E+9	-1.147015E-1	+1.783712E-1
+7.173755E+9	-1.171268E-1	+1.837640E-1
+7.173770E+9	-1.192774E-1	+1.890144E-1
+7.173785E+9	-1.214439E-1	+1.942887E-1
+7.173800E+9	-1.234671E-1	+1.994708E-1
+7.173815E+9	-1.255290E-1	+2.047159E-1
+7.173830E+9	-1.275340E-1	+2.101392E-1
+7.173845E+9	-1.294297E-1	+2.155973E-1
+7.173860E+9	-1.311351E-1	+2.209733E-1
+7.173875E+9	-1.326424E-1	+2.261723E-1
+7.173890E+9	-1.342833E-1	+2.314787E-1
+7.173905E+9	-1.357864E-1	+2.368812E-1
+7.173920E+9	-1.374004E-1	+2.421772E-1
+7.173935E+9	-1.388803E-1	+2.473486E-1
+7.173950E+9	-1.403421E-1	+2.526630E-1
+7.173965E+9	-1.415507E-1	+2.581154E-1
+7.173980E+9	-1.428564E-1	+2.634576E-1
+7.173995E+9	-1.439262E-1	+2.687878E-1
+7.174010E+9	-1.449694E-1	+2.739804E-1
+7.174025E+9	-1.460162E-1	+2.792222E-1
+7.174040E+9	-1.470310E-1	+2.845568E-1
+7.174055E+9	-1.481878E-1	+2.896327E-1
+7.174070E+9	-1.488858E-1	+2.947938E-1
+7.174085E+9	-1.494549E-1	+2.999601E-1
+7.174100E+9	-1.503362E-1	+3.052910E-1
+7.174115E+9	-1.508390E-1	+3.104119E-1
+7.174130E+9	-1.511757E-1	+3.154373E-1
+7.174145E+9	-1.515810E-1	+3.207269E-1
+7.174160E+9	-1.519055E-1	+3.255288E-1
+7.174175E+9	-1.525831E-1	+3.305760E-1
+7.174190E+9	-1.528429E-1	+3.355108E-1
+7.174205E+9	-1.530753E-1	+3.406285E-1
+7.174220E+9	-1.532172E-1	+3.458626E-1
+7.174235E+9	-1.533805E-1	+3.507687E-1
+7.174250E+9	-1.533003E-1	+3.557824E-1
+7.174265E+9	-1.535125E-1	+3.609811E-1
+7.174280E+9	-1.536495E-1	+3.656774E-1
+7.174295E+9	-1.535965E-1	+3.703817E-1
+7.174310E+9	-1.533962E-1	+3.749612E-1
+7.174325E+9	-1.527708E-1	+3.801371E-1
+7.174340E+9	-1.526411E-1	+3.848846E-1
+7.174355E+9	-1.521966E-1	+3.894380E-1
+7.174370E+9	-1.517188E-1	+3.941620E-1
+7.174385E+9	-1.515179E-1	+3.986369E-1
+7.174400E+9	-1.511950E-1	+4.032469E-1
+7.174415E+9	-1.510288E-1	+4.080635E-1
+7.174430E+9	-1.505597E-1	+4.129730E-1
+7.174445E+9	-1.500309E-1	+4.174047E-1
+7.174460E+9	-1.493179E-1	+4.219291E-1
+7.174475E+9	-1.488499E-1	+4.265834E-1
+7.174490E+9	-1.481988E-1	+4.310064E-1
+7.174505E+9	-1.472219E-1	+4.351652E-1
+7.174520E+9	-1.461959E-1	+4.395350E-1
+7.174535E+9	-1.455458E-1	+4.440488E-1
+7.174550E+9	-1.452670E-1	+4.482897E-1
+7.174565E+9	-1.442359E-1	+4.527747E-1
+7.174580E+9	-1.431440E-1	+4.571241E-1
+7.174595E+9	-1.421539E-1	+4.611845E-1
+7.174610E+9	-1.409876E-1	+4.652797E-1
+7.174625E+9	-1.400904E-1	+4.697054E-1
+7.174640E+9	-1.392147E-1	+4.737719E-1
+7.174655E+9	-1.380505E-1	+4.776132E-1
+7.174670E+9	-1.366636E-1	+4.814173E-1
+7.174685E+9	-1.355155E-1	+4.854934E-1
+7.174700E+9	-1.345977E-1	+4.901686E-1
+7.174715E+9	-1.334376E-1	+4.937152E-1
+7.174730E+9	-1.319788E-1	+4.974011E-1
+7.174745E+9	-1.310348E-1	+5.015340E-1
+7.174760E+9	-1.297497E-1	+5.053379E-1
+7.174775E+9	-1.284398E-1	+5.091751E-1
+7.174790E+9	-1.272992E-1	+5.131797E-1
+7.174805E+9	-1.261508E-1	+5.165789E-1
+7.174820E+9	-1.247151E-1	+5.204118E-1
+7.174835E+9	-1.230966E-1	+5.241298E-1
+7.174850E+9	-1.218964E-1	+5.273437E-1
+7.174865E+9	-1.203837E-1	+5.313437E-1
+7.174880E+9	-1.188962E-1	+5.351107E-1
+7.174895E+9	-1.173267E-1	+5.388775E-1
+7.174910E+9	-1.157171E-1	+5.424179E-1
+7.174925E+9	-1.147372E-1	+5.453083E-1
+7.174940E+9	-1.128700E-1	+5.486516E-1
+7.174955E+9	-1.109438E-1	+5.517945E-1
+7.174970E+9	-1.096382E-1	+5.553514E-1
+7.174985E+9	-1.079575E-1	+5.591748E-1
+7.175000E+9	-1.063441E-1	+5.621431E-1
+7.175015E+9	-1.051497E-1	+5.655733E-1
+7.175030E+9	-1.035321E-1	+5.684528E-1
+7.175045E+9	-1.018655E-1	+5.714931E-1
+7.175060E+9	-1.001619E-1	+5.745415E-1
+7.175075E+9	-9.831250E-2	+5.778443E-1
+7.175090E+9	-9.665042E-2	+5.811637E-1
+7.175105E+9	-9.497905E-2	+5.844273E-1
+7.175120E+9	-9.308810E-2	+5.871979E-1
+7.175135E+9	-9.134961E-2	+5.902004E-1
+7.175150E+9	-9.051772E-2	+5.932394E-1
+7.175165E+9	-8.828607E-2	+5.961409E-1
+7.175180E+9	-8.629213E-2	+5.991193E-1
+7.175195E+9	-8.475661E-2	+6.021029E-1
+7.175210E+9	-8.309990E-2	+6.048255E-1
+7.175225E+9	-8.107837E-2	+6.077746E-1
+7.175240E+9	-7.947734E-2	+6.106326E-1
+7.175255E+9	-7.772398E-2	+6.134669E-1
+7.175270E+9	-7.597291E-2	+6.161473E-1
+7.175285E+9	-7.394862E-2	+6.188241E-1
+7.175300E+9	-7.150696E-2	+6.214462E-1
+7.175315E+9	-6.998893E-2	+6.236438E-1
+7.175330E+9	-6.868156E-2	+6.261385E-1
+7.175345E+9	-6.708826E-2	+6.289454E-1
+7.175360E+9	-6.564871E-2	+6.318919E-1
+7.175375E+9	-6.364244E-2	+6.343409E-1
+7.175390E+9	-6.153837E-2	+6.367004E-1
+7.175405E+9	-5.896625E-2	+6.392316E-1
+7.175420E+9	-5.713338E-2	+6.418638E-1
+7.175435E+9	-5.550686E-2	+6.443158E-1
+7.175450E+9	-5.410440E-2	+6.464823E-1
+7.175465E+9	-5.204142E-2	+6.484401E-1
+7.175480E+9	-4.994100E-2	+6.504725E-1
+7.175495E+9	-4.792321E-2	+6.537253E-1
+7.175510E+9	-4.593194E-2	+6.566360E-1
+7.175525E+9	-4.419629E-2	+6.579277E-1
+7.175540E+9	-4.216695E-2	+6.602164E-1
+7.175555E+9	-4.026027E-2	+6.624648E-1
+7.175570E+9	-3.853652E-2	+6.649817E-1
+7.175585E+9	-3.633834E-2	+6.673372E-1
+7.175600E+9	-3.422834E-2	+6.689791E-1
+7.175615E+9	-3.133134E-2	+6.716458E-1
+7.175630E+9	-2.908748E-2	+6.742456E-1
+7.175645E+9	-2.722002E-2	+6.764671E-1
+7.175660E+9	-2.441080E-2	+6.784485E-1
+7.175675E+9	-2.200419E-2	+6.806963E-1
+7.175690E+9	-2.006779E-2	+6.823208E-1
+7.175705E+9	-1.797225E-2	+6.836158E-1
+7.175720E+9	-1.592053E-2	+6.857885E-1
+7.175735E+9	-1.492449E-2	+6.882085E-1
+7.175750E+9	-1.325822E-2	+6.899615E-1
+7.175765E+9	-1.115471E-2	+6.914684E-1
+7.175780E+9	-8.706076E-3	+6.936402E-1
+7.175795E+9	-7.076914E-3	+6.956172E-1
+7.175810E+9	-5.453601E-3	+6.971715E-1
+7.175825E+9	-3.729687E-3	+6.985034E-1
+7.175840E+9	-1.580410E-3	+7.007572E-1
+7.175855E+9	+4.431006E-4	+7.026459E-1
+7.175870E+9	+2.281225E-3	+7.043201E-1
+7.175885E+9	+4.332111E-3	+7.062528E-1
+7.175900E+9	+6.276640E-3	+7.078855E-1
+7.175915E+9	+8.419928E-3	+7.095080E-1
+7.175930E+9	+1.042195E-2	+7.113361E-1
+7.175945E+9	+1.271350E-2	+7.132419E-1
+7.175960E+9	+1.469536E-2	+7.146037E-1
+7.175975E+9	+1.642566E-2	+7.160001E-1
+7.175990E+9	+1.819076E-2	+7.175200E-1
+7.176005E+9	+2.005677E-2	+7.190817E-1
+7.176020E+9	+2.218949E-2	+7.211549E-1
+7.176035E+9	+2.403798E-2	+7.223340E-1
+7.176050E+9	+2.504561E-2	+7.230887E-1
+7.176065E+9	+2.676552E-2	+7.249284E-1
+7.176080E+9	+2.918256E-2	+7.271350E-1
+7.176095E+9	+3.118158E-2	+7.279811E-1
+7.176110E+9	+3.342172E-2	+7.289933E-1
+7.176125E+9	+3.545815E-2	+7.306120E-1
+7.176140E+9	+3.759609E-2	+7.322647E-1
+7.176155E+9	+3.874424E-2	+7.331137E-1
+7.176170E+9	+4.052112E-2	+7.347111E-1
+7.176185E+9	+4.216617E-2	+7.361534E-1
+7.176200E+9	+4.400189E-2	+7.376913E-1
+7.176215E+9	+4.595263E-2	+7.393341E-1
+7.176230E+9	+4.860342E-2	+7.401592E-1
+7.176245E+9	+5.006298E-2	+7.408735E-1
+7.176260E+9	+5.180339E-2	+7.422098E-1
+7.176275E+9	+5.423114E-2	+7.436131E-1
+7.176290E+9	+5.586992E-2	+7.455379E-1
+7.176305E+9	+5.739648E-2	+7.467641E-1
+7.176320E+9	+5.914971E-2	+7.479358E-1
+7.176335E+9	+6.065216E-2	+7.482270E-1
+7.176350E+9	+6.337332E-2	+7.504028E-1
+7.176365E+9	+6.510383E-2	+7.510903E-1
+7.176380E+9	+6.639700E-2	+7.515918E-1
+7.176395E+9	+6.795809E-2	+7.526828E-1
+7.176410E+9	+6.954578E-2	+7.539773E-1
+7.176425E+9	+7.148473E-2	+7.555413E-1
+7.176440E+9	+7.387100E-2	+7.567705E-1
+7.176455E+9	+7.598241E-2	+7.572742E-1
+7.176470E+9	+7.809158E-2	+7.579478E-1
+7.176485E+9	+7.956520E-2	+7.587440E-1
+7.176500E+9	+8.054884E-2	+7.608071E-1
+7.176515E+9	+8.243778E-2	+7.620149E-1
+7.176530E+9	+8.424080E-2	+7.627917E-1
+7.176545E+9	+8.575302E-2	+7.634694E-1
+7.176560E+9	+8.741588E-2	+7.644917E-1
+7.176575E+9	+8.965531E-2	+7.657919E-1
+7.176590E+9	+9.112183E-2	+7.666960E-1
+7.176605E+9	+9.245454E-2	+7.671222E-1
+7.176620E+9	+9.374342E-2	+7.683491E-1
+7.176635E+9	+9.560568E-2	+7.689628E-1
+7.176650E+9	+9.751867E-2	+7.693506E-1
+7.176665E+9	+9.963070E-2	+7.707651E-1
+7.176680E+9	+1.012691E-1	+7.716397E-1
+7.176695E+9	+1.026892E-1	+7.722475E-1
+7.176710E+9	+1.048926E-1	+7.728878E-1
+7.176725E+9	+1.067492E-1	+7.744877E-1
+7.176740E+9	+1.088788E-1	+7.748945E-1
+7.176755E+9	+1.104691E-1	+7.761679E-1
+7.176770E+9	+1.120124E-1	+7.768907E-1
+7.176785E+9	+1.129214E-1	+7.773876E-1
+7.176800E+9	+1.153700E-1	+7.781696E-1
+7.176815E+9	+1.163712E-1	+7.783681E-1
+7.176830E+9	+1.181333E-1	+7.793109E-1
+7.176845E+9	+1.195570E-1	+7.805805E-1
+7.176860E+9	+1.214711E-1	+7.809451E-1
+7.176875E+9	+1.230998E-1	+7.815482E-1
+7.176890E+9	+1.248410E-1	+7.825708E-1
+7.176905E+9	+1.258535E-1	+7.832231E-1
+7.176920E+9	+1.275394E-1	+7.835697E-1
+7.176935E+9	+1.292970E-1	+7.844336E-1
+7.176950E+9	+1.310595E-1	+7.854809E-1
+7.176965E+9	+1.322812E-1	+7.856965E-1
+7.176980E+9	+1.340085E-1	+7.865385E-1
+7.176995E+9	+1.356960E-1	+7.874105E-1
+7.177010E+9	+1.375943E-1	+7.882945E-1
+7.177025E+9	+1.392690E-1	+7.884126E-1
+7.177040E+9	+1.405406E-1	+7.893027E-1
+7.177055E+9	+1.419945E-1	+7.896357E-1
+7.177070E+9	+1.431119E-1	+7.901526E-1
+7.177085E+9	+1.449837E-1	+7.906441E-1
+7.177100E+9	+1.474323E-1	+7.920908E-1
+7.177115E+9	+1.487341E-1	+7.920600E-1
+7.177130E+9	+1.503610E-1	+7.925869E-1
+7.177145E+9	+1.520092E-1	+7.936844E-1
+7.177160E+9	+1.537182E-1	+7.938124E-1
+7.177175E+9	+1.548978E-1	+7.936253E-1
+7.177190E+9	+1.561613E-1	+7.941825E-1
+7.177205E+9	+1.572176E-1	+7.950620E-1
+7.177220E+9	+1.588983E-1	+7.962335E-1
+7.177235E+9	+1.605197E-1	+7.970811E-1
+7.177250E+9	+1.622807E-1	+7.963617E-1
+7.177265E+9	+1.630932E-1	+7.971152E-1
+7.177280E+9	+1.647281E-1	+7.978392E-1
+7.177295E+9	+1.657115E-1	+7.984159E-1
+7.177310E+9	+1.675041E-1	+7.986837E-1
+7.177325E+9	+1.692807E-1	+7.993198E-1
+7.177340E+9	+1.710833E-1	+8.002564E-1
+7.177355E+9	+1.728256E-1	+8.010118E-1
+7.177370E+9	+1.743458E-1	+8.010136E-1
+7.177385E+9	+1.750319E-1	+8.009677E-1
+7.177400E+9	+1.764350E-1	+8.019544E-1
+7.177415E+9	+1.786855E-1	+8.024640E-1
+7.177430E+9	+1.796974E-1	+8.019433E-1
+7.177445E+9	+1.811273E-1	+8.021880E-1
+7.177460E+9	+1.816198E-1	+8.035366E-1
+7.177475E+9	+1.832195E-1	+8.037846E-1
+7.177490E+9	+1.846243E-1	+8.037310E-1
+7.177505E+9	+1.863671E-1	+8.038284E-1
+7.177520E+9	+1.880104E-1	+8.043637E-1
+7.177535E+9	+1.898077E-1	+8.048277E-1
+7.177550E+9	+1.903020E-1	+8.057063E-1
+7.177565E+9	+1.915654E-1	+8.058931E-1
+7.177580E+9	+1.928903E-1	+8.061717E-1
+7.177595E+9	+1.949400E-1	+8.064668E-1
+7.177610E+9	+1.963695E-1	+8.072397E-1
+7.177625E+9	+1.975705E-1	+8.068082E-1
+7.177640E+9	+1.988326E-1	+8.071924E-1
+7.177655E+9	+2.005968E-1	+8.076167E-1
+7.177670E+9	+2.015611E-1	+8.077879E-1
+7.177685E+9	+2.029028E-1	+8.082937E-1
+7.177700E+9	+2.044194E-1	+8.084198E-1
+7.177715E+9	+2.056789E-1	+8.087707E-1
+7.177730E+9	+2.067980E-1	+8.090909E-1
+7.177745E+9	+2.082705E-1	+8.095624E-1
+7.177760E+9	+2.094852E-1	+8.094189E-1
+7.177775E+9	+2.103698E-1	+8.097464E-1
+7.177790E+9	+2.114989E-1	+8.101841E-1
+7.177805E+9	+2.131329E-1	+8.108168E-1
+7.177820E+9	+2.144932E-1	+8.109762E-1
+7.177835E+9	+2.161211E-1	+8.108201E-1
+7.177850E+9	+2.174578E-1	+8.115091E-1
+7.177865E+9	+2.187971E-1	+8.118026E-1
+7.177880E+9	+2.199853E-1	+8.121038E-1
+7.177895E+9	+2.214912E-1	+8.120720E-1
+7.177910E+9	+2.224647E-1	+8.125073E-1
+7.177925E+9	+2.234322E-1	+8.129780E-1
+7.177940E+9	+2.245103E-1	+8.137489E-1
+7.177955E+9	+2.260483E-1	+8.135130E-1
+7.177970E+9	+2.273793E-1	+8.133543E-1
+7.177985E+9	+2.288822E-1	+8.134917E-1
+7.178000E+9	+2.303021E-1	+8.134254E-1
+7.178015E+9	+2.312217E-1	+8.135101E-1
+7.178030E+9	+2.321491E-1	+8.138002E-1
+7.178045E+9	+2.338528E-1	+8.137104E-1
+7.178060E+9	+2.349632E-1	+8.146990E-1
+7.178075E+9	+2.354850E-1	+8.147715E-1
+7.178090E+9	+2.372420E-1	+8.146172E-1
+7.178105E+9	+2.387765E-1	+8.152590E-1
+7.178120E+9	+2.397194E-1	+8.154063E-1
+7.178135E+9	+2.408818E-1	+8.153924E-1
+7.178150E+9	+2.415904E-1	+8.147989E-1
+7.178165E+9	+2.424413E-1	+8.154373E-1
+7.178180E+9	+2.434742E-1	+8.156875E-1
+7.178195E+9	+2.446132E-1	+8.163631E-1
+7.178210E+9	+2.465271E-1	+8.161376E-1
+7.178225E+9	+2.479615E-1	+8.163993E-1
+7.178240E+9	+2.489083E-1	+8.164851E-1
+7.178255E+9	+2.498821E-1	+8.167572E-1
+7.178270E+9	+2.511372E-1	+8.169871E-1
+7.178285E+9	+2.528222E-1	+8.172380E-1
+7.178300E+9	+2.538200E-1	+8.165207E-1
+7.178315E+9	+2.540132E-1	+8.164063E-1
+7.178330E+9	+2.547385E-1	+8.168622E-1
+7.178345E+9	+2.564108E-1	+8.169667E-1
+7.178360E+9	+2.579619E-1	+8.171027E-1
+7.178375E+9	+2.588645E-1	+8.177970E-1
+7.178390E+9	+2.600810E-1	+8.177340E-1
+7.178405E+9	+2.611265E-1	+8.182115E-1
+7.178420E+9	+2.622700E-1	+8.187993E-1
+7.178435E+9	+2.638573E-1	+8.181358E-1
+7.178450E+9	+2.647899E-1	+8.187662E-1
+7.178465E+9	+2.661765E-1	+8.179557E-1
+7.178480E+9	+2.667181E-1	+8.176824E-1
+7.178495E+9	+2.674667E-1	+8.178528E-1
+7.178510E+9	+2.690188E-1	+8.184748E-1
+7.178525E+9	+2.704806E-1	+8.187325E-1
+7.178540E+9	+2.713281E-1	+8.186655E-1
+7.178555E+9	+2.723931E-1	+8.187120E-1
+7.178570E+9	+2.728775E-1	+8.190091E-1
+7.178585E+9	+2.741690E-1	+8.191431E-1
+7.178600E+9	+2.743848E-1	+8.188025E-1
+7.178615E+9	+2.758458E-1	+8.189083E-1
+7.178630E+9	+2.770205E-1	+8.187518E-1
+7.178645E+9	+2.782350E-1	+8.186079E-1
+7.178660E+9	+2.795332E-1	+8.186227E-1
+7.178675E+9	+2.800420E-1	+8.195096E-1
+7.178690E+9	+2.814364E-1	+8.197769E-1
+7.178705E+9	+2.830974E-1	+8.195018E-1
+7.178720E+9	+2.837213E-1	+8.191852E-1
+7.178735E+9	+2.847618E-1	+8.195235E-1
+7.178750E+9	+2.859181E-1	+8.196988E-1
+7.178765E+9	+2.867190E-1	+8.195128E-1
+7.178780E+9	+2.877499E-1	+8.195870E-1
+7.178795E+9	+2.889970E-1	+8.194886E-1
+7.178810E+9	+2.897374E-1	+8.192193E-1
+7.178825E+9	+2.905853E-1	+8.196228E-1
+7.178840E+9	+2.915728E-1	+8.195577E-1
+7.178855E+9	+2.927073E-1	+8.191461E-1
+7.178870E+9	+2.931874E-1	+8.187162E-1
+7.178885E+9	+2.945464E-1	+8.194757E-1
+7.178900E+9	+2.960174E-1	+8.197574E-1
+7.178915E+9	+2.965102E-1	+8.198669E-1
+7.178930E+9	+2.975468E-1	+8.197008E-1
+7.178945E+9	+2.981054E-1	+8.194636E-1
+7.178960E+9	+2.990635E-1	+8.195082E-1
+7.178975E+9	+3.005137E-1	+8.195809E-1
+7.178990E+9	+3.009570E-1	+8.188797E-1
+7.179005E+9	+3.015679E-1	+8.189611E-1
+7.179020E+9	+3.023860E-1	+8.195250E-1
+7.179035E+9	+3.039343E-1	+8.197914E-1
+7.179050E+9	+3.051319E-1	+8.199930E-1
+7.179065E+9	+3.061891E-1	+8.195204E-1
+7.179080E+9	+3.073300E-1	+8.195606E-1
+7.179095E+9	+3.084313E-1	+8.197868E-1
+7.179110E+9	+3.091413E-1	+8.199454E-1
+7.179125E+9	+3.096958E-1	+8.200242E-1
+7.179140E+9	+3.104756E-1	+8.202607E-1
+7.179155E+9	+3.114802E-1	+8.200069E-1
+7.179170E+9	+3.120445E-1	+8.197623E-1
+7.179185E+9	+3.133308E-1	+8.194053E-1
+7.179200E+9	+3.138519E-1	+8.192952E-1
+7.179215E+9	+3.153667E-1	+8.192442E-1
+7.179230E+9	+3.167817E-1	+8.199661E-1
+7.179245E+9	+3.177057E-1	+8.198088E-1
+7.179260E+9	+3.179778E-1	+8.193797E-1
+7.179275E+9	+3.183126E-1	+8.192673E-1
+7.179290E+9	+3.189930E-1	+8.193365E-1
+7.179305E+9	+3.198005E-1	+8.191540E-1
+7.179320E+9	+3.205093E-1	+8.187947E-1
+7.179335E+9	+3.218876E-1	+8.188670E-1
+7.179350E+9	+3.233446E-1	+8.194561E-1
+7.179365E+9	+3.243706E-1	+8.195213E-1
+7.179380E+9	+3.249658E-1	+8.199841E-1
+7.179395E+9	+3.256357E-1	+8.195504E-1
+7.179410E+9	+3.266226E-1	+8.192472E-1
+7.179425E+9	+3.279596E-1	+8.190611E-1
+7.179440E+9	+3.282166E-1	+8.187218E-1
+7.179455E+9	+3.293915E-1	+8.184948E-1
+7.179470E+9	+3.298670E-1	+8.185407E-1
+7.179485E+9	+3.311538E-1	+8.184582E-1
+7.179500E+9	+3.317524E-1	+8.182877E-1
+7.179515E+9	+3.321401E-1	+8.178949E-1
+7.179530E+9	+3.330588E-1	+8.188108E-1
+7.179545E+9	+3.342041E-1	+8.190044E-1
+7.179560E+9	+3.349478E-1	+8.182664E-1
+7.179575E+9	+3.355005E-1	+8.180590E-1
+7.179590E+9	+3.365314E-1	+8.178002E-1
+7.179605E+9	+3.382336E-1	+8.183240E-1
+7.179620E+9	+3.383396E-1	+8.178995E-1
+7.179635E+9	+3.386453E-1	+8.182984E-1
+7.179650E+9	+3.403250E-1	+8.176914E-1
+7.179665E+9	+3.404854E-1	+8.177459E-1
+7.179680E+9	+3.414616E-1	+8.181953E-1
+7.179695E+9	+3.426317E-1	+8.178367E-1
+7.179710E+9	+3.434022E-1	+8.178341E-1
+7.179725E+9	+3.439800E-1	+8.176764E-1
+7.179740E+9	+3.445909E-1	+8.174102E-1
+7.179755E+9	+3.450665E-1	+8.173165E-1
+7.179770E+9	+3.458625E-1	+8.176581E-1
+7.179785E+9	+3.468811E-1	+8.176141E-1
+7.179800E+9	+3.486581E-1	+8.172456E-1
+7.179815E+9	+3.490415E-1	+8.172863E-1
+7.179830E+9	+3.492398E-1	+8.173016E-1
+7.179845E+9	+3.500984E-1	+8.170362E-1
+7.179860E+9	+3.517652E-1	+8.173075E-1
+7.179875E+9	+3.522894E-1	+8.176805E-1
+7.179890E+9	+3.529816E-1	+8.173195E-1
+7.179905E+9	+3.534328E-1	+8.171852E-1
+7.179920E+9	+3.544076E-1	+8.167545E-1
+7.179935E+9	+3.549789E-1	+8.168630E-1
+7.179950E+9	+3.557625E-1	+8.165155E-1
+7.179965E+9	+3.561146E-1	+8.164202E-1
+7.179980E+9	+3.570218E-1	+8.159312E-1
+7.179995E+9	+3.580191E-1	+8.162148E-1
+7.180010E+9	+3.590139E-1	+8.167180E-1
+7.180025E+9	+3.595848E-1	+8.163006E-1
+7.180040E+9	+3.603897E-1	+8.164797E-1
+7.180055E+9	+3.611684E-1	+8.162066E-1
+7.180070E+9	+3.619156E-1	+8.166601E-1
+7.180085E+9	+3.622399E-1	+8.156424E-1
+7.180100E+9	+3.624173E-1	+8.158350E-1
+7.180115E+9	+3.634861E-1	+8.152767E-1
+7.180130E+9	+3.641480E-1	+8.148844E-1
+7.180145E+9	+3.649677E-1	+8.152522E-1
+7.180160E+9	+3.658925E-1	+8.149668E-1
+7.180175E+9	+3.673732E-1	+8.148078E-1
+7.180190E+9	+3.680470E-1	+8.147860E-1
+7.180205E+9	+3.686111E-1	+8.142900E-1
+7.180220E+9	+3.693143E-1	+8.142967E-1
+7.180235E+9	+3.695999E-1	+8.144345E-1
+7.180250E+9	+3.705623E-1	+8.145095E-1
+7.180265E+9	+3.714816E-1	+8.142678E-1
+7.180280E+9	+3.726006E-1	+8.147152E-1
+7.180295E+9	+3.731398E-1	+8.150216E-1
+7.180310E+9	+3.729546E-1	+8.142095E-1
+7.180325E+9	+3.735266E-1	+8.136917E-1
+7.180340E+9	+3.746321E-1	+8.137073E-1
+7.180355E+9	+3.752563E-1	+8.142671E-1
+7.180370E+9	+3.760788E-1	+8.143862E-1
+7.180385E+9	+3.766812E-1	+8.138564E-1
+7.180400E+9	+3.763527E-1	+8.129390E-1
+7.180415E+9	+3.773904E-1	+8.137790E-1
+7.180430E+9	+3.781279E-1	+8.138090E-1
+7.180445E+9	+3.782270E-1	+8.133765E-1
+7.180460E+9	+3.794613E-1	+8.122103E-1
+7.180475E+9	+3.805792E-1	+8.124160E-1
+7.180490E+9	+3.814998E-1	+8.121630E-1
+7.180505E+9	+3.824543E-1	+8.121434E-1
+7.180520E+9	+3.827419E-1	+8.120300E-1
+7.180535E+9	+3.834965E-1	+8.127442E-1
+7.180550E+9	+3.837270E-1	+8.121268E-1
+7.180565E+9	+3.847292E-1	+8.118277E-1
+7.180580E+9	+3.855810E-1	+8.118824E-1
+7.180595E+9	+3.858089E-1	+8.121195E-1
+7.180610E+9	+3.866212E-1	+8.119232E-1
+7.180625E+9	+3.874319E-1	+8.115930E-1
+7.180640E+9	+3.880516E-1	+8.115877E-1
+7.180655E+9	+3.886488E-1	+8.109269E-1
+7.180670E+9	+3.893789E-1	+8.109606E-1
+7.180685E+9	+3.899925E-1	+8.109882E-1
+7.180700E+9	+3.907646E-1	+8.106354E-1
+7.180715E+9	+3.913706E-1	+8.103898E-1
+7.180730E+9	+3.914787E-1	+8.109857E-1
+7.180745E+9	+3.922802E-1	+8.107594E-1
+7.180760E+9	+3.935412E-1	+8.105557E-1
+7.180775E+9	+3.943956E-1	+8.100642E-1
+7.180790E+9	+3.944456E-1	+8.094576E-1
+7.180805E+9	+3.943638E-1	+8.098453E-1
+7.180820E+9	+3.952680E-1	+8.099413E-1
+7.180835E+9	+3.963587E-1	+8.094716E-1
+7.180850E+9	+3.972029E-1	+8.098167E-1
+7.180865E+9	+3.976735E-1	+8.099443E-1
+7.180880E+9	+3.978238E-1	+8.096299E-1
+7.180895E+9	+3.987476E-1	+8.098371E-1
+7.180910E+9	+3.995018E-1	+8.091455E-1
+7.180925E+9	+4.000571E-1	+8.087786E-1
+7.180940E+9	+4.005893E-1	+8.089672E-1
+7.180955E+9	+4.010681E-1	+8.088281E-1
+7.180970E+9	+4.019638E-1	+8.087559E-1
+7.180985E+9	+4.026395E-1	+8.088560E-1
+7.181000E+9	+4.027549E-1	+8.083891E-1
+7.181015E+9	+4.032810E-1	+8.080888E-1
+7.181030E+9	+4.036078E-1	+8.083614E-1
+7.181045E+9	+4.044351E-1	+8.082339E-1
+7.181060E+9	+4.053290E-1	+8.077892E-1
+7.181075E+9	+4.060556E-1	+8.078769E-1
+7.181090E+9	+4.066940E-1	+8.074673E-1
+7.181105E+9	+4.075388E-1	+8.073905E-1
+7.181120E+9	+4.084309E-1	+8.070273E-1
+7.181135E+9	+4.091106E-1	+8.066973E-1
+7.181150E+9	+4.089249E-1	+8.070752E-1
+7.181165E+9	+4.101987E-1	+8.066077E-1
+7.181180E+9	+4.110193E-1	+8.058168E-1
+7.181195E+9	+4.109532E-1	+8.064144E-1
+7.181210E+9	+4.112472E-1	+8.064672E-1
+7.181225E+9	+4.114362E-1	+8.068400E-1
+7.181240E+9	+4.119577E-1	+8.062711E-1
+7.181255E+9	+4.128446E-1	+8.058413E-1
+7.181270E+9	+4.129887E-1	+8.055430E-1
+7.181285E+9	+4.139203E-1	+8.055980E-1
+7.181300E+9	+4.142582E-1	+8.052393E-1
+7.181315E+9	+4.151387E-1	+8.052937E-1
+7.181330E+9	+4.158531E-1	+8.051327E-1
+7.181345E+9	+4.164389E-1	+8.046359E-1
+7.181360E+9	+4.167956E-1	+8.049074E-1
+7.181375E+9	+4.176262E-1	+8.049360E-1
+7.181390E+9	+4.182360E-1	+8.046496E-1
+7.181405E+9	+4.190552E-1	+8.045568E-1
+7.181420E+9	+4.194381E-1	+8.045911E-1
+7.181435E+9	+4.203323E-1	+8.045989E-1
+7.181450E+9	+4.204761E-1	+8.043513E-1
+7.181465E+9	+4.211426E-1	+8.042239E-1
+7.181480E+9	+4.218699E-1	+8.036217E-1
+7.181495E+9	+4.223682E-1	+8.033280E-1
+7.181510E+9	+4.226791E-1	+8.033407E-1
+7.181525E+9	+4.231474E-1	+8.037746E-1
+7.181540E+9	+4.239155E-1	+8.035160E-1
+7.181555E+9	+4.240157E-1	+8.029734E-1
+7.181570E+9	+4.245511E-1	+8.030475E-1
+7.181585E+9	+4.255912E-1	+8.026430E-1
+7.181600E+9	+4.259112E-1	+8.019126E-1
+7.181615E+9	+4.266296E-1	+8.014540E-1
+7.181630E+9	+4.263821E-1	+8.011877E-1
+7.181645E+9	+4.268694E-1	+8.020445E-1
+7.181660E+9	+4.278445E-1	+8.022785E-1
+7.181675E+9	+4.286538E-1	+8.020746E-1
+7.181690E+9	+4.286631E-1	+8.020311E-1
+7.181705E+9	+4.290836E-1	+8.011304E-1
+7.181720E+9	+4.302156E-1	+8.012243E-1
+7.181735E+9	+4.312961E-1	+8.010999E-1
+7.181750E+9	+4.313761E-1	+8.011090E-1
+7.181765E+9	+4.318184E-1	+8.010146E-1
+7.181780E+9	+4.323777E-1	+8.008780E-1
+7.181795E+9	+4.332200E-1	+8.010831E-1
+7.181810E+9	+4.332310E-1	+8.007068E-1
+7.181825E+9	+4.336639E-1	+8.001046E-1
+7.181840E+9	+4.345922E-1	+8.000616E-1
+7.181855E+9	+4.344628E-1	+7.999340E-1
+7.181870E+9	+4.353160E-1	+8.002532E-1
+7.181885E+9	+4.357052E-1	+8.005859E-1
+7.181900E+9	+4.360525E-1	+7.999119E-1
+7.181915E+9	+4.372924E-1	+7.997957E-1
+7.181930E+9	+4.375343E-1	+7.996689E-1
+7.181945E+9	+4.376350E-1	+7.991351E-1
+7.181960E+9	+4.380898E-1	+7.983332E-1
+7.181975E+9	+4.390926E-1	+7.985871E-1
+7.181990E+9	+4.395242E-1	+7.987898E-1
+7.182005E+9	+4.397600E-1	+7.989724E-1
+7.182020E+9	+4.401668E-1	+7.985667E-1
+7.182035E+9	+4.409524E-1	+7.981366E-1
+7.182050E+9	+4.413349E-1	+7.982357E-1
+7.182065E+9	+4.418752E-1	+7.974215E-1
+7.182080E+9	+4.421691E-1	+7.975422E-1
+7.182095E+9	+4.429675E-1	+7.976134E-1
+7.182110E+9	+4.436071E-1	+7.976843E-1
+7.182125E+9	+4.434461E-1	+7.969675E-1
+7.182140E+9	+4.444277E-1	+7.967234E-1
+7.182155E+9	+4.448923E-1	+7.968044E-1
+7.182170E+9	+4.451463E-1	+7.967382E-1
+7.182185E+9	+4.457541E-1	+7.963162E-1
+7.182200E+9	+4.461061E-1	+7.962685E-1
+7.182215E+9	+4.467804E-1	+7.959426E-1
+7.182230E+9	+4.471700E-1	+7.959742E-1
+7.182245E+9	+4.477016E-1	+7.955708E-1
+7.182260E+9	+4.480771E-1	+7.956826E-1
+7.182275E+9	+4.486050E-1	+7.961099E-1
+7.182290E+9	+4.488905E-1	+7.958085E-1
+7.182305E+9	+4.490884E-1	+7.954781E-1
+7.182320E+9	+4.495219E-1	+7.950398E-1
+7.182335E+9	+4.505216E-1	+7.948689E-1
+7.182350E+9	+4.516808E-1	+7.950994E-1
+7.182365E+9	+4.513267E-1	+7.948738E-1
+7.182380E+9	+4.519631E-1	+7.945080E-1
+7.182395E+9	+4.525798E-1	+7.942743E-1
+7.182410E+9	+4.530035E-1	+7.939696E-1
+7.182425E+9	+4.531468E-1	+7.935837E-1
+7.182440E+9	+4.534482E-1	+7.932742E-1
+7.182455E+9	+4.540958E-1	+7.933484E-1
+7.182470E+9	+4.546475E-1	+7.937061E-1
+7.182485E+9	+4.553184E-1	+7.938597E-1
+7.182500E+9	+4.557371E-1	+7.930911E-1
+7.182515E+9	+4.560187E-1	+7.927843E-1
+7.182530E+9	+4.564589E-1	+7.927868E-1
+7.182545E+9	+4.571201E-1	+7.926114E-1
+7.182560E+9	+4.570909E-1	+7.925139E-1
+7.182575E+9	+4.578594E-1	+7.927476E-1
+7.182590E+9	+4.585290E-1	+7.928257E-1
+7.182605E+9	+4.587566E-1	+7.925572E-1
+7.182620E+9	+4.594728E-1	+7.921075E-1
+7.182635E+9	+4.597082E-1	+7.919108E-1
+7.182650E+9	+4.597446E-1	+7.918236E-1
+7.182665E+9	+4.605392E-1	+7.915669E-1
+7.182680E+9	+4.610811E-1	+7.914205E-1
+7.182695E+9	+4.616938E-1	+7.916573E-1
+7.182710E+9	+4.626050E-1	+7.912377E-1
+7.182725E+9	+4.629056E-1	+7.911884E-1
+7.182740E+9	+4.629676E-1	+7.910404E-1
+7.182755E+9	+4.630327E-1	+7.909078E-1
+7.182770E+9	+4.638979E-1	+7.907785E-1
+7.182785E+9	+4.644195E-1	+7.903901E-1
+7.182800E+9	+4.646160E-1	+7.903034E-1
+7.182815E+9	+4.646453E-1	+7.900287E-1
+7.182830E+9	+4.655158E-1	+7.903079E-1
+7.182845E+9	+4.661077E-1	+7.892676E-1
+7.182860E+9	+4.663532E-1	+7.889744E-1
+7.182875E+9	+4.666462E-1	+7.895131E-1
+7.182890E+9	+4.672798E-1	+7.890493E-1
+7.182905E+9	+4.677934E-1	+7.888175E-1
+7.182920E+9	+4.684046E-1	+7.885342E-1
+7.182935E+9	+4.690570E-1	+7.878784E-1
+7.182950E+9	+4.691040E-1	+7.881173E-1
+7.182965E+9	+4.698267E-1	+7.882647E-1
+7.182980E+9	+4.699635E-1	+7.878798E-1
+7.182995E+9	+4.697734E-1	+7.881297E-1
+7.183010E+9	+4.705430E-1	+7.880215E-1
+7.183025E+9	+4.712740E-1	+7.877116E-1
+7.183040E+9	+4.720385E-1	+7.875683E-1
+7.183055E+9	+4.718913E-1	+7.866896E-1
+7.183070E+9	+4.724170E-1	+7.863432E-1
+7.183085E+9	+4.725947E-1	+7.868622E-1
+7.183100E+9	+4.730562E-1	+7.867291E-1
+7.183115E+9	+4.736777E-1	+7.866847E-1
+7.183130E+9	+4.740105E-1	+7.860640E-1
+7.183145E+9	+4.747019E-1	+7.858797E-1
+7.183160E+9	+4.754852E-1	+7.861247E-1
+7.183175E+9	+4.758310E-1	+7.862209E-1
+7.183190E+9	+4.762067E-1	+7.861560E-1
+7.183205E+9	+4.758307E-1	+7.858664E-1
+7.183220E+9	+4.760781E-1	+7.853839E-1
+7.183235E+9	+4.766857E-1	+7.850558E-1
+7.183250E+9	+4.775545E-1	+7.847134E-1
+7.183265E+9	+4.781250E-1	+7.848443E-1
+7.183280E+9	+4.786551E-1	+7.847736E-1
+7.183295E+9	+4.787122E-1	+7.846996E-1
+7.183310E+9	+4.790901E-1	+7.844926E-1
+7.183325E+9	+4.793640E-1	+7.842179E-1
+7.183340E+9	+4.796641E-1	+7.843680E-1
+7.183355E+9	+4.804949E-1	+7.837770E-1
+7.183370E+9	+4.807645E-1	+7.835797E-1
+7.183385E+9	+4.814573E-1	+7.835806E-1
+7.183400E+9	+4.819668E-1	+7.835571E-1
+7.183415E+9	+4.817843E-1	+7.837097E-1
+7.183430E+9	+4.820417E-1	+7.833414E-1
+7.183445E+9	+4.827836E-1	+7.830656E-1
+7.183460E+9	+4.829456E-1	+7.830985E-1
+7.183475E+9	+4.834175E-1	+7.830893E-1
+7.183490E+9	+4.837189E-1	+7.823611E-1
+7.183505E+9	+4.840044E-1	+7.819562E-1
+7.183520E+9	+4.844832E-1	+7.817466E-1
+7.183535E+9	+4.846226E-1	+7.814254E-1
+7.183550E+9	+4.851709E-1	+7.817135E-1
+7.183565E+9	+4.856991E-1	+7.811533E-1
+7.183580E+9	+4.863014E-1	+7.811119E-1
+7.183595E+9	+4.866749E-1	+7.808837E-1
+7.183610E+9	+4.869835E-1	+7.812650E-1
+7.183625E+9	+4.876821E-1	+7.812190E-1
+7.183640E+9	+4.881469E-1	+7.808040E-1
+7.183655E+9	+4.883729E-1	+7.808462E-1
+7.183670E+9	+4.885040E-1	+7.800238E-1
+7.183685E+9	+4.886629E-1	+7.801334E-1
+7.183700E+9	+4.891992E-1	+7.803778E-1
+7.183715E+9	+4.894662E-1	+7.800877E-1
+7.183730E+9	+4.900284E-1	+7.799190E-1
+7.183745E+9	+4.902834E-1	+7.795719E-1
+7.183760E+9	+4.903847E-1	+7.796540E-1
+7.183775E+9	+4.906857E-1	+7.789236E-1
+7.183790E+9	+4.914966E-1	+7.788020E-1
+7.183805E+9	+4.921569E-1	+7.788696E-1
+7.183820E+9	+4.926007E-1	+7.789435E-1
+7.183835E+9	+4.926603E-1	+7.791366E-1
+7.183850E+9	+4.934370E-1	+7.788448E-1
+7.183865E+9	+4.936859E-1	+7.786539E-1
+7.183880E+9	+4.936837E-1	+7.785095E-1
+7.183895E+9	+4.937865E-1	+7.782480E-1
+7.183910E+9	+4.941634E-1	+7.779119E-1
+7.183925E+9	+4.949244E-1	+7.780128E-1
+7.183940E+9	+4.954036E-1	+7.777655E-1
+7.183955E+9	+4.956398E-1	+7.774465E-1
+7.183970E+9	+4.960843E-1	+7.771206E-1
+7.183985E+9	+4.964128E-1	+7.775810E-1
+7.184000E+9	+4.973038E-1	+7.771660E-1
+7.184015E+9	+4.977120E-1	+7.769330E-1
+7.184030E+9	+4.974751E-1	+7.761874E-1
+7.184045E+9	+4.976387E-1	+7.763236E-1
+7.184060E+9	+4.978943E-1	+7.761277E-1
+7.184075E+9	+4.983988E-1	+7.764106E-1
+7.184090E+9	+4.989354E-1	+7.762154E-1
+7.184105E+9	+4.995813E-1	+7.757015E-1
+7.184120E+9	+5.003117E-1	+7.758491E-1
+7.184135E+9	+5.002241E-1	+7.754524E-1
+7.184150E+9	+5.001237E-1	+7.749960E-1
+7.184165E+9	+5.009376E-1	+7.749379E-1
+7.184180E+9	+5.013273E-1	+7.746518E-1
+7.184195E+9	+5.013989E-1	+7.743604E-1
+7.184210E+9	+5.016001E-1	+7.743671E-1
+7.184225E+9	+5.017448E-1	+7.746806E-1
+7.184240E+9	+5.019093E-1	+7.744542E-1
+7.184255E+9	+5.030857E-1	+7.741094E-1
+7.184270E+9	+5.031861E-1	+7.736540E-1
+7.184285E+9	+5.031267E-1	+7.735024E-1
+7.184300E+9	+5.035985E-1	+7.737052E-1
+7.184315E+9	+5.039248E-1	+7.736994E-1
+7.184330E+9	+5.051457E-1	+7.732807E-1
+7.184345E+9	+5.054966E-1	+7.728886E-1
+7.184360E+9	+5.051517E-1	+7.720766E-1
+7.184375E+9	+5.052384E-1	+7.728167E-1
+7.184390E+9	+5.056533E-1	+7.727059E-1
+7.184405E+9	+5.066658E-1	+7.724359E-1
+7.184420E+9	+5.071636E-1	+7.718934E-1
+7.184435E+9	+5.071708E-1	+7.719455E-1
+7.184450E+9	+5.072665E-1	+7.715503E-1
+7.184465E+9	+5.076619E-1	+7.715550E-1
+7.184480E+9	+5.082004E-1	+7.715968E-1
+7.184495E+9	+5.084254E-1	+7.715924E-1
+7.184510E+9	+5.086654E-1	+7.712640E-1
+7.184525E+9	+5.091920E-1	+7.709610E-1
+7.184540E+9	+5.101117E-1	+7.707128E-1
+7.184555E+9	+5.101120E-1	+7.707467E-1
+7.184570E+9	+5.102186E-1	+7.704401E-1
+7.184585E+9	+5.108618E-1	+7.701207E-1
+7.184600E+9	+5.110677E-1	+7.699604E-1
+7.184615E+9	+5.113847E-1	+7.699109E-1
+7.184630E+9	+5.118293E-1	+7.698248E-1
+7.184645E+9	+5.117504E-1	+7.698481E-1
+7.184660E+9	+5.123450E-1	+7.695220E-1
+7.184675E+9	+5.129658E-1	+7.695695E-1
+7.184690E+9	+5.133559E-1	+7.692066E-1
+7.184705E+9	+5.131960E-1	+7.688631E-1
+7.184720E+9	+5.133743E-1	+7.688158E-1
+7.184735E+9	+5.140588E-1	+7.686746E-1
+7.184750E+9	+5.141457E-1	+7.692791E-1
+7.184765E+9	+5.148855E-1	+7.684995E-1
+7.184780E+9	+5.149404E-1	+7.674447E-1
+7.184795E+9	+5.152383E-1	+7.673407E-1
+7.184810E+9	+5.152825E-1	+7.675837E-1
+7.184825E+9	+5.163138E-1	+7.682131E-1
+7.184840E+9	+5.163588E-1	+7.674816E-1
+7.184855E+9	+5.165455E-1	+7.673061E-1
+7.184870E+9	+5.168699E-1	+7.667558E-1
+7.184885E+9	+5.173256E-1	+7.664816E-1
+7.184900E+9	+5.178565E-1	+7.669140E-1
+7.184915E+9	+5.182948E-1	+7.669557E-1
+7.184930E+9	+5.182504E-1	+7.668214E-1
+7.184945E+9	+5.186474E-1	+7.661743E-1
+7.184960E+9	+5.187879E-1	+7.659099E-1
+7.184975E+9	+5.189886E-1	+7.657090E-1
+7.184990E+9	+5.193089E-1	+7.657949E-1
+7.185005E+9	+5.195821E-1	+7.659170E-1
+7.185020E+9	+5.200177E-1	+7.658654E-1
+7.185035E+9	+5.204377E-1	+7.651332E-1
+7.185050E+9	+5.212269E-1	+7.650534E-1
+7.185065E+9	+5.210236E-1	+7.652552E-1
+7.185080E+9	+5.213673E-1	+7.648718E-1
+7.185095E+9	+5.217858E-1	+7.646441E-1
+7.185110E+9	+5.226079E-1	+7.643831E-1
+7.185125E+9	+5.228844E-1	+7.642571E-1
+7.185140E+9	+5.231051E-1	+7.641002E-1
+7.185155E+9	+5.227111E-1	+7.638226E-1
+7.185170E+9	+5.230320E-1	+7.639643E-1
+7.185185E+9	+5.238779E-1	+7.640657E-1
+7.185200E+9	+5.240104E-1	+7.635711E-1
+7.185215E+9	+5.240094E-1	+7.632862E-1
+7.185230E+9	+5.245609E-1	+7.634156E-1
+7.185245E+9	+5.246246E-1	+7.638183E-1
+7.185260E+9	+5.250897E-1	+7.631596E-1
+7.185275E+9	+5.259200E-1	+7.627199E-1
+7.185290E+9	+5.262392E-1	+7.622666E-1
+7.185305E+9	+5.268427E-1	+7.620548E-1
+7.185320E+9	+5.269155E-1	+7.624305E-1
+7.185335E+9	+5.273595E-1	+7.620215E-1
+7.185350E+9	+5.275871E-1	+7.614116E-1
+7.185365E+9	+5.278040E-1	+7.614632E-1
+7.185380E+9	+5.282330E-1	+7.619013E-1
+7.185395E+9	+5.285646E-1	+7.613870E-1
+7.185410E+9	+5.284166E-1	+7.610930E-1
+7.185425E+9	+5.286139E-1	+7.608633E-1
+7.185440E+9	+5.291737E-1	+7.605845E-1
+7.185455E+9	+5.288394E-1	+7.614517E-1
+7.185470E+9	+5.290627E-1	+7.611758E-1
+7.185485E+9	+5.295219E-1	+7.603412E-1
+7.185500E+9	+5.304300E-1	+7.600848E-1
+7.185515E+9	+5.305129E-1	+7.599353E-1
+7.185530E+9	+5.304408E-1	+7.598397E-1
+7.185545E+9	+5.308063E-1	+7.595288E-1
+7.185560E+9	+5.316192E-1	+7.597008E-1
+7.185575E+9	+5.318971E-1	+7.591903E-1
+7.185590E+9	+5.322537E-1	+7.589764E-1
+7.185605E+9	+5.322962E-1	+7.586613E-1
+7.185620E+9	+5.325952E-1	+7.589482E-1
+7.185635E+9	+5.329635E-1	+7.591513E-1
+7.185650E+9	+5.328210E-1	+7.586754E-1
+7.185665E+9	+5.333931E-1	+7.581049E-1
+7.185680E+9	+5.338835E-1	+7.578362E-1
+7.185695E+9	+5.343483E-1	+7.577145E-1
+7.185710E+9	+5.345955E-1	+7.582158E-1
+7.185725E+9	+5.345403E-1	+7.577685E-1
+7.185740E+9	+5.349427E-1	+7.576573E-1
+7.185755E+9	+5.352735E-1	+7.575972E-1
+7.185770E+9	+5.353181E-1	+7.570519E-1
+7.185785E+9	+5.358548E-1	+7.569201E-1
+7.185800E+9	+5.363554E-1	+7.569498E-1
+7.185815E+9	+5.368857E-1	+7.565977E-1
+7.185830E+9	+5.370287E-1	+7.561051E-1
+7.185845E+9	+5.372601E-1	+7.563105E-1
+7.185860E+9	+5.378864E-1	+7.560688E-1
+7.185875E+9	+5.380715E-1	+7.560261E-1
+7.185890E+9	+5.383738E-1	+7.561360E-1
+7.185905E+9	+5.383337E-1	+7.556957E-1
+7.185920E+9	+5.386771E-1	+7.555474E-1
+7.185935E+9	+5.388924E-1	+7.555309E-1
+7.185950E+9	+5.388577E-1	+7.553097E-1
+7.185965E+9	+5.390810E-1	+7.552228E-1
+7.185980E+9	+5.399536E-1	+7.545983E-1
+7.185995E+9	+5.402963E-1	+7.547080E-1
+7.186010E+9	+5.402961E-1	+7.545686E-1
+7.186025E+9	+5.401684E-1	+7.544339E-1
+7.186040E+9	+5.406885E-1	+7.542024E-1
+7.186055E+9	+5.414446E-1	+7.541320E-1
+7.186070E+9	+5.415538E-1	+7.540732E-1
+7.186085E+9	+5.418420E-1	+7.538871E-1
+7.186100E+9	+5.423305E-1	+7.534979E-1
+7.186115E+9	+5.423516E-1	+7.533089E-1
+7.186130E+9	+5.427940E-1	+7.532337E-1
+7.186145E+9	+5.432239E-1	+7.532709E-1
+7.186160E+9	+5.431725E-1	+7.529712E-1
+7.186175E+9	+5.439197E-1	+7.530260E-1
+7.186190E+9	+5.437868E-1	+7.528822E-1
+7.186205E+9	+5.436798E-1	+7.528132E-1
+7.186220E+9	+5.439359E-1	+7.525178E-1
+7.186235E+9	+5.442863E-1	+7.521611E-1
+7.186250E+9	+5.448263E-1	+7.520256E-1
+7.186265E+9	+5.449230E-1	+7.517078E-1
+7.186280E+9	+5.453558E-1	+7.512157E-1
+7.186295E+9	+5.456064E-1	+7.512069E-1
+7.186310E+9	+5.463949E-1	+7.513020E-1
+7.186325E+9	+5.466005E-1	+7.513883E-1
+7.186340E+9	+5.465030E-1	+7.510181E-1
+7.186355E+9	+5.466436E-1	+7.506707E-1
+7.186370E+9	+5.469524E-1	+7.503375E-1
+7.186385E+9	+5.474370E-1	+7.504686E-1
+7.186400E+9	+5.475393E-1	+7.502327E-1
+7.186415E+9	+5.480380E-1	+7.500500E-1
+7.186430E+9	+5.483036E-1	+7.496493E-1
+7.186445E+9	+5.481693E-1	+7.495650E-1
+7.186460E+9	+5.486736E-1	+7.497440E-1
+7.186475E+9	+5.488035E-1	+7.494841E-1
+7.186490E+9	+5.490989E-1	+7.494467E-1
+7.186505E+9	+5.491157E-1	+7.492305E-1
+7.186520E+9	+5.496632E-1	+7.488081E-1
+7.186535E+9	+5.502402E-1	+7.487938E-1
+7.186550E+9	+5.511080E-1	+7.487503E-1
+7.186565E+9	+5.511178E-1	+7.484778E-1
+7.186580E+9	+5.510286E-1	+7.485660E-1
+7.186595E+9	+5.511583E-1	+7.487063E-1
+7.186610E+9	+5.514588E-1	+7.483146E-1
+7.186625E+9	+5.516265E-1	+7.480476E-1
+7.186640E+9	+5.520473E-1	+7.474690E-1
+7.186655E+9	+5.524833E-1	+7.473236E-1
+7.186670E+9	+5.527694E-1	+7.477710E-1
+7.186685E+9	+5.528309E-1	+7.475487E-1
+7.186700E+9	+5.533119E-1	+7.475918E-1
+7.186715E+9	+5.536204E-1	+7.472263E-1
+7.186730E+9	+5.538219E-1	+7.467647E-1
+7.186745E+9	+5.541140E-1	+7.464436E-1
+7.186760E+9	+5.542349E-1	+7.462746E-1
+7.186775E+9	+5.547784E-1	+7.461585E-1
+7.186790E+9	+5.550261E-1	+7.460866E-1
+7.186805E+9	+5.555060E-1	+7.461865E-1
+7.186820E+9	+5.558790E-1	+7.461106E-1
+7.186835E+9	+5.556794E-1	+7.458876E-1
+7.186850E+9	+5.559331E-1	+7.456898E-1
+7.186865E+9	+5.560512E-1	+7.455780E-1
+7.186880E+9	+5.564483E-1	+7.450330E-1
+7.186895E+9	+5.565813E-1	+7.446934E-1
+7.186910E+9	+5.563840E-1	+7.448397E-1
+7.186925E+9	+5.572456E-1	+7.446099E-1
+7.186940E+9	+5.573737E-1	+7.445317E-1
+7.186955E+9	+5.575959E-1	+7.445072E-1
+7.186970E+9	+5.578894E-1	+7.440053E-1
+7.186985E+9	+5.582699E-1	+7.440101E-1
+7.187000E+9	+5.591547E-1	+7.438546E-1
+7.187015E+9	+5.594744E-1	+7.434514E-1
+7.187030E+9	+5.590369E-1	+7.436239E-1
+7.187045E+9	+5.593964E-1	+7.436318E-1
+7.187060E+9	+5.594841E-1	+7.435129E-1
+7.187075E+9	+5.598012E-1	+7.435597E-1
+7.187090E+9	+5.598358E-1	+7.431261E-1
+7.187105E+9	+5.599829E-1	+7.423472E-1
+7.187120E+9	+5.605075E-1	+7.422054E-1
+7.187135E+9	+5.609131E-1	+7.424896E-1
+7.187150E+9	+5.613313E-1	+7.418519E-1
+7.187165E+9	+5.614433E-1	+7.421050E-1
+7.187180E+9	+5.616227E-1	+7.418904E-1
+7.187195E+9	+5.617289E-1	+7.419427E-1
+7.187210E+9	+5.619115E-1	+7.417616E-1
+7.187225E+9	+5.625361E-1	+7.413174E-1
+7.187240E+9	+5.629944E-1	+7.413460E-1
+7.187255E+9	+5.630912E-1	+7.406719E-1
+7.187270E+9	+5.629941E-1	+7.406784E-1
+7.187285E+9	+5.630234E-1	+7.406037E-1
+7.187300E+9	+5.634445E-1	+7.404674E-1
+7.187315E+9	+5.640007E-1	+7.403168E-1
+7.187330E+9	+5.645075E-1	+7.400219E-1
+7.187345E+9	+5.643816E-1	+7.398501E-1
+7.187360E+9	+5.645136E-1	+7.397592E-1
+7.187375E+9	+5.649665E-1	+7.401672E-1
+7.187390E+9	+5.650329E-1	+7.398134E-1
+7.187405E+9	+5.652187E-1	+7.398962E-1
+7.187420E+9	+5.657500E-1	+7.394513E-1
+7.187435E+9	+5.657275E-1	+7.391478E-1
+7.187450E+9	+5.658416E-1	+7.391259E-1
+7.187465E+9	+5.663448E-1	+7.391319E-1
+7.187480E+9	+5.663875E-1	+7.388124E-1
+7.187495E+9	+5.664434E-1	+7.386766E-1
+7.187510E+9	+5.673690E-1	+7.383698E-1
+7.187525E+9	+5.671537E-1	+7.384173E-1
+7.187540E+9	+5.673180E-1	+7.385510E-1
+7.187555E+9	+5.678929E-1	+7.377776E-1
+7.187570E+9	+5.680576E-1	+7.379579E-1
+7.187585E+9	+5.682510E-1	+7.372949E-1
+7.187600E+9	+5.685959E-1	+7.374109E-1
+7.187615E+9	+5.690417E-1	+7.372903E-1
+7.187630E+9	+5.691680E-1	+7.374088E-1
+7.187645E+9	+5.695152E-1	+7.371603E-1
+7.187660E+9	+5.696290E-1	+7.365020E-1
+7.187675E+9	+5.695514E-1	+7.365349E-1
+7.187690E+9	+5.697744E-1	+7.364751E-1
+7.187705E+9	+5.701476E-1	+7.361385E-1
+7.187720E+9	+5.701732E-1	+7.358939E-1
+7.187735E+9	+5.705692E-1	+7.358369E-1
+7.187750E+9	+5.708053E-1	+7.361587E-1
+7.187765E+9	+5.710073E-1	+7.357491E-1
+7.187780E+9	+5.712604E-1	+7.353196E-1
+7.187795E+9	+5.717121E-1	+7.351574E-1
+7.187810E+9	+5.720610E-1	+7.354359E-1
+7.187825E+9	+5.722713E-1	+7.349330E-1
+7.187840E+9	+5.725911E-1	+7.348098E-1
+7.187855E+9	+5.726958E-1	+7.347186E-1
+7.187870E+9	+5.727496E-1	+7.346362E-1
+7.187885E+9	+5.731309E-1	+7.346992E-1
+7.187900E+9	+5.733046E-1	+7.345252E-1
+7.187915E+9	+5.733593E-1	+7.342825E-1
+7.187930E+9	+5.739504E-1	+7.338466E-1
+7.187945E+9	+5.742297E-1	+7.337282E-1
+7.187960E+9	+5.742821E-1	+7.340024E-1
+7.187975E+9	+5.747746E-1	+7.342002E-1
+7.187990E+9	+5.749475E-1	+7.337366E-1
+7.188005E+9	+5.751975E-1	+7.329260E-1
+7.188020E+9	+5.751405E-1	+7.329722E-1
+7.188035E+9	+5.754520E-1	+7.331156E-1
+7.188050E+9	+5.759333E-1	+7.330272E-1
+7.188065E+9	+5.761416E-1	+7.328611E-1
+7.188080E+9	+5.765082E-1	+7.325169E-1
+7.188095E+9	+5.765370E-1	+7.322229E-1
+7.188110E+9	+5.765444E-1	+7.321773E-1
+7.188125E+9	+5.767605E-1	+7.320313E-1
+7.188140E+9	+5.770107E-1	+7.317767E-1
+7.188155E+9	+5.774631E-1	+7.314672E-1
+7.188170E+9	+5.777282E-1	+7.314246E-1
+7.188185E+9	+5.781957E-1	+7.311550E-1
+7.188200E+9	+5.782917E-1	+7.314992E-1
+7.188215E+9	+5.785767E-1	+7.311892E-1
+7.188230E+9	+5.789655E-1	+7.312083E-1
+7.188245E+9	+5.790706E-1	+7.310823E-1
+7.188260E+9	+5.790175E-1	+7.303431E-1
+7.188275E+9	+5.790304E-1	+7.304590E-1
+7.188290E+9	+5.796242E-1	+7.303083E-1
+7.188305E+9	+5.798318E-1	+7.302981E-1
+7.188320E+9	+5.801388E-1	+7.301780E-1
+7.188335E+9	+5.800544E-1	+7.300572E-1
+7.188350E+9	+5.802725E-1	+7.297342E-1
+7.188365E+9	+5.806362E-1	+7.291708E-1
+7.188380E+9	+5.809935E-1	+7.290274E-1
+7.188395E+9	+5.810480E-1	+7.292768E-1
+7.188410E+9	+5.813425E-1	+7.293888E-1
+7.188425E+9	+5.816503E-1	+7.290777E-1
+7.188440E+9	+5.818739E-1	+7.287768E-1
+7.188455E+9	+5.819566E-1	+7.283852E-1
+7.188470E+9	+5.822555E-1	+7.278921E-1
+7.188485E+9	+5.822817E-1	+7.278742E-1
+7.188500E+9	+5.825418E-1	+7.281414E-1
+7.188515E+9	+5.829099E-1	+7.281442E-1
+7.188530E+9	+5.830897E-1	+7.282723E-1
+7.188545E+9	+5.834811E-1	+7.278929E-1
+7.188560E+9	+5.838958E-1	+7.272086E-1
+7.188575E+9	+5.842175E-1	+7.270318E-1
+7.188590E+9	+5.840269E-1	+7.272297E-1
+7.188605E+9	+5.843571E-1	+7.271462E-1
+7.188620E+9	+5.846186E-1	+7.268533E-1
+7.188635E+9	+5.848514E-1	+7.264966E-1
+7.188650E+9	+5.849002E-1	+7.263972E-1
+7.188665E+9	+5.853580E-1	+7.260666E-1
+7.188680E+9	+5.856912E-1	+7.257240E-1
+7.188695E+9	+5.855866E-1	+7.257542E-1
+7.188710E+9	+5.857708E-1	+7.258786E-1
+7.188725E+9	+5.861283E-1	+7.255678E-1
+7.188740E+9	+5.860591E-1	+7.251645E-1
+7.188755E+9	+5.863959E-1	+7.252716E-1
+7.188770E+9	+5.866418E-1	+7.251480E-1
+7.188785E+9	+5.871093E-1	+7.249183E-1
+7.188800E+9	+5.876049E-1	+7.242794E-1
+7.188815E+9	+5.876699E-1	+7.249137E-1
+7.188830E+9	+5.881717E-1	+7.250194E-1
+7.188845E+9	+5.882757E-1	+7.247927E-1
+7.188860E+9	+5.885550E-1	+7.240446E-1
+7.188875E+9	+5.886368E-1	+7.243633E-1
+7.188890E+9	+5.887875E-1	+7.243677E-1
+7.188905E+9	+5.885826E-1	+7.236638E-1
+7.188920E+9	+5.891915E-1	+7.236925E-1
+7.188935E+9	+5.894866E-1	+7.233645E-1
+7.188950E+9	+5.897382E-1	+7.230936E-1
+7.188965E+9	+5.897908E-1	+7.231909E-1
+7.188980E+9	+5.898391E-1	+7.231093E-1
+7.188995E+9	+5.901421E-1	+7.226114E-1
+7.189010E+9	+5.903278E-1	+7.225179E-1
+7.189025E+9	+5.903711E-1	+7.226516E-1
+7.189040E+9	+5.906633E-1	+7.227455E-1
+7.189055E+9	+5.909220E-1	+7.224210E-1
+7.189070E+9	+5.913737E-1	+7.224860E-1
+7.189085E+9	+5.913276E-1	+7.222336E-1
+7.189100E+9	+5.915040E-1	+7.216167E-1
+7.189115E+9	+5.922711E-1	+7.218389E-1
+7.189130E+9	+5.923774E-1	+7.216929E-1
+7.189145E+9	+5.925682E-1	+7.212345E-1
+7.189160E+9	+5.925979E-1	+7.210764E-1
+7.189175E+9	+5.926960E-1	+7.208245E-1
+7.189190E+9	+5.930273E-1	+7.208760E-1
+7.189205E+9	+5.934200E-1	+7.208300E-1
+7.189220E+9	+5.934023E-1	+7.208341E-1
+7.189235E+9	+5.932596E-1	+7.205633E-1
+7.189250E+9	+5.940902E-1	+7.204286E-1
+7.189265E+9	+5.938767E-1	+7.203752E-1
+7.189280E+9	+5.942545E-1	+7.202618E-1
+7.189295E+9	+5.943096E-1	+7.202102E-1
+7.189310E+9	+5.946906E-1	+7.193517E-1
+7.189325E+9	+5.950114E-1	+7.194087E-1
+7.189340E+9	+5.953535E-1	+7.189903E-1
+7.189355E+9	+5.952422E-1	+7.191251E-1
+7.189370E+9	+5.956246E-1	+7.185963E-1
+7.189385E+9	+5.959066E-1	+7.186896E-1
+7.189400E+9	+5.960170E-1	+7.187502E-1
+7.189415E+9	+5.964726E-1	+7.185306E-1
+7.189430E+9	+5.965462E-1	+7.181331E-1
+7.189445E+9	+5.969578E-1	+7.181330E-1
+7.189460E+9	+5.970267E-1	+7.181091E-1
+7.189475E+9	+5.969460E-1	+7.180970E-1
+7.189490E+9	+5.972750E-1	+7.178930E-1
+7.189505E+9	+5.976410E-1	+7.174356E-1
+7.189520E+9	+5.975740E-1	+7.171613E-1
+7.189535E+9	+5.978274E-1	+7.170667E-1
+7.189550E+9	+5.979266E-1	+7.167944E-1
+7.189565E+9	+5.982424E-1	+7.167147E-1
+7.189580E+9	+5.990694E-1	+7.170031E-1
+7.189595E+9	+5.991592E-1	+7.168719E-1
+7.189610E+9	+5.988720E-1	+7.169011E-1
+7.189625E+9	+5.995649E-1	+7.164839E-1
+7.189640E+9	+5.996740E-1	+7.163286E-1
+7.189655E+9	+5.993712E-1	+7.162445E-1
+7.189670E+9	+5.999427E-1	+7.162364E-1
+7.189685E+9	+6.003420E-1	+7.159698E-1
+7.189700E+9	+6.004604E-1	+7.154881E-1
+7.189715E+9	+6.003949E-1	+7.152382E-1
+7.189730E+9	+6.006529E-1	+7.152478E-1
+7.189745E+9	+6.009662E-1	+7.150044E-1
+7.189760E+9	+6.010527E-1	+7.149167E-1
+7.189775E+9	+6.012152E-1	+7.148549E-1
+7.189790E+9	+6.016377E-1	+7.147711E-1
+7.189805E+9	+6.018745E-1	+7.145311E-1
+7.189820E+9	+6.019332E-1	+7.142784E-1
+7.189835E+9	+6.020911E-1	+7.141233E-1
+7.189850E+9	+6.021938E-1	+7.139243E-1
+7.189865E+9	+6.024926E-1	+7.138174E-1
+7.189880E+9	+6.026984E-1	+7.136474E-1
+7.189895E+9	+6.027509E-1	+7.134505E-1
+7.189910E+9	+6.029787E-1	+7.130268E-1
+7.189925E+9	+6.034852E-1	+7.124969E-1
+7.189940E+9	+6.038416E-1	+7.129535E-1
+7.189955E+9	+6.040171E-1	+7.130878E-1
+7.189970E+9	+6.039546E-1	+7.130798E-1
+7.189985E+9	+6.042082E-1	+7.127827E-1
+7.190000E+9	+6.047725E-1	+7.123325E-1
+7.190015E+9	+6.047598E-1	+7.119055E-1
+7.190030E+9	+6.048742E-1	+7.121681E-1
+7.190045E+9	+6.052653E-1	+7.121928E-1
+7.190060E+9	+6.052689E-1	+7.121598E-1
+7.190075E+9	+6.055929E-1	+7.118475E-1
+7.190090E+9	+6.055675E-1	+7.119205E-1
+7.190105E+9	+6.056628E-1	+7.114610E-1
+7.190120E+9	+6.058707E-1	+7.114158E-1
+7.190135E+9	+6.062232E-1	+7.113565E-1
+7.190150E+9	+6.063158E-1	+7.107280E-1
+7.190165E+9	+6.066456E-1	+7.105580E-1
+7.190180E+9	+6.069819E-1	+7.105402E-1
+7.190195E+9	+6.071092E-1	+7.105554E-1
+7.190210E+9	+6.070823E-1	+7.102402E-1
+7.190225E+9	+6.075423E-1	+7.097901E-1
+7.190240E+9	+6.077472E-1	+7.099904E-1
+7.190255E+9	+6.080647E-1	+7.100546E-1
+7.190270E+9	+6.083927E-1	+7.097245E-1
+7.190285E+9	+6.081871E-1	+7.094658E-1
+7.190300E+9	+6.086317E-1	+7.093680E-1
+7.190315E+9	+6.087578E-1	+7.091941E-1
+7.190330E+9	+6.088179E-1	+7.087758E-1
+7.190345E+9	+6.087602E-1	+7.085357E-1
+7.190360E+9	+6.089372E-1	+7.088770E-1
+7.190375E+9	+6.091182E-1	+7.087764E-1
+7.190390E+9	+6.092789E-1	+7.084390E-1
+7.190405E+9	+6.095872E-1	+7.082696E-1
+7.190420E+9	+6.100386E-1	+7.080498E-1
+7.190435E+9	+6.103145E-1	+7.082971E-1
+7.190450E+9	+6.104815E-1	+7.082101E-1
+7.190465E+9	+6.104034E-1	+7.079472E-1
+7.190480E+9	+6.104111E-1	+7.076694E-1
+7.190495E+9	+6.105967E-1	+7.074661E-1
+7.190510E+9	+6.110836E-1	+7.075777E-1
+7.190525E+9	+6.109889E-1	+7.073766E-1
+7.190540E+9	+6.114825E-1	+7.069002E-1
+7.190555E+9	+6.117410E-1	+7.063515E-1
+7.190570E+9	+6.119228E-1	+7.065331E-1
+7.190585E+9	+6.119580E-1	+7.064062E-1
+7.190600E+9	+6.123210E-1	+7.062941E-1
+7.190615E+9	+6.122886E-1	+7.064679E-1
+7.190630E+9	+6.123125E-1	+7.062571E-1
+7.190645E+9	+6.129639E-1	+7.059400E-1
+7.190660E+9	+6.132093E-1	+7.054544E-1
+7.190675E+9	+6.134442E-1	+7.055032E-1
+7.190690E+9	+6.139192E-1	+7.054821E-1
+7.190705E+9	+6.140656E-1	+7.054835E-1
+7.190720E+9	+6.141900E-1	+7.053058E-1
+7.190735E+9	+6.138887E-1	+7.052424E-1
+7.190750E+9	+6.140867E-1	+7.049485E-1
+7.190765E+9	+6.143143E-1	+7.047461E-1
+7.190780E+9	+6.148154E-1	+7.041471E-1
+7.190795E+9	+6.151160E-1	+7.040745E-1
+7.190810E+9	+6.151887E-1	+7.039294E-1
+7.190825E+9	+6.149547E-1	+7.040004E-1
+7.190840E+9	+6.151775E-1	+7.037134E-1
+7.190855E+9	+6.155181E-1	+7.036842E-1
+7.190870E+9	+6.159400E-1	+7.037855E-1
+7.190885E+9	+6.161406E-1	+7.036768E-1
+7.190900E+9	+6.162354E-1	+7.035541E-1
+7.190915E+9	+6.164081E-1	+7.033535E-1
+7.190930E+9	+6.162577E-1	+7.031321E-1
+7.190945E+9	+6.165441E-1	+7.029715E-1
+7.190960E+9	+6.171421E-1	+7.029187E-1
+7.190975E+9	+6.174018E-1	+7.026522E-1
+7.190990E+9	+6.173551E-1	+7.028862E-1
+7.191005E+9	+6.174180E-1	+7.026506E-1
+7.191020E+9	+6.177555E-1	+7.023886E-1
+7.191035E+9	+6.179458E-1	+7.019213E-1
+7.191050E+9	+6.181307E-1	+7.015310E-1
+7.191065E+9	+6.182204E-1	+7.018948E-1
+7.191080E+9	+6.184201E-1	+7.018903E-1
+7.191095E+9	+6.186845E-1	+7.015163E-1
+7.191110E+9	+6.189509E-1	+7.014289E-1
+7.191125E+9	+6.194371E-1	+7.015733E-1
+7.191140E+9	+6.196582E-1	+7.011620E-1
+7.191155E+9	+6.199876E-1	+7.006971E-1
+7.191170E+9	+6.200416E-1	+7.003635E-1
+7.191185E+9	+6.201734E-1	+7.003341E-1
+7.191200E+9	+6.203192E-1	+7.004165E-1
+7.191215E+9	+6.200761E-1	+7.001752E-1
+7.191230E+9	+6.202744E-1	+7.001449E-1
+7.191245E+9	+6.208039E-1	+6.996687E-1
+7.191260E+9	+6.207808E-1	+6.997943E-1
+7.191275E+9	+6.209811E-1	+6.996316E-1
+7.191290E+9	+6.211760E-1	+6.993917E-1
+7.191305E+9	+6.215770E-1	+6.990694E-1
+7.191320E+9	+6.217588E-1	+6.990172E-1
+7.191335E+9	+6.217114E-1	+6.991227E-1
+7.191350E+9	+6.223986E-1	+6.985628E-1
+7.191365E+9	+6.223973E-1	+6.984565E-1
+7.191380E+9	+6.223239E-1	+6.985923E-1
+7.191395E+9	+6.224193E-1	+6.984674E-1
+7.191410E+9	+6.226173E-1	+6.982761E-1
+7.191425E+9	+6.228048E-1	+6.981260E-1
+7.191440E+9	+6.230506E-1	+6.978841E-1
+7.191455E+9	+6.234802E-1	+6.980605E-1
+7.191470E+9	+6.234873E-1	+6.978219E-1
+7.191485E+9	+6.237382E-1	+6.972511E-1
+7.191500E+9	+6.243844E-1	+6.970222E-1
+7.191515E+9	+6.245257E-1	+6.970679E-1
+7.191530E+9	+6.242325E-1	+6.973108E-1
+7.191545E+9	+6.240882E-1	+6.970128E-1
+7.191560E+9	+6.242960E-1	+6.965369E-1
+7.191575E+9	+6.249055E-1	+6.964047E-1
+7.191590E+9	+6.255622E-1	+6.963275E-1
+7.191605E+9	+6.255799E-1	+6.966244E-1
+7.191620E+9	+6.252337E-1	+6.964984E-1
+7.191635E+9	+6.252727E-1	+6.963222E-1
+7.191650E+9	+6.254071E-1	+6.960072E-1
+7.191665E+9	+6.259035E-1	+6.957703E-1
+7.191680E+9	+6.261642E-1	+6.955403E-1
+7.191695E+9	+6.263531E-1	+6.954121E-1
+7.191710E+9	+6.262285E-1	+6.951367E-1
+7.191725E+9	+6.263745E-1	+6.949449E-1
+7.191740E+9	+6.267941E-1	+6.946298E-1
+7.191755E+9	+6.271164E-1	+6.946356E-1
+7.191770E+9	+6.271225E-1	+6.943309E-1
+7.191785E+9	+6.272572E-1	+6.944046E-1
+7.191800E+9	+6.275789E-1	+6.945737E-1
+7.191815E+9	+6.277388E-1	+6.939785E-1
+7.191830E+9	+6.278896E-1	+6.936315E-1
+7.191845E+9	+6.281049E-1	+6.937085E-1
+7.191860E+9	+6.283168E-1	+6.937044E-1
+7.191875E+9	+6.285688E-1	+6.938208E-1
+7.191890E+9	+6.287610E-1	+6.935624E-1
+7.191905E+9	+6.289014E-1	+6.931107E-1
+7.191920E+9	+6.288914E-1	+6.928971E-1
+7.191935E+9	+6.291519E-1	+6.929811E-1
+7.191950E+9	+6.291496E-1	+6.929749E-1
+7.191965E+9	+6.289760E-1	+6.925336E-1
+7.191980E+9	+6.291617E-1	+6.924263E-1
+7.191995E+9	+6.294063E-1	+6.923246E-1
+7.192010E+9	+6.300115E-1	+6.923041E-1
+7.192025E+9	+6.301507E-1	+6.921738E-1
+7.192040E+9	+6.302289E-1	+6.918557E-1
+7.192055E+9	+6.304383E-1	+6.915745E-1
+7.192070E+9	+6.306112E-1	+6.916493E-1
+7.192085E+9	+6.308060E-1	+6.915921E-1
+7.192100E+9	+6.311672E-1	+6.913594E-1
+7.192115E+9	+6.313970E-1	+6.910435E-1
+7.192130E+9	+6.314373E-1	+6.910700E-1
+7.192145E+9	+6.314219E-1	+6.910797E-1
+7.192160E+9	+6.317609E-1	+6.908160E-1
+7.192175E+9	+6.321367E-1	+6.906777E-1
+7.192190E+9	+6.323181E-1	+6.903443E-1
+7.192205E+9	+6.324775E-1	+6.906674E-1
+7.192220E+9	+6.323814E-1	+6.901930E-1
+7.192235E+9	+6.327211E-1	+6.900823E-1
+7.192250E+9	+6.329939E-1	+6.899300E-1
+7.192265E+9	+6.331936E-1	+6.895649E-1
+7.192280E+9	+6.334027E-1	+6.896146E-1
+7.192295E+9	+6.334780E-1	+6.893691E-1
+7.192310E+9	+6.335273E-1	+6.890959E-1
+7.192325E+9	+6.338263E-1	+6.887414E-1
+7.192340E+9	+6.341425E-1	+6.887239E-1
+7.192355E+9	+6.341546E-1	+6.889305E-1
+7.192370E+9	+6.343354E-1	+6.885771E-1
+7.192385E+9	+6.344180E-1	+6.885429E-1
+7.192400E+9	+6.343136E-1	+6.885035E-1
+7.192415E+9	+6.348336E-1	+6.884513E-1
+7.192430E+9	+6.351159E-1	+6.881452E-1
+7.192445E+9	+6.352785E-1	+6.878212E-1
+7.192460E+9	+6.354180E-1	+6.873982E-1
+7.192475E+9	+6.354100E-1	+6.875163E-1
+7.192490E+9	+6.355807E-1	+6.871155E-1
+7.192505E+9	+6.357762E-1	+6.871305E-1
+7.192520E+9	+6.363031E-1	+6.868723E-1
+7.192535E+9	+6.365279E-1	+6.871058E-1
+7.192550E+9	+6.362649E-1	+6.869856E-1
+7.192565E+9	+6.365150E-1	+6.867077E-1
+7.192580E+9	+6.366492E-1	+6.861830E-1
+7.192595E+9	+6.365797E-1	+6.861911E-1
+7.192610E+9	+6.368154E-1	+6.862724E-1
+7.192625E+9	+6.371940E-1	+6.861617E-1
+7.192640E+9	+6.374586E-1	+6.861156E-1
+7.192655E+9	+6.378831E-1	+6.859953E-1
+7.192670E+9	+6.379864E-1	+6.857659E-1
+7.192685E+9	+6.380192E-1	+6.850372E-1
+7.192700E+9	+6.382142E-1	+6.850433E-1
+7.192715E+9	+6.381567E-1	+6.849051E-1
+7.192730E+9	+6.384809E-1	+6.850743E-1
+7.192745E+9	+6.385330E-1	+6.849846E-1
+7.192760E+9	+6.389865E-1	+6.849549E-1
+7.192775E+9	+6.392205E-1	+6.843106E-1
+7.192790E+9	+6.396627E-1	+6.841198E-1
+7.192805E+9	+6.397811E-1	+6.840078E-1
+7.192820E+9	+6.392061E-1	+6.841603E-1
+7.192835E+9	+6.396301E-1	+6.836925E-1
+7.192850E+9	+6.399139E-1	+6.834520E-1
+7.192865E+9	+6.403800E-1	+6.835889E-1
+7.192880E+9	+6.404647E-1	+6.837406E-1
+7.192895E+9	+6.402603E-1	+6.835052E-1
+7.192910E+9	+6.401913E-1	+6.832544E-1
+7.192925E+9	+6.408332E-1	+6.832578E-1
+7.192940E+9	+6.408291E-1	+6.828293E-1
+7.192955E+9	+6.414430E-1	+6.827473E-1
+7.192970E+9	+6.414308E-1	+6.827594E-1
+7.192985E+9	+6.415891E-1	+6.827416E-1
+7.193000E+9	+6.416656E-1	+6.825061E-1
+7.193015E+9	+6.419689E-1	+6.823975E-1
+7.193030E+9	+6.419170E-1	+6.824338E-1
+7.193045E+9	+6.418115E-1	+6.820882E-1
+7.193060E+9	+6.420006E-1	+6.820598E-1
+7.193075E+9	+6.424352E-1	+6.822182E-1
+7.193090E+9	+6.424087E-1	+6.817298E-1
+7.193105E+9	+6.428327E-1	+6.815810E-1
+7.193120E+9	+6.431366E-1	+6.815747E-1
+7.193135E+9	+6.430872E-1	+6.813669E-1
+7.193150E+9	+6.432216E-1	+6.811556E-1
+7.193165E+9	+6.434761E-1	+6.810673E-1
+7.193180E+9	+6.434735E-1	+6.805337E-1
+7.193195E+9	+6.437756E-1	+6.805033E-1
+7.193210E+9	+6.437682E-1	+6.803465E-1
+7.193225E+9	+6.435998E-1	+6.802754E-1
+7.193240E+9	+6.441408E-1	+6.799712E-1
+7.193255E+9	+6.449399E-1	+6.797528E-1
+7.193270E+9	+6.446122E-1	+6.798560E-1
+7.193285E+9	+6.448217E-1	+6.795257E-1
+7.193300E+9	+6.454050E-1	+6.792113E-1
+7.193315E+9	+6.454627E-1	+6.793607E-1
+7.193330E+9	+6.452681E-1	+6.791691E-1
+7.193345E+9	+6.451644E-1	+6.788918E-1
+7.193360E+9	+6.453721E-1	+6.790556E-1
+7.193375E+9	+6.459738E-1	+6.787777E-1
+7.193390E+9	+6.460586E-1	+6.787137E-1
+7.193405E+9	+6.462399E-1	+6.783743E-1
+7.193420E+9	+6.463399E-1	+6.780356E-1
+7.193435E+9	+6.464590E-1	+6.777900E-1
+7.193450E+9	+6.461199E-1	+6.784463E-1
+7.193465E+9	+6.463724E-1	+6.780645E-1
+7.193480E+9	+6.471194E-1	+6.779885E-1
+7.193495E+9	+6.470815E-1	+6.778822E-1
+7.193510E+9	+6.469337E-1	+6.776266E-1
+7.193525E+9	+6.471520E-1	+6.774076E-1
+7.193540E+9	+6.474831E-1	+6.771473E-1
+7.193555E+9	+6.481315E-1	+6.770156E-1
+7.193570E+9	+6.480669E-1	+6.768247E-1
+7.193585E+9	+6.480763E-1	+6.768119E-1
+7.193600E+9	+6.482753E-1	+6.766706E-1
+7.193615E+9	+6.486175E-1	+6.763721E-1
+7.193630E+9	+6.488551E-1	+6.759984E-1
+7.193645E+9	+6.487873E-1	+6.758759E-1
+7.193660E+9	+6.489097E-1	+6.757725E-1
+7.193675E+9	+6.488073E-1	+6.757522E-1
+7.193690E+9	+6.491296E-1	+6.757831E-1
+7.193705E+9	+6.492350E-1	+6.757497E-1
+7.193720E+9	+6.493917E-1	+6.755818E-1
+7.193735E+9	+6.496366E-1	+6.749863E-1
+7.193750E+9	+6.499300E-1	+6.751479E-1
+7.193765E+9	+6.500992E-1	+6.746930E-1
+7.193780E+9	+6.505763E-1	+6.746458E-1
+7.193795E+9	+6.506323E-1	+6.746328E-1
+7.193810E+9	+6.505282E-1	+6.745140E-1
+7.193825E+9	+6.510215E-1	+6.741821E-1
+7.193840E+9	+6.511002E-1	+6.740024E-1
+7.193855E+9	+6.513647E-1	+6.739696E-1
+7.193870E+9	+6.516170E-1	+6.739122E-1
+7.193885E+9	+6.516382E-1	+6.739762E-1
+7.193900E+9	+6.515387E-1	+6.736186E-1
+7.193915E+9	+6.518362E-1	+6.735326E-1
+7.193930E+9	+6.523022E-1	+6.733102E-1
+7.193945E+9	+6.523651E-1	+6.734531E-1
+7.193960E+9	+6.521523E-1	+6.729891E-1
+7.193975E+9	+6.523007E-1	+6.724174E-1
+7.193990E+9	+6.525436E-1	+6.722742E-1
+7.194005E+9	+6.527461E-1	+6.723391E-1
+7.194020E+9	+6.529081E-1	+6.721841E-1
+7.194035E+9	+6.528232E-1	+6.724946E-1
+7.194050E+9	+6.535059E-1	+6.719890E-1
+7.194065E+9	+6.536518E-1	+6.717813E-1
+7.194080E+9	+6.536954E-1	+6.716018E-1
+7.194095E+9	+6.534933E-1	+6.715675E-1
+7.194110E+9	+6.539845E-1	+6.715742E-1
+7.194125E+9	+6.543544E-1	+6.714732E-1
+7.194140E+9	+6.538155E-1	+6.714571E-1
+7.194155E+9	+6.537018E-1	+6.709748E-1
+7.194170E+9	+6.538608E-1	+6.709393E-1
+7.194185E+9	+6.541943E-1	+6.707553E-1
+7.194200E+9	+6.549392E-1	+6.707283E-1
+7.194215E+9	+6.550680E-1	+6.703802E-1
+7.194230E+9	+6.549801E-1	+6.700359E-1
+7.194245E+9	+6.551492E-1	+6.697543E-1
+7.194260E+9	+6.552898E-1	+6.699606E-1
+7.194275E+9	+6.555297E-1	+6.698614E-1
+7.194290E+9	+6.557696E-1	+6.694337E-1
+7.194305E+9	+6.559412E-1	+6.692973E-1
+7.194320E+9	+6.559851E-1	+6.692119E-1
+7.194335E+9	+6.560732E-1	+6.690566E-1
+7.194350E+9	+6.561933E-1	+6.691249E-1
+7.194365E+9	+6.565098E-1	+6.691001E-1
+7.194380E+9	+6.567704E-1	+6.690687E-1
+7.194395E+9	+6.568308E-1	+6.692276E-1
+7.194410E+9	+6.568651E-1	+6.691568E-1
+7.194425E+9	+6.563325E-1	+6.686120E-1
+7.194440E+9	+6.566417E-1	+6.681522E-1
+7.194455E+9	+6.572205E-1	+6.680334E-1
+7.194470E+9	+6.574655E-1	+6.679084E-1
+7.194485E+9	+6.577952E-1	+6.677038E-1
+7.194500E+9	+6.581310E-1	+6.677138E-1
+7.194515E+9	+6.580653E-1	+6.674164E-1
+7.194530E+9	+6.577591E-1	+6.672831E-1
+7.194545E+9	+6.581507E-1	+6.669978E-1
+7.194560E+9	+6.588238E-1	+6.669667E-1
+7.194575E+9	+6.589734E-1	+6.673211E-1
+7.194590E+9	+6.590049E-1	+6.666799E-1
+7.194605E+9	+6.592981E-1	+6.663692E-1
+7.194620E+9	+6.593453E-1	+6.662409E-1
+7.194635E+9	+6.597727E-1	+6.664337E-1
+7.194650E+9	+6.595903E-1	+6.659800E-1
+7.194665E+9	+6.597043E-1	+6.662256E-1
+7.194680E+9	+6.596852E-1	+6.659612E-1
+7.194695E+9	+6.597838E-1	+6.655763E-1
+7.194710E+9	+6.600258E-1	+6.654331E-1
+7.194725E+9	+6.605188E-1	+6.655814E-1
+7.194740E+9	+6.607452E-1	+6.654980E-1
+7.194755E+9	+6.607419E-1	+6.647820E-1
+7.194770E+9	+6.604902E-1	+6.645017E-1
+7.194785E+9	+6.609182E-1	+6.645825E-1
+7.194800E+9	+6.612010E-1	+6.647042E-1
+7.194815E+9	+6.613420E-1	+6.647179E-1
+7.194830E+9	+6.617733E-1	+6.647648E-1
+7.194845E+9	+6.619898E-1	+6.647730E-1
+7.194860E+9	+6.620384E-1	+6.644339E-1
+7.194875E+9	+6.621071E-1	+6.641712E-1
+7.194890E+9	+6.623550E-1	+6.638747E-1
+7.194905E+9	+6.627048E-1	+6.634859E-1
+7.194920E+9	+6.626919E-1	+6.631367E-1
+7.194935E+9	+6.630406E-1	+6.633403E-1
+7.194950E+9	+6.627452E-1	+6.639322E-1
+7.194965E+9	+6.630172E-1	+6.637302E-1
+7.194980E+9	+6.633698E-1	+6.632290E-1
+7.194995E+9	+6.633816E-1	+6.629050E-1
+7.195010E+9	+6.635156E-1	+6.625719E-1
+7.195025E+9	+6.634212E-1	+6.624662E-1
+7.195040E+9	+6.634442E-1	+6.621505E-1
+7.195055E+9	+6.638677E-1	+6.620806E-1
+7.195070E+9	+6.642551E-1	+6.622563E-1
+7.195085E+9	+6.642567E-1	+6.619917E-1
+7.195100E+9	+6.640789E-1	+6.617306E-1
+7.195115E+9	+6.640276E-1	+6.612869E-1
+7.195130E+9	+6.643551E-1	+6.612993E-1
+7.195145E+9	+6.648922E-1	+6.616445E-1
+7.195160E+9	+6.650674E-1	+6.613330E-1
+7.195175E+9	+6.651800E-1	+6.607044E-1
+7.195190E+9	+6.652168E-1	+6.608331E-1
+7.195205E+9	+6.652430E-1	+6.609232E-1
+7.195220E+9	+6.649024E-1	+6.608814E-1
+7.195235E+9	+6.648385E-1	+6.606274E-1
+7.195250E+9	+6.658561E-1	+6.601641E-1
+7.195265E+9	+6.655413E-1	+6.600775E-1
+7.195280E+9	+6.657245E-1	+6.600766E-1
+7.195295E+9	+6.667491E-1	+6.598864E-1
+7.195310E+9	+6.670449E-1	+6.598307E-1
+7.195325E+9	+6.664121E-1	+6.597998E-1
+7.195340E+9	+6.667663E-1	+6.594706E-1
+7.195355E+9	+6.671072E-1	+6.588317E-1
+7.195370E+9	+6.673124E-1	+6.590113E-1
+7.195385E+9	+6.672460E-1	+6.587738E-1
+7.195400E+9	+6.670216E-1	+6.589504E-1
+7.195415E+9	+6.670884E-1	+6.587034E-1
+7.195430E+9	+6.675619E-1	+6.584675E-1
+7.195445E+9	+6.678975E-1	+6.582964E-1
+7.195460E+9	+6.680722E-1	+6.581161E-1
+7.195475E+9	+6.682921E-1	+6.583086E-1
+7.195490E+9	+6.682692E-1	+6.582514E-1
+7.195505E+9	+6.684055E-1	+6.577147E-1
+7.195520E+9	+6.687862E-1	+6.576319E-1
+7.195535E+9	+6.690560E-1	+6.575705E-1
+7.195550E+9	+6.692189E-1	+6.574596E-1
+7.195565E+9	+6.693162E-1	+6.572231E-1
+7.195580E+9	+6.693256E-1	+6.570103E-1
+7.195595E+9	+6.695045E-1	+6.568414E-1
+7.195610E+9	+6.693409E-1	+6.568136E-1
+7.195625E+9	+6.694689E-1	+6.565557E-1
+7.195640E+9	+6.699156E-1	+6.564377E-1
+7.195655E+9	+6.701358E-1	+6.563634E-1
+7.195670E+9	+6.700335E-1	+6.564033E-1
+7.195685E+9	+6.703380E-1	+6.562928E-1
+7.195700E+9	+6.705779E-1	+6.564263E-1
+7.195715E+9	+6.702652E-1	+6.558864E-1
+7.195730E+9	+6.704771E-1	+6.556011E-1
+7.195745E+9	+6.709668E-1	+6.557537E-1
+7.195760E+9	+6.711839E-1	+6.559282E-1
+7.195775E+9	+6.713454E-1	+6.559855E-1
+7.195790E+9	+6.707915E-1	+6.549592E-1
+7.195805E+9	+6.708389E-1	+6.543927E-1
+7.195820E+9	+6.708521E-1	+6.546478E-1
+7.195835E+9	+6.713866E-1	+6.548823E-1
+7.195850E+9	+6.719514E-1	+6.547871E-1
+7.195865E+9	+6.719947E-1	+6.544355E-1
+7.195880E+9	+6.720402E-1	+6.540472E-1
+7.195895E+9	+6.720473E-1	+6.537500E-1
+7.195910E+9	+6.723983E-1	+6.537924E-1
+7.195925E+9	+6.726648E-1	+6.539752E-1
+7.195940E+9	+6.726799E-1	+6.538390E-1
+7.195955E+9	+6.726660E-1	+6.536793E-1
+7.195970E+9	+6.727822E-1	+6.535354E-1
+7.195985E+9	+6.732860E-1	+6.532684E-1
+7.196000E+9	+6.738891E-1	+6.528236E-1
+7.196015E+9	+6.739627E-1	+6.528706E-1
+7.196030E+9	+6.738742E-1	+6.529467E-1
+7.196045E+9	+6.740743E-1	+6.526931E-1
+7.196060E+9	+6.740171E-1	+6.524315E-1
+7.196075E+9	+6.739876E-1	+6.523999E-1
+7.196090E+9	+6.740851E-1	+6.524686E-1
+7.196105E+9	+6.743234E-1	+6.523674E-1
+7.196120E+9	+6.744547E-1	+6.519203E-1
+7.196135E+9	+6.749256E-1	+6.519635E-1
+7.196150E+9	+6.749466E-1	+6.519251E-1
+7.196165E+9	+6.748656E-1	+6.519329E-1
+7.196180E+9	+6.747319E-1	+6.516651E-1
+7.196195E+9	+6.749624E-1	+6.515840E-1
+7.196210E+9	+6.752202E-1	+6.510785E-1
+7.196225E+9	+6.755657E-1	+6.506605E-1
+7.196240E+9	+6.759941E-1	+6.509821E-1
+7.196255E+9	+6.760268E-1	+6.511934E-1
+7.196270E+9	+6.762505E-1	+6.507665E-1
+7.196285E+9	+6.764788E-1	+6.504752E-1
+7.196300E+9	+6.768648E-1	+6.498645E-1
+7.196315E+9	+6.769940E-1	+6.497970E-1
+7.196330E+9	+6.769366E-1	+6.496618E-1
+7.196345E+9	+6.766943E-1	+6.495203E-1
+7.196360E+9	+6.768088E-1	+6.495450E-1
+7.196375E+9	+6.773252E-1	+6.493902E-1
+7.196390E+9	+6.773742E-1	+6.488957E-1
+7.196405E+9	+6.774924E-1	+6.485282E-1
+7.196420E+9	+6.773688E-1	+6.484808E-1
+7.196435E+9	+6.773369E-1	+6.487155E-1
+7.196450E+9	+6.774519E-1	+6.488649E-1
+7.196465E+9	+6.778064E-1	+6.486599E-1
+7.196480E+9	+6.779045E-1	+6.483990E-1
+7.196495E+9	+6.779746E-1	+6.482064E-1
+7.196510E+9	+6.781607E-1	+6.480834E-1
+7.196525E+9	+6.784037E-1	+6.481324E-1
+7.196540E+9	+6.783077E-1	+6.478838E-1
+7.196555E+9	+6.783880E-1	+6.477742E-1
+7.196570E+9	+6.788615E-1	+6.477905E-1
+7.196585E+9	+6.792547E-1	+6.474508E-1
+7.196600E+9	+6.789341E-1	+6.473236E-1
+7.196615E+9	+6.791634E-1	+6.470871E-1
+7.196630E+9	+6.795738E-1	+6.468359E-1
+7.196645E+9	+6.800159E-1	+6.470126E-1
+7.196660E+9	+6.797982E-1	+6.469505E-1
+7.196675E+9	+6.797234E-1	+6.461292E-1
+7.196690E+9	+6.796402E-1	+6.460936E-1
+7.196705E+9	+6.801094E-1	+6.461579E-1
+7.196720E+9	+6.803917E-1	+6.460137E-1
+7.196735E+9	+6.806253E-1	+6.459443E-1
+7.196750E+9	+6.805918E-1	+6.464996E-1
+7.196765E+9	+6.804218E-1	+6.458700E-1
+7.196780E+9	+6.804383E-1	+6.455888E-1
+7.196795E+9	+6.807341E-1	+6.455547E-1
+7.196810E+9	+6.817425E-1	+6.452346E-1
+7.196825E+9	+6.814362E-1	+6.446393E-1
+7.196840E+9	+6.815402E-1	+6.449628E-1
+7.196855E+9	+6.816004E-1	+6.449596E-1
+7.196870E+9	+6.814558E-1	+6.446731E-1
+7.196885E+9	+6.819610E-1	+6.445586E-1
+7.196900E+9	+6.824600E-1	+6.444773E-1
+7.196915E+9	+6.820221E-1	+6.443385E-1
+7.196930E+9	+6.816482E-1	+6.437124E-1
+7.196945E+9	+6.820715E-1	+6.438180E-1
+7.196960E+9	+6.823111E-1	+6.438661E-1
+7.196975E+9	+6.823445E-1	+6.436715E-1
+7.196990E+9	+6.827051E-1	+6.433874E-1
+7.197005E+9	+6.829232E-1	+6.431551E-1
+7.197020E+9	+6.829394E-1	+6.429079E-1
+7.197035E+9	+6.827587E-1	+6.429976E-1
+7.197050E+9	+6.831546E-1	+6.423827E-1
+7.197065E+9	+6.833495E-1	+6.425173E-1
+7.197080E+9	+6.840339E-1	+6.425525E-1
+7.197095E+9	+6.839803E-1	+6.419336E-1
+7.197110E+9	+6.841923E-1	+6.420836E-1
+7.197125E+9	+6.844113E-1	+6.421295E-1
+7.197140E+9	+6.847291E-1	+6.420898E-1
+7.197155E+9	+6.847873E-1	+6.420422E-1
+7.197170E+9	+6.846076E-1	+6.419455E-1
+7.197185E+9	+6.839780E-1	+6.414785E-1
+7.197200E+9	+6.844413E-1	+6.409511E-1
+7.197215E+9	+6.846835E-1	+6.407644E-1
+7.197230E+9	+6.850507E-1	+6.408917E-1
+7.197245E+9	+6.852937E-1	+6.411235E-1
+7.197260E+9	+6.854530E-1	+6.412171E-1
+7.197275E+9	+6.859612E-1	+6.411673E-1
+7.197290E+9	+6.859658E-1	+6.409056E-1
+7.197305E+9	+6.861835E-1	+6.403346E-1
+7.197320E+9	+6.859734E-1	+6.403167E-1
+7.197335E+9	+6.859165E-1	+6.401117E-1
+7.197350E+9	+6.859974E-1	+6.397519E-1
+7.197365E+9	+6.862330E-1	+6.393586E-1
+7.197380E+9	+6.865998E-1	+6.395031E-1
+7.197395E+9	+6.867227E-1	+6.394054E-1
+7.197410E+9	+6.869239E-1	+6.402061E-1
+7.197425E+9	+6.867040E-1	+6.395302E-1
+7.197440E+9	+6.869457E-1	+6.395751E-1
+7.197455E+9	+6.873879E-1	+6.393166E-1
+7.197470E+9	+6.875613E-1	+6.388253E-1
+7.197485E+9	+6.877628E-1	+6.385610E-1
+7.197500E+9	+6.879625E-1	+6.383609E-1
+7.197515E+9	+6.880774E-1	+6.385775E-1
+7.197530E+9	+6.880034E-1	+6.385244E-1
+7.197545E+9	+6.882338E-1	+6.382490E-1
+7.197560E+9	+6.886174E-1	+6.381331E-1
+7.197575E+9	+6.891624E-1	+6.379261E-1
+7.197590E+9	+6.885945E-1	+6.372074E-1
+7.197605E+9	+6.886324E-1	+6.369600E-1
+7.197620E+9	+6.893024E-1	+6.371404E-1
+7.197635E+9	+6.893565E-1	+6.372346E-1
+7.197650E+9	+6.888698E-1	+6.375281E-1
+7.197665E+9	+6.891661E-1	+6.370986E-1
+7.197680E+9	+6.895753E-1	+6.368709E-1
+7.197695E+9	+6.902070E-1	+6.366581E-1
+7.197710E+9	+6.901272E-1	+6.363672E-1
+7.197725E+9	+6.898611E-1	+6.363437E-1
+7.197740E+9	+6.902415E-1	+6.366417E-1
+7.197755E+9	+6.901896E-1	+6.365452E-1
+7.197770E+9	+6.901692E-1	+6.361051E-1
+7.197785E+9	+6.897285E-1	+6.356828E-1
+7.197800E+9	+6.905118E-1	+6.356342E-1
+7.197815E+9	+6.905145E-1	+6.355887E-1
+7.197830E+9	+6.907348E-1	+6.356048E-1
+7.197845E+9	+6.912356E-1	+6.353074E-1
+7.197860E+9	+6.913442E-1	+6.347837E-1
+7.197875E+9	+6.913641E-1	+6.343844E-1
+7.197890E+9	+6.916674E-1	+6.344095E-1
+7.197905E+9	+6.914372E-1	+6.345472E-1
+7.197920E+9	+6.912712E-1	+6.344346E-1
+7.197935E+9	+6.910572E-1	+6.343807E-1
+7.197950E+9	+6.911188E-1	+6.341979E-1
+7.197965E+9	+6.917013E-1	+6.339638E-1
+7.197980E+9	+6.921660E-1	+6.338825E-1
+7.197995E+9	+6.925496E-1	+6.340311E-1
+7.198010E+9	+6.927048E-1	+6.340560E-1
+7.198025E+9	+6.930691E-1	+6.345986E-1
+7.198040E+9	+6.929666E-1	+6.341925E-1
+7.198055E+9	+6.928932E-1	+6.337567E-1
+7.198070E+9	+6.928224E-1	+6.334848E-1
+7.198085E+9	+6.931079E-1	+6.332070E-1
+7.198100E+9	+6.934102E-1	+6.327965E-1
+7.198115E+9	+6.933338E-1	+6.329707E-1
+7.198130E+9	+6.933125E-1	+6.329612E-1
+7.198145E+9	+6.935269E-1	+6.326598E-1
+7.198160E+9	+6.938649E-1	+6.325617E-1
+7.198175E+9	+6.941017E-1	+6.324615E-1
+7.198190E+9	+6.947291E-1	+6.321762E-1
+7.198205E+9	+6.949872E-1	+6.321367E-1
+7.198220E+9	+6.946877E-1	+6.319356E-1
+7.198235E+9	+6.946584E-1	+6.315395E-1
+7.198250E+9	+6.944778E-1	+6.311417E-1
+7.198265E+9	+6.949316E-1	+6.313842E-1
+7.198280E+9	+6.952266E-1	+6.312775E-1
+7.198295E+9	+6.949055E-1	+6.310202E-1
+7.198310E+9	+6.950018E-1	+6.309613E-1
+7.198325E+9	+6.952927E-1	+6.309502E-1
+7.198340E+9	+6.954581E-1	+6.303673E-1
+7.198355E+9	+6.956338E-1	+6.300747E-1
+7.198370E+9	+6.955064E-1	+6.305069E-1
+7.198385E+9	+6.954892E-1	+6.306054E-1
+7.198400E+9	+6.956534E-1	+6.303460E-1
+7.198415E+9	+6.958664E-1	+6.298204E-1
+7.198430E+9	+6.968126E-1	+6.296605E-1
+7.198445E+9	+6.969460E-1	+6.299763E-1
+7.198460E+9	+6.967945E-1	+6.296668E-1
+7.198475E+9	+6.963026E-1	+6.290287E-1
+7.198490E+9	+6.967113E-1	+6.291632E-1
+7.198505E+9	+6.969485E-1	+6.291262E-1
+7.198520E+9	+6.969837E-1	+6.289946E-1
+7.198535E+9	+6.971366E-1	+6.287768E-1
+7.198550E+9	+6.973094E-1	+6.285445E-1
+7.198565E+9	+6.974433E-1	+6.282577E-1
+7.198580E+9	+6.970403E-1	+6.283597E-1
+7.198595E+9	+6.971808E-1	+6.284944E-1
+7.198610E+9	+6.975773E-1	+6.283182E-1
+7.198625E+9	+6.980668E-1	+6.280086E-1
+7.198640E+9	+6.981779E-1	+6.278188E-1
+7.198655E+9	+6.985507E-1	+6.279912E-1
+7.198670E+9	+6.989407E-1	+6.277585E-1
+7.198685E+9	+6.993215E-1	+6.276325E-1
+7.198700E+9	+6.993677E-1	+6.271970E-1
+7.198715E+9	+6.989317E-1	+6.266537E-1
+7.198730E+9	+6.990122E-1	+6.264309E-1
+7.198745E+9	+6.997956E-1	+6.264233E-1
+7.198760E+9	+6.998243E-1	+6.269115E-1
+7.198775E+9	+6.982803E-1	+6.274868E-1
+7.198790E+9	+6.988428E-1	+6.264265E-1
+7.198805E+9	+6.994175E-1	+6.257504E-1
+7.198820E+9	+6.996363E-1	+6.252668E-1
+7.198835E+9	+6.998768E-1	+6.254146E-1
+7.198850E+9	+6.998281E-1	+6.258134E-1
+7.198865E+9	+6.996400E-1	+6.257761E-1
+7.198880E+9	+6.995536E-1	+6.257211E-1
+7.198895E+9	+6.997428E-1	+6.254488E-1
+7.198910E+9	+7.004797E-1	+6.255147E-1
+7.198925E+9	+7.001863E-1	+6.248056E-1
+7.198940E+9	+7.005130E-1	+6.245291E-1
+7.198955E+9	+7.011962E-1	+6.246037E-1
+7.198970E+9	+7.012122E-1	+6.244449E-1
+7.198985E+9	+7.008466E-1	+6.240860E-1
+7.199000E+9	+7.010771E-1	+6.237707E-1
+7.199015E+9	+7.012523E-1	+6.236794E-1
+7.199030E+9	+7.015243E-1	+6.235406E-1
+7.199045E+9	+7.018241E-1	+6.238199E-1
+7.199060E+9	+7.017553E-1	+6.239609E-1
+7.199075E+9	+7.017251E-1	+6.238886E-1
+7.199090E+9	+7.013839E-1	+6.231588E-1
+7.199105E+9	+7.015863E-1	+6.227760E-1
+7.199120E+9	+7.018883E-1	+6.228600E-1
+7.199135E+9	+7.026177E-1	+6.234829E-1
+7.199150E+9	+7.023607E-1	+6.220369E-1
+7.199165E+9	+7.024463E-1	+6.225296E-1
+7.199180E+9	+7.026112E-1	+6.227216E-1
+7.199195E+9	+7.027640E-1	+6.228011E-1
+7.199210E+9	+7.032873E-1	+6.228445E-1
+7.199225E+9	+7.036832E-1	+6.228909E-1
+7.199240E+9	+7.036157E-1	+6.225244E-1
+7.199255E+9	+7.034999E-1	+6.221199E-1
+7.199270E+9	+7.037015E-1	+6.217970E-1
+7.199285E+9	+7.036985E-1	+6.219219E-1
+7.199300E+9	+7.033925E-1	+6.219241E-1
+7.199315E+9	+7.037291E-1	+6.216974E-1
+7.199330E+9	+7.039286E-1	+6.208947E-1
+7.199345E+9	+7.041234E-1	+6.209926E-1
+7.199360E+9	+7.041263E-1	+6.207604E-1
+7.199375E+9	+7.042988E-1	+6.203226E-1
+7.199390E+9	+7.049039E-1	+6.206637E-1
+7.199405E+9	+7.049167E-1	+6.207356E-1
+7.199420E+9	+7.046028E-1	+6.202593E-1
+7.199435E+9	+7.043220E-1	+6.201290E-1
+7.199450E+9	+7.045615E-1	+6.201195E-1
+7.199465E+9	+7.047938E-1	+6.197096E-1
+7.199480E+9	+7.045170E-1	+6.191857E-1
+7.199495E+9	+7.049064E-1	+6.188504E-1
+7.199510E+9	+7.055672E-1	+6.187740E-1
+7.199525E+9	+7.060946E-1	+6.191569E-1
+7.199540E+9	+7.063917E-1	+6.190091E-1
+7.199555E+9	+7.061511E-1	+6.187125E-1
+7.199570E+9	+7.064081E-1	+6.185392E-1
+7.199585E+9	+7.068497E-1	+6.186280E-1
+7.199600E+9	+7.070518E-1	+6.188198E-1
+7.199615E+9	+7.069132E-1	+6.186166E-1
+7.199630E+9	+7.067768E-1	+6.177429E-1
+7.199645E+9	+7.071155E-1	+6.177114E-1
+7.199660E+9	+7.069299E-1	+6.181215E-1
+7.199675E+9	+7.067087E-1	+6.179428E-1
+7.199690E+9	+7.073859E-1	+6.178855E-1
+7.199705E+9	+7.077858E-1	+6.177510E-1
+7.199720E+9	+7.077028E-1	+6.175428E-1
+7.199735E+9	+7.074084E-1	+6.173425E-1
+7.199750E+9	+7.078564E-1	+6.172322E-1
+7.199765E+9	+7.081425E-1	+6.170569E-1
+7.199780E+9	+7.081633E-1	+6.167901E-1
+7.199795E+9	+7.079874E-1	+6.162641E-1
+7.199810E+9	+7.085277E-1	+6.162088E-1
+7.199825E+9	+7.091452E-1	+6.163198E-1
+7.199840E+9	+7.086161E-1	+6.162143E-1
+7.199855E+9	+7.084638E-1	+6.159011E-1
+7.199870E+9	+7.086575E-1	+6.151612E-1
+7.199885E+9	+7.089449E-1	+6.156386E-1
+7.199900E+9	+7.089366E-1	+6.165694E-1
+7.199915E+9	+7.090787E-1	+6.158829E-1
+7.199930E+9	+7.091137E-1	+6.151989E-1
+7.199945E+9	+7.092572E-1	+6.148495E-1
+7.199960E+9	+7.093863E-1	+6.149854E-1
+7.199975E+9	+7.096827E-1	+6.153658E-1
+7.199990E+9	+7.099295E-1	+6.150496E-1
+7.200005E+9	+7.101017E-1	+6.147526E-1
+7.200020E+9	+7.104683E-1	+6.147153E-1
+7.200035E+9	+7.107015E-1	+6.143458E-1
+7.200050E+9	+7.100537E-1	+6.137761E-1
+7.200065E+9	+7.102084E-1	+6.134569E-1
+7.200080E+9	+7.105334E-1	+6.134462E-1
+7.200095E+9	+7.106574E-1	+6.138638E-1
+7.200110E+9	+7.108548E-1	+6.138316E-1
+7.200125E+9	+7.116560E-1	+6.132511E-1
+7.200140E+9	+7.115478E-1	+6.134460E-1
+7.200155E+9	+7.112193E-1	+6.134302E-1
+7.200170E+9	+7.109200E-1	+6.130849E-1
+7.200185E+9	+7.108337E-1	+6.127742E-1
+7.200200E+9	+7.122602E-1	+6.122604E-1
+7.200215E+9	+7.118771E-1	+6.125107E-1
+7.200230E+9	+7.117153E-1	+6.125698E-1
+7.200245E+9	+7.119340E-1	+6.122169E-1
+7.200260E+9	+7.118576E-1	+6.119574E-1
+7.200275E+9	+7.117340E-1	+6.121652E-1
+7.200290E+9	+7.124756E-1	+6.116206E-1
+7.200305E+9	+7.129304E-1	+6.114534E-1
+7.200320E+9	+7.129592E-1	+6.113925E-1
+7.200335E+9	+7.130549E-1	+6.113395E-1
+7.200350E+9	+7.133289E-1	+6.112218E-1
+7.200365E+9	+7.132461E-1	+6.114929E-1
+7.200380E+9	+7.132117E-1	+6.115462E-1
+7.200395E+9	+7.135641E-1	+6.113611E-1
+7.200410E+9	+7.135420E-1	+6.110577E-1
+7.200425E+9	+7.139034E-1	+6.105080E-1
+7.200440E+9	+7.136993E-1	+6.102985E-1
+7.200455E+9	+7.139501E-1	+6.103228E-1
+7.200470E+9	+7.142882E-1	+6.109342E-1
+7.200485E+9	+7.140073E-1	+6.107661E-1
+7.200500E+9	+7.133219E-1	+6.096154E-1
+7.200515E+9	+7.141768E-1	+6.098267E-1
+7.200530E+9	+7.147137E-1	+6.098584E-1
+7.200545E+9	+7.147927E-1	+6.098235E-1
+7.200560E+9	+7.145660E-1	+6.091875E-1
+7.200575E+9	+7.142878E-1	+6.084111E-1
+7.200590E+9	+7.150202E-1	+6.087232E-1
+7.200605E+9	+7.154290E-1	+6.086189E-1
+7.200620E+9	+7.151982E-1	+6.084388E-1
+7.200635E+9	+7.154953E-1	+6.087055E-1
+7.200650E+9	+7.154395E-1	+6.091667E-1
+7.200665E+9	+7.156810E-1	+6.087282E-1
+7.200680E+9	+7.157088E-1	+6.081848E-1
+7.200695E+9	+7.154637E-1	+6.079131E-1
+7.200710E+9	+7.162064E-1	+6.076127E-1
+7.200725E+9	+7.165137E-1	+6.078886E-1
+7.200740E+9	+7.163159E-1	+6.079081E-1
+7.200755E+9	+7.165090E-1	+6.078995E-1
+7.200770E+9	+7.169374E-1	+6.078829E-1
+7.200785E+9	+7.169290E-1	+6.074908E-1
+7.200800E+9	+7.164080E-1	+6.071713E-1
+7.200815E+9	+7.169691E-1	+6.068485E-1
+7.200830E+9	+7.172379E-1	+6.063710E-1
+7.200845E+9	+7.167629E-1	+6.062584E-1
+7.200860E+9	+7.166871E-1	+6.058695E-1
+7.200875E+9	+7.169030E-1	+6.053838E-1
+7.200890E+9	+7.176299E-1	+6.060482E-1
+7.200905E+9	+7.181592E-1	+6.061697E-1
+7.200920E+9	+7.181282E-1	+6.057075E-1
+7.200935E+9	+7.181781E-1	+6.058141E-1
+7.200950E+9	+7.179981E-1	+6.060184E-1
+7.200965E+9	+7.180430E-1	+6.053166E-1
+7.200980E+9	+7.185976E-1	+6.050297E-1
+7.200995E+9	+7.192896E-1	+6.052105E-1
+7.201010E+9	+7.196080E-1	+6.053271E-1
+7.201025E+9	+7.176742E-1	+6.055197E-1
+7.201040E+9	+7.180653E-1	+6.050927E-1
+7.201055E+9	+7.190888E-1	+6.043310E-1
+7.201070E+9	+7.195598E-1	+6.042621E-1
+7.201085E+9	+7.192200E-1	+6.037803E-1
+7.201100E+9	+7.185659E-1	+6.037512E-1
+7.201115E+9	+7.185873E-1	+6.036936E-1
+7.201130E+9	+7.197308E-1	+6.040675E-1
+7.201145E+9	+7.200149E-1	+6.035175E-1
+7.201160E+9	+7.198682E-1	+6.028744E-1
+7.201175E+9	+7.183607E-1	+6.032151E-1
+7.201190E+9	+7.190187E-1	+6.029724E-1
+7.201205E+9	+7.203553E-1	+6.034031E-1
+7.201220E+9	+7.202043E-1	+6.038939E-1
+7.201235E+9	+7.202711E-1	+6.038841E-1
+7.201250E+9	+7.200911E-1	+6.036277E-1
+7.201265E+9	+7.199749E-1	+6.027855E-1
+7.201280E+9	+7.202774E-1	+6.024388E-1
+7.201295E+9	+7.209462E-1	+6.023789E-1
+7.201310E+9	+7.209731E-1	+6.024030E-1
+7.201325E+9	+7.210922E-1	+6.018546E-1
+7.201340E+9	+7.213001E-1	+6.019494E-1
+7.201355E+9	+7.211359E-1	+6.020375E-1
+7.201370E+9	+7.210508E-1	+6.015997E-1
+7.201385E+9	+7.209364E-1	+6.014862E-1
+7.201400E+9	+7.212994E-1	+6.017639E-1
+7.201415E+9	+7.218105E-1	+6.016135E-1
+7.201430E+9	+7.226077E-1	+6.014663E-1
+7.201445E+9	+7.224493E-1	+6.015702E-1
+7.201460E+9	+7.221578E-1	+6.008453E-1
+7.201475E+9	+7.222448E-1	+6.005587E-1
+7.201490E+9	+7.222378E-1	+6.005293E-1
+7.201505E+9	+7.229948E-1	+5.997086E-1
+7.201520E+9	+7.233083E-1	+5.997954E-1
+7.201535E+9	+7.229977E-1	+6.000474E-1
+7.201550E+9	+7.227913E-1	+5.998474E-1
+7.201565E+9	+7.226070E-1	+5.998232E-1
+7.201580E+9	+7.225679E-1	+5.998240E-1
+7.201595E+9	+7.227355E-1	+5.995021E-1
+7.201610E+9	+7.234320E-1	+5.991454E-1
+7.201625E+9	+7.241075E-1	+5.982856E-1
+7.201640E+9	+7.237096E-1	+5.984047E-1
+7.201655E+9	+7.237622E-1	+5.983566E-1
+7.201670E+9	+7.241508E-1	+5.982115E-1
+7.201685E+9	+7.244182E-1	+5.984001E-1
+7.201700E+9	+7.239041E-1	+5.992285E-1
+7.201715E+9	+7.238097E-1	+5.983277E-1
+7.201730E+9	+7.241299E-1	+5.976665E-1
+7.201745E+9	+7.246589E-1	+5.975075E-1
+7.201760E+9	+7.250529E-1	+5.976626E-1
+7.201775E+9	+7.246451E-1	+5.982636E-1
+7.201790E+9	+7.247087E-1	+5.980389E-1
+7.201805E+9	+7.249192E-1	+5.976113E-1
+7.201820E+9	+7.253595E-1	+5.975321E-1
+7.201835E+9	+7.252522E-1	+5.971779E-1
+7.201850E+9	+7.249560E-1	+5.968015E-1
+7.201865E+9	+7.250762E-1	+5.965645E-1
+7.201880E+9	+7.251841E-1	+5.964497E-1
+7.201895E+9	+7.252585E-1	+5.964873E-1
+7.201910E+9	+7.261237E-1	+5.966162E-1
+7.201925E+9	+7.259752E-1	+5.959155E-1
+7.201940E+9	+7.258756E-1	+5.955214E-1
+7.201955E+9	+7.256818E-1	+5.953015E-1
+7.201970E+9	+7.253544E-1	+5.955725E-1
+7.201985E+9	+7.259624E-1	+5.957187E-1
+7.202000E+9	+7.264371E-1	+5.958949E-1
+7.202015E+9	+7.261633E-1	+5.951517E-1
+7.202030E+9	+7.264636E-1	+5.948699E-1
+7.202045E+9	+7.265575E-1	+5.952012E-1
+7.202060E+9	+7.265879E-1	+5.946430E-1
+7.202075E+9	+7.270705E-1	+5.942376E-1
+7.202090E+9	+7.271672E-1	+5.949140E-1
+7.202105E+9	+7.273785E-1	+5.951846E-1
+7.202120E+9	+7.272619E-1	+5.946928E-1
+7.202135E+9	+7.276393E-1	+5.940222E-1
+7.202150E+9	+7.276094E-1	+5.939101E-1
+7.202165E+9	+7.275121E-1	+5.938158E-1
+7.202180E+9	+7.274425E-1	+5.935041E-1
+7.202195E+9	+7.274311E-1	+5.935173E-1
+7.202210E+9	+7.282644E-1	+5.932084E-1
+7.202225E+9	+7.290093E-1	+5.928514E-1
+7.202240E+9	+7.293345E-1	+5.932175E-1
+7.202255E+9	+7.290524E-1	+5.934558E-1
+7.202270E+9	+7.287378E-1	+5.933190E-1
+7.202285E+9	+7.282762E-1	+5.928173E-1
+7.202300E+9	+7.292225E-1	+5.918621E-1
+7.202315E+9	+7.297764E-1	+5.924616E-1
+7.202330E+9	+7.297985E-1	+5.926695E-1
+7.202345E+9	+7.299089E-1	+5.922970E-1
+7.202360E+9	+7.299186E-1	+5.924597E-1
+7.202375E+9	+7.293328E-1	+5.924959E-1
+7.202390E+9	+7.291136E-1	+5.919018E-1
+7.202405E+9	+7.293242E-1	+5.913534E-1
+7.202420E+9	+7.300401E-1	+5.911746E-1
+7.202435E+9	+7.301898E-1	+5.912094E-1
+7.202450E+9	+7.292350E-1	+5.913181E-1
+7.202465E+9	+7.294508E-1	+5.909954E-1
+7.202480E+9	+7.304476E-1	+5.910282E-1
+7.202495E+9	+7.305024E-1	+5.906774E-1
+7.202510E+9	+7.308471E-1	+5.904222E-1
+7.202525E+9	+7.312800E-1	+5.904508E-1
+7.202540E+9	+7.306359E-1	+5.900408E-1
+7.202555E+9	+7.303894E-1	+5.897553E-1
+7.202570E+9	+7.308552E-1	+5.897461E-1
+7.202585E+9	+7.312387E-1	+5.896131E-1
+7.202600E+9	+7.313327E-1	+5.897047E-1
+7.202615E+9	+7.313449E-1	+5.895569E-1
+7.202630E+9	+7.315778E-1	+5.893001E-1
+7.202645E+9	+7.313783E-1	+5.891324E-1
+7.202660E+9	+7.315356E-1	+5.891995E-1
+7.202675E+9	+7.315076E-1	+5.894507E-1
+7.202690E+9	+7.320619E-1	+5.894236E-1
+7.202705E+9	+7.324431E-1	+5.895019E-1
+7.202720E+9	+7.324693E-1	+5.892871E-1
+7.202735E+9	+7.320708E-1	+5.891036E-1
+7.202750E+9	+7.317769E-1	+5.881077E-1
+7.202765E+9	+7.321083E-1	+5.878309E-1
+7.202780E+9	+7.334029E-1	+5.886694E-1
+7.202795E+9	+7.335546E-1	+5.886404E-1
+7.202810E+9	+7.329437E-1	+5.882681E-1
+7.202825E+9	+7.332672E-1	+5.874566E-1
+7.202840E+9	+7.335059E-1	+5.871347E-1
+7.202855E+9	+7.335995E-1	+5.869285E-1
+7.202870E+9	+7.332870E-1	+5.870872E-1
+7.202885E+9	+7.331906E-1	+5.874578E-1
+7.202900E+9	+7.336987E-1	+5.876676E-1
+7.202915E+9	+7.342994E-1	+5.874473E-1
+7.202930E+9	+7.344278E-1	+5.863603E-1
+7.202945E+9	+7.340060E-1	+5.863840E-1
+7.202960E+9	+7.336881E-1	+5.858696E-1
+7.202975E+9	+7.339603E-1	+5.860057E-1
+7.202990E+9	+7.342027E-1	+5.862064E-1
+7.203005E+9	+7.346798E-1	+5.863633E-1
+7.203020E+9	+7.348893E-1	+5.855465E-1
+7.203035E+9	+7.343495E-1	+5.854195E-1
+7.203050E+9	+7.346780E-1	+5.849460E-1
+7.203065E+9	+7.339710E-1	+5.850786E-1
+7.203080E+9	+7.336114E-1	+5.854369E-1
+7.203095E+9	+7.335490E-1	+5.855052E-1
+7.203110E+9	+7.345552E-1	+5.861916E-1
+7.203125E+9	+7.349892E-1	+5.857627E-1
+7.203140E+9	+7.350788E-1	+5.851752E-1
+7.203155E+9	+7.352064E-1	+5.847726E-1
+7.203170E+9	+7.350603E-1	+5.847909E-1
+7.203185E+9	+7.351655E-1	+5.843573E-1
+7.203200E+9	+7.355632E-1	+5.843700E-1
+7.203215E+9	+7.357365E-1	+5.844081E-1
+7.203230E+9	+7.359199E-1	+5.842178E-1
+7.203245E+9	+7.362301E-1	+5.837981E-1
+7.203260E+9	+7.367106E-1	+5.833853E-1
+7.203275E+9	+7.371458E-1	+5.829078E-1
+7.203290E+9	+7.370356E-1	+5.831253E-1
+7.203305E+9	+7.363636E-1	+5.826113E-1
+7.203320E+9	+7.366813E-1	+5.821798E-1
+7.203335E+9	+7.371601E-1	+5.827459E-1
+7.203350E+9	+7.365684E-1	+5.826248E-1
+7.203365E+9	+7.366670E-1	+5.816622E-1
+7.203380E+9	+7.377093E-1	+5.810918E-1
+7.203395E+9	+7.378525E-1	+5.817995E-1
+7.203410E+9	+7.376323E-1	+5.815056E-1
+7.203425E+9	+7.376446E-1	+5.817628E-1
+7.203440E+9	+7.377868E-1	+5.822006E-1
+7.203455E+9	+7.382960E-1	+5.825424E-1
+7.203470E+9	+7.378747E-1	+5.822182E-1
+7.203485E+9	+7.379343E-1	+5.814893E-1
+7.203500E+9	+7.381302E-1	+5.808100E-1
+7.203515E+9	+7.388122E-1	+5.815424E-1
+7.203530E+9	+7.387027E-1	+5.816433E-1
+7.203545E+9	+7.380444E-1	+5.809683E-1
+7.203560E+9	+7.382299E-1	+5.806660E-1
+7.203575E+9	+7.384296E-1	+5.805313E-1
+7.203590E+9	+7.381895E-1	+5.807018E-1
+7.203605E+9	+7.387766E-1	+5.809085E-1
+7.203620E+9	+7.396352E-1	+5.801433E-1
+7.203635E+9	+7.395607E-1	+5.800235E-1
+7.203650E+9	+7.393245E-1	+5.803148E-1
+7.203665E+9	+7.396859E-1	+5.803827E-1
+7.203680E+9	+7.393902E-1	+5.800921E-1
+7.203695E+9	+7.392863E-1	+5.790905E-1
+7.203710E+9	+7.397773E-1	+5.789461E-1
+7.203725E+9	+7.408584E-1	+5.792592E-1
+7.203740E+9	+7.407509E-1	+5.788974E-1
+7.203755E+9	+7.403544E-1	+5.792789E-1
+7.203770E+9	+7.396655E-1	+5.794274E-1
+7.203785E+9	+7.399367E-1	+5.785759E-1
+7.203800E+9	+7.405649E-1	+5.777414E-1
+7.203815E+9	+7.407627E-1	+5.779238E-1
+7.203830E+9	+7.409532E-1	+5.780151E-1
+7.203845E+9	+7.411378E-1	+5.779610E-1
+7.203860E+9	+7.410941E-1	+5.779384E-1
+7.203875E+9	+7.405968E-1	+5.777203E-1
+7.203890E+9	+7.407822E-1	+5.773920E-1
+7.203905E+9	+7.410135E-1	+5.770219E-1
+7.203920E+9	+7.413719E-1	+5.770963E-1
+7.203935E+9	+7.420475E-1	+5.771919E-1
+7.203950E+9	+7.418750E-1	+5.780539E-1
+7.203965E+9	+7.415330E-1	+5.773535E-1
+7.203980E+9	+7.414494E-1	+5.771469E-1
+7.203995E+9	+7.416000E-1	+5.769660E-1
+7.204010E+9	+7.423317E-1	+5.759231E-1
+7.204025E+9	+7.418660E-1	+5.752073E-1
+7.204040E+9	+7.416871E-1	+5.754622E-1
+7.204055E+9	+7.420330E-1	+5.758962E-1
+7.204070E+9	+7.427368E-1	+5.756707E-1
+7.204085E+9	+7.431098E-1	+5.752245E-1
+7.204100E+9	+7.430435E-1	+5.751177E-1
+7.204115E+9	+7.430594E-1	+5.750692E-1
+7.204130E+9	+7.433371E-1	+5.750410E-1
+7.204145E+9	+7.435089E-1	+5.750076E-1
+7.204160E+9	+7.430123E-1	+5.744066E-1
+7.204175E+9	+7.424631E-1	+5.745902E-1
+7.204190E+9	+7.430425E-1	+5.744257E-1
+7.204205E+9	+7.440763E-1	+5.748751E-1
+7.204220E+9	+7.438903E-1	+5.741272E-1
+7.204235E+9	+7.443250E-1	+5.739544E-1
+7.204250E+9	+7.440596E-1	+5.748874E-1
+7.204265E+9	+7.439394E-1	+5.745131E-1
+7.204280E+9	+7.440143E-1	+5.744820E-1
+7.204295E+9	+7.445788E-1	+5.742796E-1
+7.204310E+9	+7.446052E-1	+5.733841E-1
+7.204325E+9	+7.436980E-1	+5.734312E-1
+7.204340E+9	+7.441289E-1	+5.737692E-1
+7.204355E+9	+7.446288E-1	+5.738688E-1
+7.204370E+9	+7.448806E-1	+5.733685E-1
+7.204385E+9	+7.451674E-1	+5.733443E-1
+7.204400E+9	+7.448864E-1	+5.737232E-1
+7.204415E+9	+7.448377E-1	+5.730208E-1
+7.204430E+9	+7.448451E-1	+5.726357E-1
+7.204445E+9	+7.451367E-1	+5.726011E-1
+7.204460E+9	+7.450960E-1	+5.723648E-1
+7.204475E+9	+7.445115E-1	+5.725751E-1
+7.204490E+9	+7.452524E-1	+5.720462E-1
+7.204505E+9	+7.458588E-1	+5.718850E-1
+7.204520E+9	+7.458955E-1	+5.724161E-1
+7.204535E+9	+7.453429E-1	+5.721038E-1
+7.204550E+9	+7.454410E-1	+5.709994E-1
+7.204565E+9	+7.465045E-1	+5.712678E-1
+7.204580E+9	+7.469797E-1	+5.712683E-1
+7.204595E+9	+7.467964E-1	+5.711475E-1
+7.204610E+9	+7.471438E-1	+5.711587E-1
+7.204625E+9	+7.475577E-1	+5.706306E-1
+7.204640E+9	+7.473376E-1	+5.700950E-1
+7.204655E+9	+7.473404E-1	+5.698857E-1
+7.204670E+9	+7.469481E-1	+5.700960E-1
+7.204685E+9	+7.468486E-1	+5.704885E-1
+7.204700E+9	+7.463000E-1	+5.705353E-1
+7.204715E+9	+7.461592E-1	+5.694910E-1
+7.204730E+9	+7.466017E-1	+5.689347E-1
+7.204745E+9	+7.470892E-1	+5.689138E-1
+7.204760E+9	+7.473387E-1	+5.688641E-1
+7.204775E+9	+7.475438E-1	+5.693946E-1
+7.204790E+9	+7.477996E-1	+5.690948E-1
+7.204805E+9	+7.476544E-1	+5.690343E-1
+7.204820E+9	+7.475452E-1	+5.686452E-1
+7.204835E+9	+7.478269E-1	+5.688498E-1
+7.204850E+9	+7.482902E-1	+5.696946E-1
+7.204865E+9	+7.480091E-1	+5.686571E-1
+7.204880E+9	+7.485357E-1	+5.679858E-1
+7.204895E+9	+7.494747E-1	+5.680073E-1
+7.204910E+9	+7.491442E-1	+5.676391E-1
+7.204925E+9	+7.482385E-1	+5.673846E-1
+7.204940E+9	+7.486150E-1	+5.670099E-1
+7.204955E+9	+7.490489E-1	+5.669588E-1
+7.204970E+9	+7.491414E-1	+5.672754E-1
+7.204985E+9	+7.494447E-1	+5.673441E-1
+7.205000E+9	+7.498884E-1	+5.672358E-1
+7.205015E+9	+7.501717E-1	+5.668789E-1
+7.205030E+9	+7.495793E-1	+5.671882E-1
+7.205045E+9	+7.490743E-1	+5.668072E-1
+7.205060E+9	+7.494511E-1	+5.666346E-1
+7.205075E+9	+7.498972E-1	+5.664765E-1
+7.205090E+9	+7.501297E-1	+5.663058E-1
+7.205105E+9	+7.505042E-1	+5.667440E-1
+7.205120E+9	+7.500864E-1	+5.668119E-1
+7.205135E+9	+7.500470E-1	+5.658934E-1
+7.205150E+9	+7.505259E-1	+5.650672E-1
+7.205165E+9	+7.503778E-1	+5.650365E-1
+7.205180E+9	+7.507299E-1	+5.650467E-1
+7.205195E+9	+7.514076E-1	+5.651914E-1
+7.205210E+9	+7.518437E-1	+5.651334E-1
+7.205225E+9	+7.524578E-1	+5.648374E-1
+7.205240E+9	+7.519116E-1	+5.644039E-1
+7.205255E+9	+7.511012E-1	+5.641027E-1
+7.205270E+9	+7.505896E-1	+5.641559E-1
+7.205285E+9	+7.505140E-1	+5.639657E-1
+7.205300E+9	+7.520255E-1	+5.638893E-1
+7.205315E+9	+7.523679E-1	+5.640027E-1
+7.205330E+9	+7.516903E-1	+5.646713E-1
+7.205345E+9	+7.522910E-1	+5.643665E-1
+7.205360E+9	+7.521767E-1	+5.636726E-1
+7.205375E+9	+7.521472E-1	+5.629048E-1
+7.205390E+9	+7.526033E-1	+5.633686E-1
+7.205405E+9	+7.523233E-1	+5.633495E-1
+7.205420E+9	+7.514024E-1	+5.632424E-1
+7.205435E+9	+7.523006E-1	+5.632683E-1
+7.205450E+9	+7.531313E-1	+5.632133E-1
+7.205465E+9	+7.532339E-1	+5.630701E-1
+7.205480E+9	+7.530325E-1	+5.629370E-1
+7.205495E+9	+7.533206E-1	+5.627635E-1
+7.205510E+9	+7.534910E-1	+5.628132E-1
+7.205525E+9	+7.535211E-1	+5.631642E-1
+7.205540E+9	+7.539353E-1	+5.624831E-1
+7.205555E+9	+7.539201E-1	+5.620370E-1
+7.205570E+9	+7.536552E-1	+5.618208E-1
+7.205585E+9	+7.540238E-1	+5.626652E-1
+7.205600E+9	+7.533491E-1	+5.619383E-1
+7.205615E+9	+7.530255E-1	+5.615704E-1
+7.205630E+9	+7.533147E-1	+5.611925E-1
+7.205645E+9	+7.539960E-1	+5.605039E-1
+7.205660E+9	+7.539911E-1	+5.606892E-1
+7.205675E+9	+7.535410E-1	+5.605167E-1
+7.205690E+9	+7.542338E-1	+5.596689E-1
+7.205705E+9	+7.550750E-1	+5.595677E-1
+7.205720E+9	+7.548954E-1	+5.608387E-1
+7.205735E+9	+7.551769E-1	+5.608641E-1
+7.205750E+9	+7.556629E-1	+5.596842E-1
+7.205765E+9	+7.550821E-1	+5.591516E-1
+7.205780E+9	+7.548369E-1	+5.595540E-1
+7.205795E+9	+7.551008E-1	+5.592033E-1
+7.205810E+9	+7.553845E-1	+5.591771E-1
+7.205825E+9	+7.558075E-1	+5.588394E-1
+7.205840E+9	+7.560638E-1	+5.587164E-1
+7.205855E+9	+7.559734E-1	+5.585732E-1
+7.205870E+9	+7.559626E-1	+5.585099E-1
+7.205885E+9	+7.559077E-1	+5.580704E-1
+7.205900E+9	+7.559955E-1	+5.576391E-1
+7.205915E+9	+7.564238E-1	+5.573032E-1
+7.205930E+9	+7.568690E-1	+5.572939E-1
+7.205945E+9	+7.575519E-1	+5.572362E-1
+7.205960E+9	+7.565936E-1	+5.574480E-1
+7.205975E+9	+7.558551E-1	+5.571493E-1
+7.205990E+9	+7.566002E-1	+5.580226E-1
+7.206005E+9	+7.567608E-1	+5.582036E-1
+7.206020E+9	+7.564721E-1	+5.577386E-1
+7.206035E+9	+7.563440E-1	+5.570605E-1
+7.206050E+9	+7.564325E-1	+5.562754E-1
+7.206065E+9	+7.566882E-1	+5.570868E-1
+7.206080E+9	+7.568693E-1	+5.572109E-1
+7.206095E+9	+7.572424E-1	+5.567798E-1
+7.206110E+9	+7.575930E-1	+5.571639E-1
+7.206125E+9	+7.565095E-1	+5.572123E-1
+7.206140E+9	+7.564924E-1	+5.565361E-1
+7.206155E+9	+7.574313E-1	+5.561991E-1
+7.206170E+9	+7.578394E-1	+5.562472E-1
+7.206185E+9	+7.576452E-1	+5.555407E-1
+7.206200E+9	+7.584355E-1	+5.546869E-1
+7.206215E+9	+7.580148E-1	+5.549111E-1
+7.206230E+9	+7.581979E-1	+5.557855E-1
+7.206245E+9	+7.587013E-1	+5.553869E-1
+7.206260E+9	+7.591017E-1	+5.539707E-1
+7.206275E+9	+7.596303E-1	+5.552464E-1
+7.206290E+9	+7.595150E-1	+5.546598E-1
+7.206305E+9	+7.589957E-1	+5.542671E-1
+7.206320E+9	+7.589382E-1	+5.545802E-1
+7.206335E+9	+7.590668E-1	+5.546625E-1
+7.206350E+9	+7.591324E-1	+5.545097E-1
+7.206365E+9	+7.593077E-1	+5.535894E-1
+7.206380E+9	+7.596631E-1	+5.528968E-1
+7.206395E+9	+7.603259E-1	+5.527643E-1
+7.206410E+9	+7.601378E-1	+5.528076E-1
+7.206425E+9	+7.596278E-1	+5.528042E-1
+7.206440E+9	+7.594744E-1	+5.530847E-1
+7.206455E+9	+7.595814E-1	+5.531235E-1
+7.206470E+9	+7.599950E-1	+5.530253E-1
+7.206485E+9	+7.597795E-1	+5.534370E-1
+7.206500E+9	+7.607419E-1	+5.526041E-1
+7.206515E+9	+7.604712E-1	+5.528391E-1
+7.206530E+9	+7.606847E-1	+5.526580E-1
+7.206545E+9	+7.608468E-1	+5.522505E-1
+7.206560E+9	+7.606402E-1	+5.522257E-1
+7.206575E+9	+7.601636E-1	+5.524314E-1
+7.206590E+9	+7.603154E-1	+5.522687E-1
+7.206605E+9	+7.603541E-1	+5.521087E-1
+7.206620E+9	+7.601734E-1	+5.519125E-1
+7.206635E+9	+7.608868E-1	+5.511395E-1
+7.206650E+9	+7.609990E-1	+5.519838E-1
+7.206665E+9	+7.608118E-1	+5.518995E-1
+7.206680E+9	+7.607490E-1	+5.511393E-1
+7.206695E+9	+7.614052E-1	+5.505898E-1
+7.206710E+9	+7.616864E-1	+5.506499E-1
+7.206725E+9	+7.620609E-1	+5.513719E-1
+7.206740E+9	+7.620341E-1	+5.513680E-1
+7.206755E+9	+7.618076E-1	+5.512765E-1
+7.206770E+9	+7.613988E-1	+5.510273E-1
+7.206785E+9	+7.618418E-1	+5.509298E-1
+7.206800E+9	+7.619562E-1	+5.507203E-1
+7.206815E+9	+7.625188E-1	+5.502528E-1
+7.206830E+9	+7.628949E-1	+5.498193E-1
+7.206845E+9	+7.630276E-1	+5.501318E-1
+7.206860E+9	+7.620815E-1	+5.492851E-1
+7.206875E+9	+7.624178E-1	+5.483598E-1
+7.206890E+9	+7.635959E-1	+5.483687E-1
+7.206905E+9	+7.637009E-1	+5.487386E-1
+7.206920E+9	+7.640328E-1	+5.483844E-1
+7.206935E+9	+7.635080E-1	+5.484386E-1
+7.206950E+9	+7.631444E-1	+5.488384E-1
+7.206965E+9	+7.634551E-1	+5.480747E-1
+7.206980E+9	+7.644370E-1	+5.475704E-1
+7.206995E+9	+7.647573E-1	+5.472083E-1
+7.207010E+9	+7.646159E-1	+5.474229E-1
+7.207025E+9	+7.634608E-1	+5.485519E-1
+7.207040E+9	+7.634134E-1	+5.484201E-1
+7.207055E+9	+7.633963E-1	+5.477067E-1
+7.207070E+9	+7.636680E-1	+5.475031E-1
+7.207085E+9	+7.647872E-1	+5.472442E-1
+7.207100E+9	+7.648838E-1	+5.472582E-1
+7.207115E+9	+7.646595E-1	+5.467687E-1
+7.207130E+9	+7.644483E-1	+5.468966E-1
+7.207145E+9	+7.643316E-1	+5.475663E-1
+7.207160E+9	+7.643901E-1	+5.468097E-1
+7.207175E+9	+7.653611E-1	+5.455502E-1
+7.207190E+9	+7.660270E-1	+5.455720E-1
+7.207205E+9	+7.664395E-1	+5.455515E-1
+7.207220E+9	+7.667262E-1	+5.452396E-1
+7.207235E+9	+7.664378E-1	+5.452815E-1
+7.207250E+9	+7.656559E-1	+5.450207E-1
+7.207265E+9	+7.657325E-1	+5.445410E-1
+7.207280E+9	+7.650575E-1	+5.451282E-1
+7.207295E+9	+7.665589E-1	+5.447241E-1
+7.207310E+9	+7.668207E-1	+5.443598E-1
+7.207325E+9	+7.661750E-1	+5.444318E-1
+7.207340E+9	+7.669465E-1	+5.446310E-1
+7.207355E+9	+7.674596E-1	+5.451634E-1
+7.207370E+9	+7.672362E-1	+5.447585E-1
+7.207385E+9	+7.675070E-1	+5.442924E-1
+7.207400E+9	+7.674886E-1	+5.435237E-1
+7.207415E+9	+7.667006E-1	+5.437399E-1
+7.207430E+9	+7.667635E-1	+5.439888E-1
+7.207445E+9	+7.673452E-1	+5.432652E-1
+7.207460E+9	+7.670620E-1	+5.431118E-1
+7.207475E+9	+7.675476E-1	+5.422766E-1
+7.207490E+9	+7.671162E-1	+5.425346E-1
+7.207505E+9	+7.659253E-1	+5.439931E-1
+7.207520E+9	+7.658117E-1	+5.442260E-1
+7.207535E+9	+7.673155E-1	+5.430421E-1
+7.207550E+9	+7.674684E-1	+5.430712E-1
+7.207565E+9	+7.681155E-1	+5.423260E-1
+7.207580E+9	+7.684960E-1	+5.421600E-1
+7.207595E+9	+7.687102E-1	+5.420462E-1
+7.207610E+9	+7.683778E-1	+5.422313E-1
+7.207625E+9	+7.668891E-1	+5.416588E-1
+7.207640E+9	+7.671613E-1	+5.410701E-1
+7.207655E+9	+7.683034E-1	+5.410438E-1
+7.207670E+9	+7.683990E-1	+5.417306E-1
+7.207685E+9	+7.676569E-1	+5.416225E-1
+7.207700E+9	+7.671667E-1	+5.405871E-1
+7.207715E+9	+7.677081E-1	+5.409211E-1
+7.207730E+9	+7.683093E-1	+5.411919E-1
+7.207745E+9	+7.686766E-1	+5.413017E-1
+7.207760E+9	+7.686488E-1	+5.410055E-1
+7.207775E+9	+7.686397E-1	+5.412211E-1
+7.207790E+9	+7.687957E-1	+5.403893E-1
+7.207805E+9	+7.697647E-1	+5.392936E-1
+7.207820E+9	+7.695440E-1	+5.399635E-1
+7.207835E+9	+7.697837E-1	+5.401289E-1
+7.207850E+9	+7.691753E-1	+5.402396E-1
+7.207865E+9	+7.697189E-1	+5.400421E-1
+7.207880E+9	+7.706277E-1	+5.398787E-1
+7.207895E+9	+7.700877E-1	+5.395768E-1
+7.207910E+9	+7.698703E-1	+5.393526E-1
+7.207925E+9	+7.701415E-1	+5.390942E-1
+7.207940E+9	+7.697107E-1	+5.390012E-1
+7.207955E+9	+7.706801E-1	+5.391557E-1
+7.207970E+9	+7.704618E-1	+5.386013E-1
+7.207985E+9	+7.701033E-1	+5.382054E-1
+7.208000E+9	+7.699993E-1	+5.380937E-1
+7.208015E+9	+7.703764E-1	+5.390068E-1
+7.208030E+9	+7.709098E-1	+5.392482E-1
+7.208045E+9	+7.710218E-1	+5.381978E-1
+7.208060E+9	+7.700747E-1	+5.365908E-1
+7.208075E+9	+7.696591E-1	+5.362006E-1
+7.208090E+9	+7.696707E-1	+5.372192E-1
+7.208105E+9	+7.709915E-1	+5.377610E-1
+7.208120E+9	+7.716254E-1	+5.371791E-1
+7.208135E+9	+7.717958E-1	+5.366107E-1
+7.208150E+9	+7.718744E-1	+5.359921E-1
+7.208165E+9	+7.715883E-1	+5.358653E-1
+7.208180E+9	+7.721014E-1	+5.357963E-1
+7.208195E+9	+7.722930E-1	+5.360274E-1
+7.208210E+9	+7.724468E-1	+5.358552E-1
+7.208225E+9	+7.711914E-1	+5.354443E-1
+7.208240E+9	+7.707933E-1	+5.356425E-1
+7.208255E+9	+7.721125E-1	+5.372476E-1
+7.208270E+9	+7.727604E-1	+5.368201E-1
+7.208285E+9	+7.730212E-1	+5.357157E-1
+7.208300E+9	+7.725040E-1	+5.353828E-1
+7.208315E+9	+7.731391E-1	+5.348301E-1
+7.208330E+9	+7.729021E-1	+5.339038E-1
+7.208345E+9	+7.724780E-1	+5.342280E-1
+7.208360E+9	+7.725124E-1	+5.349336E-1
+7.208375E+9	+7.735208E-1	+5.342000E-1
+7.208390E+9	+7.736235E-1	+5.342429E-1
+7.208405E+9	+7.734329E-1	+5.342369E-1
+7.208420E+9	+7.735248E-1	+5.338283E-1
+7.208435E+9	+7.739364E-1	+5.338853E-1
+7.208450E+9	+7.741062E-1	+5.345831E-1
+7.208465E+9	+7.739992E-1	+5.335530E-1
+7.208480E+9	+7.742888E-1	+5.333775E-1
+7.208495E+9	+7.751235E-1	+5.347090E-1
+7.208510E+9	+7.750151E-1	+5.348828E-1
+7.208525E+9	+7.746698E-1	+5.337479E-1
+7.208540E+9	+7.749981E-1	+5.334492E-1
+7.208555E+9	+7.753416E-1	+5.333262E-1
+7.208570E+9	+7.750826E-1	+5.335427E-1
+7.208585E+9	+7.737452E-1	+5.325045E-1
+7.208600E+9	+7.738060E-1	+5.325242E-1
+7.208615E+9	+7.744976E-1	+5.327422E-1
+7.208630E+9	+7.750193E-1	+5.327572E-1
+7.208645E+9	+7.750863E-1	+5.322696E-1
+7.208660E+9	+7.751553E-1	+5.315734E-1
+7.208675E+9	+7.752327E-1	+5.318070E-1
+7.208690E+9	+7.752213E-1	+5.319614E-1
+7.208705E+9	+7.762266E-1	+5.312652E-1
+7.208720E+9	+7.767378E-1	+5.311953E-1
+7.208735E+9	+7.764243E-1	+5.306822E-1
+7.208750E+9	+7.746842E-1	+5.303736E-1
+7.208765E+9	+7.750569E-1	+5.300664E-1
+7.208780E+9	+7.760735E-1	+5.305461E-1
+7.208795E+9	+7.761762E-1	+5.308058E-1
+7.208810E+9	+7.763556E-1	+5.300693E-1
+7.208825E+9	+7.765645E-1	+5.298636E-1
+7.208840E+9	+7.760296E-1	+5.306607E-1
+7.208855E+9	+7.754827E-1	+5.310443E-1
+7.208870E+9	+7.756566E-1	+5.308265E-1
+7.208885E+9	+7.762652E-1	+5.303012E-1
+7.208900E+9	+7.770995E-1	+5.304083E-1
+7.208915E+9	+7.773331E-1	+5.297893E-1
+7.208930E+9	+7.773464E-1	+5.294279E-1
+7.208945E+9	+7.769965E-1	+5.291521E-1
+7.208960E+9	+7.772234E-1	+5.287893E-1
+7.208975E+9	+7.772837E-1	+5.279179E-1
+7.208990E+9	+7.781577E-1	+5.283988E-1
+7.209005E+9	+7.781889E-1	+5.283189E-1
+7.209020E+9	+7.777848E-1	+5.270355E-1
+7.209035E+9	+7.766978E-1	+5.277098E-1
+7.209050E+9	+7.771792E-1	+5.286129E-1
+7.209065E+9	+7.775522E-1	+5.285900E-1
+7.209080E+9	+7.775052E-1	+5.284402E-1
+7.209095E+9	+7.779211E-1	+5.281961E-1
+7.209110E+9	+7.780890E-1	+5.278135E-1
+7.209125E+9	+7.780525E-1	+5.280162E-1
+7.209140E+9	+7.780504E-1	+5.275036E-1
+7.209155E+9	+7.776159E-1	+5.268966E-1
+7.209170E+9	+7.786439E-1	+5.265068E-1
+7.209185E+9	+7.783985E-1	+5.261445E-1
+7.209200E+9	+7.782396E-1	+5.262058E-1
+7.209215E+9	+7.793042E-1	+5.259829E-1
+7.209230E+9	+7.800228E-1	+5.260260E-1
+7.209245E+9	+7.800862E-1	+5.260488E-1
+7.209260E+9	+7.789773E-1	+5.255491E-1
+7.209275E+9	+7.787719E-1	+5.266494E-1
+7.209290E+9	+7.790058E-1	+5.262267E-1
+7.209305E+9	+7.793851E-1	+5.264063E-1
+7.209320E+9	+7.801287E-1	+5.269994E-1
+7.209335E+9	+7.803649E-1	+5.268743E-1
+7.209350E+9	+7.805656E-1	+5.263960E-1
+7.209365E+9	+7.805877E-1	+5.259796E-1
+7.209380E+9	+7.803824E-1	+5.253324E-1
+7.209395E+9	+7.800034E-1	+5.248729E-1
+7.209410E+9	+7.797874E-1	+5.237294E-1
+7.209425E+9	+7.804884E-1	+5.224909E-1
+7.209440E+9	+7.805936E-1	+5.228328E-1
+7.209455E+9	+7.808188E-1	+5.243905E-1
+7.209470E+9	+7.803187E-1	+5.238568E-1
+7.209485E+9	+7.803505E-1	+5.243638E-1
+7.209500E+9	+7.815971E-1	+5.249266E-1
+7.209515E+9	+7.814258E-1	+5.236170E-1
+7.209530E+9	+7.819116E-1	+5.228252E-1
+7.209545E+9	+7.816862E-1	+5.233517E-1
+7.209560E+9	+7.817300E-1	+5.236557E-1
+7.209575E+9	+7.806284E-1	+5.231638E-1
+7.209590E+9	+7.803569E-1	+5.223514E-1
+7.209605E+9	+7.803949E-1	+5.220379E-1
+7.209620E+9	+7.810199E-1	+5.222274E-1
+7.209635E+9	+7.816617E-1	+5.233341E-1
+7.209650E+9	+7.817919E-1	+5.227540E-1
+7.209665E+9	+7.817289E-1	+5.225245E-1
+7.209680E+9	+7.818422E-1	+5.222808E-1
+7.209695E+9	+7.824644E-1	+5.218604E-1
+7.209710E+9	+7.823811E-1	+5.215108E-1
+7.209725E+9	+7.815986E-1	+5.237288E-1
+7.209740E+9	+7.822610E-1	+5.237745E-1
+7.209755E+9	+7.830888E-1	+5.233583E-1
+7.209770E+9	+7.829985E-1	+5.228250E-1
+7.209785E+9	+7.834320E-1	+5.211864E-1
+7.209800E+9	+7.828101E-1	+5.207214E-1
+7.209815E+9	+7.832648E-1	+5.208678E-1
+7.209830E+9	+7.833335E-1	+5.212942E-1
+7.209845E+9	+7.830861E-1	+5.211729E-1
+7.209860E+9	+7.824367E-1	+5.207478E-1
+7.209875E+9	+7.825157E-1	+5.205653E-1
+7.209890E+9	+7.826818E-1	+5.202095E-1
+7.209905E+9	+7.829118E-1	+5.193220E-1
+7.209920E+9	+7.831615E-1	+5.191880E-1
+7.209935E+9	+7.831536E-1	+5.196552E-1
+7.209950E+9	+7.828866E-1	+5.202105E-1
+7.209965E+9	+7.835256E-1	+5.195134E-1
+7.209980E+9	+7.836224E-1	+5.180767E-1
+7.209995E+9	+7.838535E-1	+5.182896E-1
+7.210010E+9	+7.841918E-1	+5.186900E-1
+7.210025E+9	+7.842563E-1	+5.163652E-1
+7.210040E+9	+7.845683E-1	+5.176386E-1
+7.210055E+9	+7.847871E-1	+5.183248E-1
+7.210070E+9	+7.851398E-1	+5.184792E-1
+7.210085E+9	+7.850426E-1	+5.184066E-1
+7.210100E+9	+7.827621E-1	+5.190708E-1
+7.210115E+9	+7.831586E-1	+5.188725E-1
+7.210130E+9	+7.841148E-1	+5.168791E-1
+7.210145E+9	+7.846519E-1	+5.168213E-1
+7.210160E+9	+7.843080E-1	+5.181787E-1
+7.210175E+9	+7.846005E-1	+5.168071E-1
+7.210190E+9	+7.836148E-1	+5.163206E-1
+7.210205E+9	+7.836634E-1	+5.167198E-1
+7.210220E+9	+7.842562E-1	+5.170066E-1
+7.210235E+9	+7.848028E-1	+5.173034E-1
+7.210250E+9	+7.855946E-1	+5.172808E-1
+7.210265E+9	+7.854220E-1	+5.166199E-1
+7.210280E+9	+7.858335E-1	+5.164385E-1
+7.210295E+9	+7.863179E-1	+5.167119E-1
+7.210310E+9	+7.866245E-1	+5.168691E-1
+7.210325E+9	+7.868647E-1	+5.164728E-1
+7.210340E+9	+7.863536E-1	+5.162403E-1
+7.210355E+9	+7.847933E-1	+5.150465E-1
+7.210370E+9	+7.844616E-1	+5.158746E-1
+7.210385E+9	+7.861164E-1	+5.159205E-1
+7.210400E+9	+7.869413E-1	+5.151075E-1
+7.210415E+9	+7.871965E-1	+5.148723E-1
+7.210430E+9	+7.872306E-1	+5.149300E-1
+7.210445E+9	+7.865675E-1	+5.148332E-1
+7.210460E+9	+7.864125E-1	+5.144217E-1
+7.210475E+9	+7.866643E-1	+5.146887E-1
+7.210490E+9	+7.869511E-1	+5.144487E-1
+7.210505E+9	+7.877384E-1	+5.129703E-1
+7.210520E+9	+7.873446E-1	+5.127782E-1
+7.210535E+9	+7.871759E-1	+5.126431E-1
+7.210550E+9	+7.881111E-1	+5.140868E-1
+7.210565E+9	+7.881103E-1	+5.144359E-1
+7.210580E+9	+7.871325E-1	+5.140225E-1
+7.210595E+9	+7.876267E-1	+5.136780E-1
+7.210610E+9	+7.873109E-1	+5.132431E-1
+7.210625E+9	+7.871239E-1	+5.130277E-1
+7.210640E+9	+7.878524E-1	+5.136186E-1
+7.210655E+9	+7.882943E-1	+5.133359E-1
+7.210670E+9	+7.890395E-1	+5.126833E-1
+7.210685E+9	+7.886550E-1	+5.116260E-1
+7.210700E+9	+7.883058E-1	+5.116619E-1
+7.210715E+9	+7.890988E-1	+5.123697E-1
+7.210730E+9	+7.893989E-1	+5.120656E-1
+7.210745E+9	+7.884084E-1	+5.111707E-1
+7.210760E+9	+7.883341E-1	+5.109792E-1
+7.210775E+9	+7.876922E-1	+5.121392E-1
+7.210790E+9	+7.881875E-1	+5.114216E-1
+7.210805E+9	+7.885382E-1	+5.106107E-1
+7.210820E+9	+7.886873E-1	+5.108473E-1
+7.210835E+9	+7.889555E-1	+5.108769E-1
+7.210850E+9	+7.888009E-1	+5.121768E-1
+7.210865E+9	+7.888165E-1	+5.118598E-1
+7.210880E+9	+7.901137E-1	+5.096992E-1
+7.210895E+9	+7.902197E-1	+5.096546E-1
+7.210910E+9	+7.901179E-1	+5.098336E-1
+7.210925E+9	+7.887834E-1	+5.107499E-1
+7.210940E+9	+7.885038E-1	+5.102474E-1
+7.210955E+9	+7.890613E-1	+5.102013E-1
+7.210970E+9	+7.901537E-1	+5.099033E-1
+7.210985E+9	+7.903639E-1	+5.093451E-1
+7.211000E+9	+7.902521E-1	+5.094872E-1
+7.211015E+9	+7.904781E-1	+5.096309E-1
+7.211030E+9	+7.906492E-1	+5.092866E-1
+7.211045E+9	+7.907432E-1	+5.091507E-1
+7.211060E+9	+7.907696E-1	+5.093091E-1
+7.211075E+9	+7.909382E-1	+5.083530E-1
+7.211090E+9	+7.913346E-1	+5.086764E-1
+7.211105E+9	+7.912142E-1	+5.089990E-1
+7.211120E+9	+7.906184E-1	+5.086377E-1
+7.211135E+9	+7.909039E-1	+5.085978E-1
+7.211150E+9	+7.912323E-1	+5.086262E-1
+7.211165E+9	+7.915748E-1	+5.088397E-1
+7.211180E+9	+7.916036E-1	+5.084185E-1
+7.211195E+9	+7.914074E-1	+5.076632E-1
+7.211210E+9	+7.916063E-1	+5.072155E-1
+7.211225E+9	+7.917266E-1	+5.080016E-1
+7.211240E+9	+7.916988E-1	+5.080716E-1
+7.211255E+9	+7.920582E-1	+5.076236E-1
+7.211270E+9	+7.924803E-1	+5.068372E-1
+7.211285E+9	+7.923955E-1	+5.059594E-1
+7.211300E+9	+7.926236E-1	+5.061341E-1
+7.211315E+9	+7.920436E-1	+5.062536E-1
+7.211330E+9	+7.923602E-1	+5.063923E-1
+7.211345E+9	+7.926802E-1	+5.062702E-1
+7.211360E+9	+7.919518E-1	+5.056155E-1
+7.211375E+9	+7.917135E-1	+5.063459E-1
+7.211390E+9	+7.915163E-1	+5.056196E-1
+7.211405E+9	+7.919156E-1	+5.043044E-1
+7.211420E+9	+7.931197E-1	+5.040874E-1
+7.211435E+9	+7.935462E-1	+5.044854E-1
+7.211450E+9	+7.932193E-1	+5.040847E-1
+7.211465E+9	+7.931996E-1	+5.047814E-1
+7.211480E+9	+7.936161E-1	+5.052162E-1
+7.211495E+9	+7.935934E-1	+5.041393E-1
+7.211510E+9	+7.936059E-1	+5.032191E-1
+7.211525E+9	+7.932582E-1	+5.039815E-1
+7.211540E+9	+7.931282E-1	+5.029727E-1
+7.211555E+9	+7.936421E-1	+5.025233E-1
+7.211570E+9	+7.940456E-1	+5.036906E-1
+7.211585E+9	+7.941121E-1	+5.039578E-1
+7.211600E+9	+7.938269E-1	+5.044123E-1
+7.211615E+9	+7.930597E-1	+5.033313E-1
+7.211630E+9	+7.933074E-1	+5.027588E-1
+7.211645E+9	+7.933251E-1	+5.032316E-1
+7.211660E+9	+7.943449E-1	+5.038056E-1
+7.211675E+9	+7.936637E-1	+5.037688E-1
+7.211690E+9	+7.945381E-1	+5.043964E-1
+7.211705E+9	+7.948019E-1	+5.040195E-1
+7.211720E+9	+7.939499E-1	+5.021696E-1
+7.211735E+9	+7.937955E-1	+5.019292E-1
+7.211750E+9	+7.943115E-1	+5.019651E-1
+7.211765E+9	+7.935178E-1	+5.021852E-1
+7.211780E+9	+7.932305E-1	+5.021175E-1
+7.211795E+9	+7.937966E-1	+5.020849E-1
+7.211810E+9	+7.949449E-1	+5.011814E-1
+7.211825E+9	+7.954898E-1	+5.011221E-1
+7.211840E+9	+7.951319E-1	+5.007011E-1
+7.211855E+9	+7.964790E-1	+4.997952E-1
+7.211870E+9	+7.965031E-1	+5.011070E-1
+7.211885E+9	+7.966670E-1	+5.004083E-1
+7.211900E+9	+7.954986E-1	+4.999701E-1
+7.211915E+9	+7.956642E-1	+4.994616E-1
+7.211930E+9	+7.952877E-1	+4.994890E-1
+7.211945E+9	+7.954473E-1	+4.995341E-1
+7.211960E+9	+7.964406E-1	+5.006065E-1
+7.211975E+9	+7.962341E-1	+5.005035E-1
+7.211990E+9	+7.961822E-1	+5.003710E-1
+7.212005E+9	+7.960347E-1	+4.994488E-1
+7.212020E+9	+7.965814E-1	+4.991814E-1
+7.212035E+9	+7.972366E-1	+4.992962E-1
+7.212050E+9	+7.982746E-1	+4.998466E-1
+7.212065E+9	+7.978718E-1	+4.988276E-1
+7.212080E+9	+7.975459E-1	+4.977833E-1
+7.212095E+9	+7.974449E-1	+4.973493E-1
+7.212110E+9	+7.960660E-1	+4.992637E-1
+7.212125E+9	+7.973808E-1	+4.980887E-1
+7.212140E+9	+7.978844E-1	+4.974507E-1
+7.212155E+9	+7.976356E-1	+4.981970E-1
+7.212170E+9	+7.982481E-1	+4.977657E-1
+7.212185E+9	+7.976216E-1	+4.981478E-1
+7.212200E+9	+7.976682E-1	+4.965750E-1
+7.212215E+9	+7.975486E-1	+4.967781E-1
+7.212230E+9	+7.975024E-1	+4.964867E-1
+7.212245E+9	+7.984174E-1	+4.961229E-1
+7.212260E+9	+7.994428E-1	+4.967200E-1
+7.212275E+9	+7.986952E-1	+4.976570E-1
+7.212290E+9	+7.978236E-1	+4.969330E-1
+7.212305E+9	+7.970640E-1	+4.972253E-1
+7.212320E+9	+7.971716E-1	+4.982406E-1
+7.212335E+9	+7.981969E-1	+4.975830E-1
+7.212350E+9	+7.992896E-1	+4.961212E-1
+7.212365E+9	+7.994730E-1	+4.961448E-1
+7.212380E+9	+7.992420E-1	+4.957528E-1
+7.212395E+9	+7.981214E-1	+4.956641E-1
+7.212410E+9	+7.987784E-1	+4.954114E-1
+7.212425E+9	+7.990825E-1	+4.942454E-1
+7.212440E+9	+7.986673E-1	+4.942632E-1
+7.212455E+9	+7.984666E-1	+4.951859E-1
+7.212470E+9	+7.987880E-1	+4.949388E-1
+7.212485E+9	+7.993651E-1	+4.953245E-1
+7.212500E+9	+7.997496E-1	+4.951554E-1
+7.212515E+9	+7.997669E-1	+4.945973E-1
+7.212530E+9	+8.000728E-1	+4.945060E-1
+7.212545E+9	+8.004631E-1	+4.937386E-1
+7.212560E+9	+8.001562E-1	+4.925998E-1
+7.212575E+9	+8.006028E-1	+4.915999E-1
+7.212590E+9	+8.003520E-1	+4.925420E-1
+7.212605E+9	+8.001986E-1	+4.933074E-1
+7.212620E+9	+8.001689E-1	+4.935352E-1
+7.212635E+9	+8.002963E-1	+4.935970E-1
+7.212650E+9	+8.002090E-1	+4.935906E-1
+7.212665E+9	+8.002648E-1	+4.936683E-1
+7.212680E+9	+8.000190E-1	+4.942996E-1
+7.212695E+9	+8.010481E-1	+4.926699E-1
+7.212710E+9	+8.014098E-1	+4.921153E-1
+7.212725E+9	+7.998833E-1	+4.929345E-1
+7.212740E+9	+8.001399E-1	+4.929940E-1
+7.212755E+9	+8.009655E-1	+4.922702E-1
+7.212770E+9	+8.007962E-1	+4.915480E-1
+7.212785E+9	+8.005710E-1	+4.911650E-1
+7.212800E+9	+8.000973E-1	+4.927723E-1
+7.212815E+9	+8.006487E-1	+4.925184E-1
+7.212830E+9	+8.011539E-1	+4.920713E-1
+7.212845E+9	+8.005730E-1	+4.919475E-1
+7.212860E+9	+8.004600E-1	+4.913956E-1
+7.212875E+9	+8.015335E-1	+4.907256E-1
+7.212890E+9	+8.011946E-1	+4.904910E-1
+7.212905E+9	+8.020254E-1	+4.903736E-1
+7.212920E+9	+8.021835E-1	+4.909532E-1
+7.212935E+9	+8.025292E-1	+4.905710E-1
+7.212950E+9	+8.016217E-1	+4.891122E-1
+7.212965E+9	+8.022032E-1	+4.899317E-1
+7.212980E+9	+8.025852E-1	+4.904581E-1
+7.212995E+9	+8.029819E-1	+4.905432E-1
+7.213010E+9	+8.022074E-1	+4.899907E-1
+7.213025E+9	+8.015752E-1	+4.908907E-1
+7.213040E+9	+8.024752E-1	+4.905271E-1
+7.213055E+9	+8.033619E-1	+4.903467E-1
+7.213070E+9	+8.032070E-1	+4.894688E-1
+7.213085E+9	+8.025128E-1	+4.887119E-1
+7.213100E+9	+8.021383E-1	+4.894733E-1
+7.213115E+9	+8.033389E-1	+4.893003E-1
+7.213130E+9	+8.038343E-1	+4.888507E-1
+7.213145E+9	+8.038974E-1	+4.886172E-1
+7.213160E+9	+8.043603E-1	+4.879625E-1
+7.213175E+9	+8.041253E-1	+4.883588E-1
+7.213190E+9	+8.038079E-1	+4.877203E-1
+7.213205E+9	+8.031348E-1	+4.867063E-1
+7.213220E+9	+8.035629E-1	+4.864609E-1
+7.213235E+9	+8.038501E-1	+4.878655E-1
+7.213250E+9	+8.045788E-1	+4.874586E-1
+7.213265E+9	+8.050507E-1	+4.879412E-1
+7.213280E+9	+8.048165E-1	+4.885063E-1
+7.213295E+9	+8.044733E-1	+4.882581E-1
+7.213310E+9	+8.033292E-1	+4.870987E-1
+7.213325E+9	+8.045439E-1	+4.868983E-1
+7.213340E+9	+8.047925E-1	+4.875941E-1
+7.213355E+9	+8.042331E-1	+4.877227E-1
+7.213370E+9	+8.043063E-1	+4.872329E-1
+7.213385E+9	+8.033810E-1	+4.869573E-1
+7.213400E+9	+8.045701E-1	+4.845323E-1
+7.213415E+9	+8.049612E-1	+4.858041E-1
+7.213430E+9	+8.051273E-1	+4.866461E-1
+7.213445E+9	+8.052710E-1	+4.860641E-1
+7.213460E+9	+8.052590E-1	+4.855742E-1
+7.213475E+9	+8.046735E-1	+4.855891E-1
+7.213490E+9	+8.047074E-1	+4.852757E-1
+7.213505E+9	+8.053921E-1	+4.852785E-1
+7.213520E+9	+8.066705E-1	+4.853596E-1
+7.213535E+9	+8.065013E-1	+4.851016E-1
+7.213550E+9	+8.060125E-1	+4.850902E-1
+7.213565E+9	+8.062872E-1	+4.849423E-1
+7.213580E+9	+8.060087E-1	+4.841728E-1
+7.213595E+9	+8.059861E-1	+4.840374E-1
+7.213610E+9	+8.080349E-1	+4.826587E-1
+7.213625E+9	+8.063534E-1	+4.838956E-1
+7.213640E+9	+8.060594E-1	+4.834699E-1
+7.213655E+9	+8.064587E-1	+4.841909E-1
+7.213670E+9	+8.062812E-1	+4.830409E-1
+7.213685E+9	+8.070552E-1	+4.822040E-1
+7.213700E+9	+8.072488E-1	+4.826191E-1
+7.213715E+9	+8.071623E-1	+4.822814E-1
+7.213730E+9	+8.070547E-1	+4.820838E-1
+7.213745E+9	+8.078654E-1	+4.824663E-1
+7.213760E+9	+8.082741E-1	+4.820094E-1
+7.213775E+9	+8.068388E-1	+4.818136E-1
+7.213790E+9	+8.068767E-1	+4.813616E-1
+7.213805E+9	+8.070821E-1	+4.807167E-1
+7.213820E+9	+8.064239E-1	+4.801711E-1
+7.213835E+9	+8.064715E-1	+4.818171E-1
+7.213850E+9	+8.085669E-1	+4.812893E-1
+7.213865E+9	+8.087107E-1	+4.818053E-1
+7.213880E+9	+8.073907E-1	+4.817784E-1
+7.213895E+9	+8.079935E-1	+4.804724E-1
+7.213910E+9	+8.073494E-1	+4.799556E-1
+7.213925E+9	+8.083693E-1	+4.793241E-1
+7.213940E+9	+8.077347E-1	+4.794504E-1
+7.213955E+9	+8.078725E-1	+4.802560E-1
+7.213970E+9	+8.080136E-1	+4.808600E-1
+7.213985E+9	+8.091947E-1	+4.792491E-1
+7.214000E+9	+8.086045E-1	+4.785781E-1
+7.214015E+9	+8.086562E-1	+4.792663E-1
+7.214030E+9	+8.082681E-1	+4.805997E-1
+7.214045E+9	+8.085503E-1	+4.802633E-1
+7.214060E+9	+8.087574E-1	+4.794486E-1
+7.214075E+9	+8.085453E-1	+4.790235E-1
+7.214090E+9	+8.080594E-1	+4.786569E-1
+7.214105E+9	+8.082136E-1	+4.789259E-1
+7.214120E+9	+8.091618E-1	+4.795754E-1
+7.214135E+9	+8.090760E-1	+4.794876E-1
+7.214150E+9	+8.090050E-1	+4.799500E-1
+7.214165E+9	+8.090537E-1	+4.802398E-1
+7.214180E+9	+8.077719E-1	+4.787892E-1
+7.214195E+9	+8.083674E-1	+4.781011E-1
+7.214210E+9	+8.096330E-1	+4.778674E-1
+7.214225E+9	+8.103752E-1	+4.783034E-1
+7.214240E+9	+8.108894E-1	+4.788809E-1
+7.214255E+9	+8.111858E-1	+4.788098E-1
+7.214270E+9	+8.113367E-1	+4.778160E-1
+7.214285E+9	+8.103261E-1	+4.775302E-1
+7.214300E+9	+8.098089E-1	+4.786761E-1
+7.214315E+9	+8.101046E-1	+4.780589E-1
+7.214330E+9	+8.104609E-1	+4.780816E-1
+7.214345E+9	+8.107407E-1	+4.780232E-1
+7.214360E+9	+8.111280E-1	+4.771296E-1
+7.214375E+9	+8.104562E-1	+4.773105E-1
+7.214390E+9	+8.106081E-1	+4.766489E-1
+7.214405E+9	+8.103819E-1	+4.761152E-1
+7.214420E+9	+8.108431E-1	+4.757108E-1
+7.214435E+9	+8.108220E-1	+4.754311E-1
+7.214450E+9	+8.114957E-1	+4.743433E-1
+7.214465E+9	+8.117395E-1	+4.753960E-1
+7.214480E+9	+8.109969E-1	+4.756029E-1
+7.214495E+9	+8.105376E-1	+4.752815E-1
+7.214510E+9	+8.109956E-1	+4.756212E-1
+7.214525E+9	+8.111887E-1	+4.753006E-1
+7.214540E+9	+8.109002E-1	+4.750756E-1
+7.214555E+9	+8.103021E-1	+4.748573E-1
+7.214570E+9	+8.103118E-1	+4.746258E-1
+7.214585E+9	+8.106517E-1	+4.749622E-1
+7.214600E+9	+8.116098E-1	+4.747670E-1
+7.214615E+9	+8.118501E-1	+4.745510E-1
+7.214630E+9	+8.122120E-1	+4.741233E-1
+7.214645E+9	+8.130956E-1	+4.734019E-1
+7.214660E+9	+8.127617E-1	+4.739415E-1
+7.214675E+9	+8.116991E-1	+4.728338E-1
+7.214690E+9	+8.118825E-1	+4.725679E-1
+7.214705E+9	+8.128242E-1	+4.728608E-1
+7.214720E+9	+8.132637E-1	+4.732032E-1
+7.214735E+9	+8.126520E-1	+4.730386E-1
+7.214750E+9	+8.122306E-1	+4.737524E-1
+7.214765E+9	+8.126153E-1	+4.737072E-1
+7.214780E+9	+8.132111E-1	+4.721679E-1
+7.214795E+9	+8.129506E-1	+4.730838E-1
+7.214810E+9	+8.128036E-1	+4.733744E-1
+7.214825E+9	+8.123455E-1	+4.723247E-1
+7.214840E+9	+8.130195E-1	+4.716731E-1
+7.214855E+9	+8.131136E-1	+4.711498E-1
+7.214870E+9	+8.119774E-1	+4.703906E-1
+7.214885E+9	+8.120453E-1	+4.707775E-1
+7.214900E+9	+8.133387E-1	+4.701772E-1
+7.214915E+9	+8.132647E-1	+4.697505E-1
+7.214930E+9	+8.135990E-1	+4.699755E-1
+7.214945E+9	+8.137419E-1	+4.703527E-1
+7.214960E+9	+8.136161E-1	+4.705532E-1
+7.214975E+9	+8.135224E-1	+4.710729E-1
+7.214990E+9	+8.141175E-1	+4.704744E-1
+7.215005E+9	+8.142600E-1	+4.700458E-1
+7.215020E+9	+8.142315E-1	+4.697086E-1
+7.215035E+9	+8.141069E-1	+4.700019E-1
+7.215050E+9	+8.157481E-1	+4.702880E-1
+7.215065E+9	+8.148989E-1	+4.701773E-1
+7.215080E+9	+8.141847E-1	+4.697362E-1
+7.215095E+9	+8.140120E-1	+4.689473E-1
+7.215110E+9	+8.146982E-1	+4.680867E-1
+7.215125E+9	+8.145220E-1	+4.687594E-1
+7.215140E+9	+8.145476E-1	+4.688136E-1
+7.215155E+9	+8.147828E-1	+4.689075E-1
+7.215170E+9	+8.150823E-1	+4.694210E-1
+7.215185E+9	+8.157290E-1	+4.692704E-1
+7.215200E+9	+8.160492E-1	+4.686892E-1
+7.215215E+9	+8.161576E-1	+4.683254E-1
+7.215230E+9	+8.161463E-1	+4.677087E-1
+7.215245E+9	+8.157040E-1	+4.676829E-1
+7.215260E+9	+8.161130E-1	+4.671336E-1
+7.215275E+9	+8.160330E-1	+4.668017E-1
+7.215290E+9	+8.156641E-1	+4.659548E-1
+7.215305E+9	+8.155849E-1	+4.658680E-1
+7.215320E+9	+8.168844E-1	+4.666558E-1
+7.215335E+9	+8.166147E-1	+4.675448E-1
+7.215350E+9	+8.160890E-1	+4.667389E-1
+7.215365E+9	+8.155391E-1	+4.659910E-1
+7.215380E+9	+8.159662E-1	+4.662322E-1
+7.215395E+9	+8.157759E-1	+4.675015E-1
+7.215410E+9	+8.155433E-1	+4.669280E-1
+7.215425E+9	+8.154397E-1	+4.664185E-1
+7.215440E+9	+8.156526E-1	+4.655612E-1
+7.215455E+9	+8.154565E-1	+4.655955E-1
+7.215470E+9	+8.156286E-1	+4.652076E-1
+7.215485E+9	+8.165975E-1	+4.644367E-1
+7.215500E+9	+8.174155E-1	+4.648503E-1
+7.215515E+9	+8.176582E-1	+4.648961E-1
+7.215530E+9	+8.177372E-1	+4.648096E-1
+7.215545E+9	+8.180193E-1	+4.647155E-1
+7.215560E+9	+8.177667E-1	+4.646909E-1
+7.215575E+9	+8.179494E-1	+4.637736E-1
+7.215590E+9	+8.186958E-1	+4.643222E-1
+7.215605E+9	+8.186506E-1	+4.641768E-1
+7.215620E+9	+8.184432E-1	+4.643838E-1
+7.215635E+9	+8.188117E-1	+4.643357E-1
+7.215650E+9	+8.196585E-1	+4.649234E-1
+7.215665E+9	+8.189192E-1	+4.641733E-1
+7.215680E+9	+8.180970E-1	+4.627032E-1
+7.215695E+9	+8.182227E-1	+4.633387E-1
+7.215710E+9	+8.181307E-1	+4.625352E-1
+7.215725E+9	+8.173953E-1	+4.617924E-1
+7.215740E+9	+8.180896E-1	+4.620292E-1
+7.215755E+9	+8.171651E-1	+4.634802E-1
+7.215770E+9	+8.166653E-1	+4.631036E-1
+7.215785E+9	+8.168803E-1	+4.610271E-1
+7.215800E+9	+8.171692E-1	+4.610510E-1
+7.215815E+9	+8.179384E-1	+4.614568E-1
+7.215830E+9	+8.188591E-1	+4.628855E-1
+7.215845E+9	+8.186906E-1	+4.632204E-1
+7.215860E+9	+8.186775E-1	+4.629849E-1
+7.215875E+9	+8.183219E-1	+4.615083E-1
+7.215890E+9	+8.185215E-1	+4.608805E-1
+7.215905E+9	+8.188555E-1	+4.611286E-1
+7.215920E+9	+8.191763E-1	+4.605094E-1
+7.215935E+9	+8.201390E-1	+4.607450E-1
+7.215950E+9	+8.213411E-1	+4.606509E-1
+7.215965E+9	+8.208573E-1	+4.601511E-1
+7.215980E+9	+8.197202E-1	+4.594986E-1
+7.215995E+9	+8.186957E-1	+4.596802E-1
+7.216010E+9	+8.175083E-1	+4.604993E-1
+7.216025E+9	+8.200576E-1	+4.608734E-1
+7.216040E+9	+8.207799E-1	+4.603452E-1
+7.216055E+9	+8.198848E-1	+4.595648E-1
+7.216070E+9	+8.196030E-1	+4.590110E-1
+7.216085E+9	+8.197131E-1	+4.593681E-1
+7.216100E+9	+8.203172E-1	+4.587192E-1
+7.216115E+9	+8.195871E-1	+4.592561E-1
+7.216130E+9	+8.195368E-1	+4.595096E-1
+7.216145E+9	+8.202104E-1	+4.583040E-1
+7.216160E+9	+8.205224E-1	+4.581799E-1
+7.216175E+9	+8.200436E-1	+4.598002E-1
+7.216190E+9	+8.201670E-1	+4.595506E-1
+7.216205E+9	+8.201609E-1	+4.595039E-1
+7.216220E+9	+8.209701E-1	+4.586041E-1
+7.216235E+9	+8.213335E-1	+4.583208E-1
+7.216250E+9	+8.203475E-1	+4.576880E-1
+7.216265E+9	+8.198094E-1	+4.573099E-1
+7.216280E+9	+8.220649E-1	+4.578372E-1
+7.216295E+9	+8.218888E-1	+4.583114E-1
+7.216310E+9	+8.216462E-1	+4.585507E-1
+7.216325E+9	+8.219662E-1	+4.579280E-1
+7.216340E+9	+8.218734E-1	+4.571477E-1
+7.216355E+9	+8.220503E-1	+4.565422E-1
+7.216370E+9	+8.223857E-1	+4.563960E-1
+7.216385E+9	+8.227027E-1	+4.567875E-1
+7.216400E+9	+8.221311E-1	+4.565586E-1
+7.216415E+9	+8.221290E-1	+4.564439E-1
+7.216430E+9	+8.219999E-1	+4.563021E-1
+7.216445E+9	+8.207784E-1	+4.559778E-1
+7.216460E+9	+8.212684E-1	+4.558293E-1
+7.216475E+9	+8.226295E-1	+4.560553E-1
+7.216490E+9	+8.223992E-1	+4.565416E-1
+7.216505E+9	+8.220345E-1	+4.565186E-1
+7.216520E+9	+8.224251E-1	+4.557276E-1
+7.216535E+9	+8.220890E-1	+4.547538E-1
+7.216550E+9	+8.225341E-1	+4.540162E-1
+7.216565E+9	+8.231173E-1	+4.540838E-1
+7.216580E+9	+8.230278E-1	+4.537396E-1
+7.216595E+9	+8.218260E-1	+4.547235E-1
+7.216610E+9	+8.221167E-1	+4.556538E-1
+7.216625E+9	+8.228686E-1	+4.547787E-1
+7.216640E+9	+8.230590E-1	+4.537347E-1
+7.216655E+9	+8.244240E-1	+4.527708E-1
+7.216670E+9	+8.234714E-1	+4.534040E-1
+7.216685E+9	+8.240166E-1	+4.533602E-1
+7.216700E+9	+8.240364E-1	+4.539457E-1
+7.216715E+9	+8.239474E-1	+4.538254E-1
+7.216730E+9	+8.223278E-1	+4.542010E-1
+7.216745E+9	+8.230913E-1	+4.526962E-1
+7.216760E+9	+8.233594E-1	+4.527948E-1
+7.216775E+9	+8.252329E-1	+4.519347E-1
+7.216790E+9	+8.247403E-1	+4.524746E-1
+7.216805E+9	+8.242585E-1	+4.531086E-1
+7.216820E+9	+8.241473E-1	+4.532713E-1
+7.216835E+9	+8.242400E-1	+4.531236E-1
+7.216850E+9	+8.241042E-1	+4.533222E-1
+7.216865E+9	+8.238974E-1	+4.528348E-1
+7.216880E+9	+8.240669E-1	+4.518281E-1
+7.216895E+9	+8.247528E-1	+4.513369E-1
+7.216910E+9	+8.250831E-1	+4.514643E-1
+7.216925E+9	+8.262101E-1	+4.522477E-1
+7.216940E+9	+8.261115E-1	+4.520713E-1
+7.216955E+9	+8.245460E-1	+4.512621E-1
+7.216970E+9	+8.255125E-1	+4.505241E-1
+7.216985E+9	+8.258884E-1	+4.501365E-1
+7.217000E+9	+8.247524E-1	+4.493506E-1
+7.217015E+9	+8.248418E-1	+4.499689E-1
+7.217030E+9	+8.253023E-1	+4.502848E-1
+7.217045E+9	+8.257685E-1	+4.501877E-1
+7.217060E+9	+8.261545E-1	+4.498482E-1
+7.217075E+9	+8.261323E-1	+4.502915E-1
+7.217090E+9	+8.261166E-1	+4.494276E-1
+7.217105E+9	+8.244294E-1	+4.489251E-1
+7.217120E+9	+8.245448E-1	+4.488601E-1
+7.217135E+9	+8.250712E-1	+4.489143E-1
+7.217150E+9	+8.256023E-1	+4.493324E-1
+7.217165E+9	+8.255267E-1	+4.486200E-1
+7.217180E+9	+8.256044E-1	+4.485831E-1
+7.217195E+9	+8.259793E-1	+4.482618E-1
+7.217210E+9	+8.266827E-1	+4.478851E-1
+7.217225E+9	+8.264883E-1	+4.492729E-1
+7.217240E+9	+8.264108E-1	+4.489515E-1
+7.217255E+9	+8.260471E-1	+4.481177E-1
+7.217270E+9	+8.262608E-1	+4.480634E-1
+7.217285E+9	+8.266014E-1	+4.477880E-1
+7.217300E+9	+8.268949E-1	+4.478194E-1
+7.217315E+9	+8.271165E-1	+4.473351E-1
+7.217330E+9	+8.261614E-1	+4.463138E-1
+7.217345E+9	+8.271719E-1	+4.460380E-1
+7.217360E+9	+8.274396E-1	+4.464850E-1
+7.217375E+9	+8.272006E-1	+4.458365E-1
+7.217390E+9	+8.275473E-1	+4.457971E-1
+7.217405E+9	+8.273503E-1	+4.465634E-1
+7.217420E+9	+8.265873E-1	+4.457721E-1
+7.217435E+9	+8.266567E-1	+4.461557E-1
+7.217450E+9	+8.271865E-1	+4.460509E-1
+7.217465E+9	+8.274462E-1	+4.458290E-1
+7.217480E+9	+8.273639E-1	+4.462456E-1
+7.217495E+9	+8.273758E-1	+4.465719E-1
+7.217510E+9	+8.278871E-1	+4.457209E-1
+7.217525E+9	+8.289054E-1	+4.444441E-1
+7.217540E+9	+8.290541E-1	+4.444699E-1
+7.217555E+9	+8.276909E-1	+4.457202E-1
+7.217570E+9	+8.273978E-1	+4.453174E-1
+7.217585E+9	+8.275548E-1	+4.451659E-1
+7.217600E+9	+8.282333E-1	+4.448132E-1
+7.217615E+9	+8.284724E-1	+4.444254E-1
+7.217630E+9	+8.288870E-1	+4.438766E-1
+7.217645E+9	+8.289872E-1	+4.440866E-1
+7.217660E+9	+8.294935E-1	+4.439090E-1
+7.217675E+9	+8.297129E-1	+4.454511E-1
+7.217690E+9	+8.299235E-1	+4.444627E-1
+7.217705E+9	+8.296741E-1	+4.433028E-1
+7.217720E+9	+8.287247E-1	+4.431319E-1
+7.217735E+9	+8.280815E-1	+4.442522E-1
+7.217750E+9	+8.276613E-1	+4.452099E-1
+7.217765E+9	+8.283235E-1	+4.450462E-1
+7.217780E+9	+8.300253E-1	+4.417169E-1
+7.217795E+9	+8.301805E-1	+4.429437E-1
+7.217810E+9	+8.301863E-1	+4.428905E-1
+7.217825E+9	+8.297918E-1	+4.421823E-1
+7.217840E+9	+8.291871E-1	+4.424609E-1
+7.217855E+9	+8.296273E-1	+4.428046E-1
+7.217870E+9	+8.293576E-1	+4.430479E-1
+7.217885E+9	+8.300331E-1	+4.421103E-1
+7.217900E+9	+8.308262E-1	+4.417136E-1
+7.217915E+9	+8.313015E-1	+4.422536E-1
+7.217930E+9	+8.307953E-1	+4.421706E-1
+7.217945E+9	+8.306669E-1	+4.410387E-1
+7.217960E+9	+8.306432E-1	+4.409636E-1
+7.217975E+9	+8.317770E-1	+4.412961E-1
+7.217990E+9	+8.315358E-1	+4.400486E-1
+7.218005E+9	+8.300193E-1	+4.389281E-1
+7.218020E+9	+8.297057E-1	+4.396767E-1
+7.218035E+9	+8.307592E-1	+4.400754E-1
+7.218050E+9	+8.309706E-1	+4.421251E-1
+7.218065E+9	+8.306731E-1	+4.417119E-1
+7.218080E+9	+8.302841E-1	+4.395086E-1
+7.218095E+9	+8.314878E-1	+4.390507E-1
+7.218110E+9	+8.316615E-1	+4.395711E-1
+7.218125E+9	+8.304584E-1	+4.392969E-1
+7.218140E+9	+8.304861E-1	+4.389283E-1
+7.218155E+9	+8.304196E-1	+4.388674E-1
+7.218170E+9	+8.307612E-1	+4.395809E-1
+7.218185E+9	+8.314832E-1	+4.393598E-1
+7.218200E+9	+8.325843E-1	+4.396432E-1
+7.218215E+9	+8.320047E-1	+4.392139E-1
+7.218230E+9	+8.308615E-1	+4.394167E-1
+7.218245E+9	+8.307373E-1	+4.391604E-1
+7.218260E+9	+8.304735E-1	+4.384962E-1
+7.218275E+9	+8.322146E-1	+4.376699E-1
+7.218290E+9	+8.321618E-1	+4.371466E-1
+7.218305E+9	+8.316474E-1	+4.377088E-1
+7.218320E+9	+8.323662E-1	+4.371862E-1
+7.218335E+9	+8.327938E-1	+4.369271E-1
+7.218350E+9	+8.312889E-1	+4.378762E-1
+7.218365E+9	+8.315034E-1	+4.364851E-1
+7.218380E+9	+8.334565E-1	+4.355090E-1
+7.218395E+9	+8.332445E-1	+4.358798E-1
+7.218410E+9	+8.334021E-1	+4.358054E-1
+7.218425E+9	+8.333106E-1	+4.357787E-1
+7.218440E+9	+8.324926E-1	+4.351249E-1
+7.218455E+9	+8.327904E-1	+4.356785E-1
+7.218470E+9	+8.329689E-1	+4.361507E-1
+7.218485E+9	+8.345675E-1	+4.356400E-1
+7.218500E+9	+8.342406E-1	+4.345112E-1
+7.218515E+9	+8.337246E-1	+4.348979E-1
+7.218530E+9	+8.326202E-1	+4.355578E-1
+7.218545E+9	+8.325265E-1	+4.356568E-1
+7.218560E+9	+8.325240E-1	+4.352708E-1
+7.218575E+9	+8.329933E-1	+4.341382E-1
+7.218590E+9	+8.337423E-1	+4.342821E-1
+7.218605E+9	+8.344437E-1	+4.353404E-1
+7.218620E+9	+8.345172E-1	+4.350148E-1
+7.218635E+9	+8.347834E-1	+4.347030E-1
+7.218650E+9	+8.348557E-1	+4.338232E-1
+7.218665E+9	+8.345591E-1	+4.336992E-1
+7.218680E+9	+8.348236E-1	+4.335213E-1
+7.218695E+9	+8.352429E-1	+4.333824E-1
+7.218710E+9	+8.349057E-1	+4.331830E-1
+7.218725E+9	+8.350551E-1	+4.331719E-1
+7.218740E+9	+8.348266E-1	+4.329028E-1
+7.218755E+9	+8.350982E-1	+4.332576E-1
+7.218770E+9	+8.352568E-1	+4.340860E-1
+7.218785E+9	+8.353081E-1	+4.336533E-1
+7.218800E+9	+8.342299E-1	+4.328375E-1
+7.218815E+9	+8.353152E-1	+4.324541E-1
+7.218830E+9	+8.360186E-1	+4.312269E-1
+7.218845E+9	+8.361616E-1	+4.304806E-1
+7.218860E+9	+8.351189E-1	+4.305711E-1
+7.218875E+9	+8.349913E-1	+4.322327E-1
+7.218890E+9	+8.353799E-1	+4.323776E-1
+7.218905E+9	+8.350225E-1	+4.319373E-1
+7.218920E+9	+8.351187E-1	+4.317336E-1
+7.218935E+9	+8.345441E-1	+4.309411E-1
+7.218950E+9	+8.334904E-1	+4.317841E-1
+7.218965E+9	+8.348200E-1	+4.300636E-1
+7.218980E+9	+8.364285E-1	+4.303885E-1
+7.218995E+9	+8.361803E-1	+4.299960E-1
+7.219010E+9	+8.358778E-1	+4.293669E-1
+7.219025E+9	+8.349666E-1	+4.296175E-1
+7.219040E+9	+8.357869E-1	+4.291957E-1
+7.219055E+9	+8.360664E-1	+4.303549E-1
+7.219070E+9	+8.368355E-1	+4.298180E-1
+7.219085E+9	+8.359495E-1	+4.285820E-1
+7.219100E+9	+8.360438E-1	+4.286504E-1
+7.219115E+9	+8.362126E-1	+4.301198E-1
+7.219130E+9	+8.364750E-1	+4.302971E-1
+7.219145E+9	+8.361785E-1	+4.298584E-1
+7.219160E+9	+8.369294E-1	+4.297715E-1
+7.219175E+9	+8.372356E-1	+4.290554E-1
+7.219190E+9	+8.366128E-1	+4.288466E-1
+7.219205E+9	+8.368335E-1	+4.287632E-1
+7.219220E+9	+8.367093E-1	+4.283915E-1
+7.219235E+9	+8.364122E-1	+4.285666E-1
+7.219250E+9	+8.368357E-1	+4.279194E-1
+7.219265E+9	+8.371227E-1	+4.275461E-1
+7.219280E+9	+8.372228E-1	+4.276227E-1
+7.219295E+9	+8.370752E-1	+4.284702E-1
+7.219310E+9	+8.374261E-1	+4.276716E-1
+7.219325E+9	+8.391098E-1	+4.266275E-1
+7.219340E+9	+8.386334E-1	+4.272354E-1
+7.219355E+9	+8.377190E-1	+4.271348E-1
+7.219370E+9	+8.377486E-1	+4.263380E-1
+7.219385E+9	+8.368142E-1	+4.257149E-1
+7.219400E+9	+8.364047E-1	+4.260818E-1
+7.219415E+9	+8.372015E-1	+4.262232E-1
+7.219430E+9	+8.378720E-1	+4.267590E-1
+7.219445E+9	+8.379996E-1	+4.266697E-1
+7.219460E+9	+8.378982E-1	+4.267909E-1
+7.219475E+9	+8.385872E-1	+4.270908E-1
+7.219490E+9	+8.393780E-1	+4.267521E-1
+7.219505E+9	+8.390075E-1	+4.251639E-1
+7.219520E+9	+8.378671E-1	+4.255479E-1
+7.219535E+9	+8.376921E-1	+4.264298E-1
+7.219550E+9	+8.395607E-1	+4.261773E-1
+7.219565E+9	+8.396989E-1	+4.250624E-1
+7.219580E+9	+8.387640E-1	+4.242335E-1
+7.219595E+9	+8.388242E-1	+4.260371E-1
+7.219610E+9	+8.394436E-1	+4.259322E-1
+7.219625E+9	+8.396413E-1	+4.250773E-1
+7.219640E+9	+8.402619E-1	+4.245992E-1
+7.219655E+9	+8.406624E-1	+4.237310E-1
+7.219670E+9	+8.400443E-1	+4.232077E-1
+7.219685E+9	+8.391904E-1	+4.231635E-1
+7.219700E+9	+8.405414E-1	+4.238508E-1
+7.219715E+9	+8.400808E-1	+4.234828E-1
+7.219730E+9	+8.393469E-1	+4.229007E-1
+7.219745E+9	+8.394406E-1	+4.225435E-1
+7.219760E+9	+8.398396E-1	+4.227469E-1
+7.219775E+9	+8.409258E-1	+4.235145E-1
+7.219790E+9	+8.404059E-1	+4.229052E-1
+7.219805E+9	+8.405896E-1	+4.233387E-1
+7.219820E+9	+8.402307E-1	+4.236080E-1
+7.219835E+9	+8.394000E-1	+4.233570E-1
+7.219850E+9	+8.390480E-1	+4.228237E-1
+7.219865E+9	+8.396845E-1	+4.217271E-1
+7.219880E+9	+8.400001E-1	+4.210833E-1
+7.219895E+9	+8.403187E-1	+4.205700E-1
+7.219910E+9	+8.407142E-1	+4.205319E-1
+7.219925E+9	+8.408795E-1	+4.196804E-1
+7.219940E+9	+8.403477E-1	+4.205404E-1
+7.219955E+9	+8.403587E-1	+4.211542E-1
+7.219970E+9	+8.405172E-1	+4.216389E-1
+7.219985E+9	+8.394582E-1	+4.205521E-1
+7.220000E+9	+8.388187E-1	+4.194163E-1
+7.220015E+9	+8.402745E-1	+4.200881E-1
+7.220030E+9	+8.408153E-1	+4.208609E-1
+7.220045E+9	+8.403854E-1	+4.203844E-1
+7.220060E+9	+8.409254E-1	+4.200192E-1
+7.220075E+9	+8.425747E-1	+4.196916E-1
+7.220090E+9	+8.432485E-1	+4.197034E-1
+7.220105E+9	+8.428690E-1	+4.197235E-1
+7.220120E+9	+8.423155E-1	+4.196970E-1
+7.220135E+9	+8.404182E-1	+4.196238E-1
+7.220150E+9	+8.416982E-1	+4.196570E-1
+7.220165E+9	+8.415532E-1	+4.193560E-1
+7.220180E+9	+8.414913E-1	+4.183340E-1
+7.220195E+9	+8.413760E-1	+4.182421E-1
+7.220210E+9	+8.426851E-1	+4.184429E-1
+7.220225E+9	+8.427420E-1	+4.194237E-1
+7.220240E+9	+8.427196E-1	+4.187017E-1
+7.220255E+9	+8.408989E-1	+4.180804E-1
+7.220270E+9	+8.419907E-1	+4.171422E-1
+7.220285E+9	+8.422910E-1	+4.168363E-1
+7.220300E+9	+8.427216E-1	+4.165140E-1
+7.220315E+9	+8.429149E-1	+4.160888E-1
+7.220330E+9	+8.419498E-1	+4.169566E-1
+7.220345E+9	+8.424149E-1	+4.177170E-1
+7.220360E+9	+8.425484E-1	+4.169621E-1
+7.220375E+9	+8.430816E-1	+4.152413E-1
+7.220390E+9	+8.429067E-1	+4.151434E-1
+7.220405E+9	+8.429977E-1	+4.154832E-1
+7.220420E+9	+8.426636E-1	+4.160418E-1
+7.220435E+9	+8.421914E-1	+4.160395E-1
+7.220450E+9	+8.431669E-1	+4.154954E-1
+7.220465E+9	+8.428326E-1	+4.158269E-1
+7.220480E+9	+8.437708E-1	+4.147662E-1
+7.220495E+9	+8.436031E-1	+4.143466E-1
+7.220510E+9	+8.441438E-1	+4.154839E-1
+7.220525E+9	+8.437400E-1	+4.150195E-1
+7.220540E+9	+8.449509E-1	+4.147218E-1
+7.220555E+9	+8.451512E-1	+4.151271E-1
+7.220570E+9	+8.449717E-1	+4.152069E-1
+7.220585E+9	+8.432588E-1	+4.155041E-1
+7.220600E+9	+8.437637E-1	+4.159493E-1
+7.220615E+9	+8.430119E-1	+4.155805E-1
+7.220630E+9	+8.429536E-1	+4.150707E-1
+7.220645E+9	+8.437783E-1	+4.140615E-1
+7.220660E+9	+8.439679E-1	+4.137541E-1
+7.220675E+9	+8.440515E-1	+4.146085E-1
+7.220690E+9	+8.438100E-1	+4.146726E-1
+7.220705E+9	+8.441651E-1	+4.137664E-1
+7.220720E+9	+8.432922E-1	+4.135285E-1
+7.220735E+9	+8.435845E-1	+4.137701E-1
+7.220750E+9	+8.446921E-1	+4.138476E-1
+7.220765E+9	+8.451618E-1	+4.134092E-1
+7.220780E+9	+8.449870E-1	+4.113587E-1
+7.220795E+9	+8.443778E-1	+4.120898E-1
+7.220810E+9	+8.441163E-1	+4.123456E-1
+7.220825E+9	+8.446148E-1	+4.130843E-1
+7.220840E+9	+8.451684E-1	+4.133347E-1
+7.220855E+9	+8.451847E-1	+4.127868E-1
+7.220870E+9	+8.441969E-1	+4.129288E-1
+7.220885E+9	+8.441605E-1	+4.121402E-1
+7.220900E+9	+8.440273E-1	+4.113781E-1
+7.220915E+9	+8.434736E-1	+4.117848E-1
+7.220930E+9	+8.448705E-1	+4.127993E-1
+7.220945E+9	+8.451069E-1	+4.124056E-1
+7.220960E+9	+8.446258E-1	+4.106718E-1
+7.220975E+9	+8.439864E-1	+4.104520E-1
+7.220990E+9	+8.443363E-1	+4.100677E-1
+7.221005E+9	+8.448778E-1	+4.103941E-1
+7.221020E+9	+8.450900E-1	+4.092464E-1
+7.221035E+9	+8.445817E-1	+4.095915E-1
+7.221050E+9	+8.455933E-1	+4.117937E-1
+7.221065E+9	+8.458474E-1	+4.109451E-1
+7.221080E+9	+8.459485E-1	+4.101835E-1
+7.221095E+9	+8.455017E-1	+4.106968E-1
+7.221110E+9	+8.452825E-1	+4.095243E-1
+7.221125E+9	+8.462017E-1	+4.091856E-1
+7.221140E+9	+8.460410E-1	+4.087010E-1
+7.221155E+9	+8.455558E-1	+4.094915E-1
+7.221170E+9	+8.464920E-1	+4.098918E-1
+7.221185E+9	+8.468432E-1	+4.086892E-1
+7.221200E+9	+8.462504E-1	+4.069673E-1
+7.221215E+9	+8.464942E-1	+4.071935E-1
+7.221230E+9	+8.460720E-1	+4.072272E-1
+7.221245E+9	+8.460964E-1	+4.072233E-1
+7.221260E+9	+8.466592E-1	+4.072943E-1
+7.221275E+9	+8.471852E-1	+4.072140E-1
+7.221290E+9	+8.467211E-1	+4.075752E-1
+7.221305E+9	+8.473798E-1	+4.074805E-1
+7.221320E+9	+8.490142E-1	+4.061554E-1
+7.221335E+9	+8.479874E-1	+4.062818E-1
+7.221350E+9	+8.480211E-1	+4.060821E-1
+7.221365E+9	+8.466754E-1	+4.061939E-1
+7.221380E+9	+8.452043E-1	+4.072118E-1
+7.221395E+9	+8.464307E-1	+4.069922E-1
+7.221410E+9	+8.468002E-1	+4.062919E-1
+7.221425E+9	+8.472255E-1	+4.068336E-1
+7.221440E+9	+8.476345E-1	+4.072249E-1
+7.221455E+9	+8.487146E-1	+4.057714E-1
+7.221470E+9	+8.486112E-1	+4.066092E-1
+7.221485E+9	+8.474934E-1	+4.064659E-1
+7.221500E+9	+8.466297E-1	+4.057083E-1
+7.221515E+9	+8.474236E-1	+4.058281E-1
+7.221530E+9	+8.482760E-1	+4.059679E-1
+7.221545E+9	+8.487588E-1	+4.053948E-1
+7.221560E+9	+8.490130E-1	+4.063954E-1
+7.221575E+9	+8.478246E-1	+4.064989E-1
+7.221590E+9	+8.471589E-1	+4.062904E-1
+7.221605E+9	+8.468162E-1	+4.045987E-1
+7.221620E+9	+8.473163E-1	+4.045677E-1
+7.221635E+9	+8.496018E-1	+4.053091E-1
+7.221650E+9	+8.485354E-1	+4.035940E-1
+7.221665E+9	+8.491644E-1	+4.032022E-1
+7.221680E+9	+8.493588E-1	+4.035385E-1
+7.221695E+9	+8.480629E-1	+4.037802E-1
+7.221710E+9	+8.473524E-1	+4.036344E-1
+7.221725E+9	+8.483731E-1	+4.034526E-1
+7.221740E+9	+8.487707E-1	+4.031233E-1
+7.221755E+9	+8.491435E-1	+4.033417E-1
+7.221770E+9	+8.495444E-1	+4.020001E-1
+7.221785E+9	+8.499294E-1	+4.015725E-1
+7.221800E+9	+8.498091E-1	+4.018226E-1
+7.221815E+9	+8.503599E-1	+4.015018E-1
+7.221830E+9	+8.503029E-1	+4.023574E-1
+7.221845E+9	+8.497775E-1	+4.024154E-1
+7.221860E+9	+8.492835E-1	+4.023001E-1
+7.221875E+9	+8.495670E-1	+4.015892E-1
+7.221890E+9	+8.494238E-1	+4.019201E-1
+7.221905E+9	+8.487341E-1	+4.011488E-1
+7.221920E+9	+8.483459E-1	+4.007525E-1
+7.221935E+9	+8.489783E-1	+4.013281E-1
+7.221950E+9	+8.507203E-1	+4.008335E-1
+7.221965E+9	+8.506412E-1	+4.014031E-1
+7.221980E+9	+8.500886E-1	+4.017413E-1
+7.221995E+9	+8.490923E-1	+4.012293E-1
+7.222010E+9	+8.486627E-1	+4.006001E-1
+7.222025E+9	+8.491130E-1	+3.984430E-1
+7.222040E+9	+8.503817E-1	+3.997737E-1
+7.222055E+9	+8.506419E-1	+4.005260E-1
+7.222070E+9	+8.501549E-1	+3.993019E-1
+7.222085E+9	+8.504006E-1	+3.996715E-1
+7.222100E+9	+8.520973E-1	+3.999028E-1
+7.222115E+9	+8.512515E-1	+3.994376E-1
+7.222130E+9	+8.507652E-1	+3.990676E-1
+7.222145E+9	+8.502489E-1	+3.982849E-1
+7.222160E+9	+8.499010E-1	+3.982141E-1
+7.222175E+9	+8.496821E-1	+3.999737E-1
+7.222190E+9	+8.510225E-1	+3.995260E-1
+7.222205E+9	+8.516379E-1	+3.995973E-1
+7.222220E+9	+8.514049E-1	+3.987876E-1
+7.222235E+9	+8.519969E-1	+3.977254E-1
+7.222250E+9	+8.519413E-1	+3.973288E-1
+7.222265E+9	+8.523155E-1	+3.975902E-1
+7.222280E+9	+8.521821E-1	+3.979977E-1
+7.222295E+9	+8.518412E-1	+3.979266E-1
+7.222310E+9	+8.517243E-1	+3.978174E-1
+7.222325E+9	+8.520085E-1	+3.979518E-1
+7.222340E+9	+8.517990E-1	+3.976609E-1
+7.222355E+9	+8.522613E-1	+3.970239E-1
+7.222370E+9	+8.527391E-1	+3.976429E-1
+7.222385E+9	+8.530150E-1	+3.971490E-1
+7.222400E+9	+8.530556E-1	+3.964335E-1
+7.222415E+9	+8.527439E-1	+3.966905E-1
+7.222430E+9	+8.530649E-1	+3.961115E-1
+7.222445E+9	+8.529540E-1	+3.960149E-1
+7.222460E+9	+8.531521E-1	+3.959268E-1
+7.222475E+9	+8.520414E-1	+3.960348E-1
+7.222490E+9	+8.525390E-1	+3.952733E-1
+7.222505E+9	+8.515358E-1	+3.953793E-1
+7.222520E+9	+8.518029E-1	+3.945195E-1
+7.222535E+9	+8.526589E-1	+3.941229E-1
+7.222550E+9	+8.532041E-1	+3.937492E-1
+7.222565E+9	+8.545379E-1	+3.939021E-1
+7.222580E+9	+8.541178E-1	+3.947084E-1
+7.222595E+9	+8.528681E-1	+3.943406E-1
+7.222610E+9	+8.530423E-1	+3.942879E-1
+7.222625E+9	+8.537698E-1	+3.935842E-1
+7.222640E+9	+8.530828E-1	+3.939247E-1
+7.222655E+9	+8.537125E-1	+3.924397E-1
+7.222670E+9	+8.529471E-1	+3.924648E-1
+7.222685E+9	+8.536009E-1	+3.931460E-1
+7.222700E+9	+8.540593E-1	+3.944776E-1
+7.222715E+9	+8.539444E-1	+3.939021E-1
+7.222730E+9	+8.534336E-1	+3.934392E-1
+7.222745E+9	+8.535739E-1	+3.924824E-1
+7.222760E+9	+8.537726E-1	+3.921831E-1
+7.222775E+9	+8.540668E-1	+3.918472E-1
+7.222790E+9	+8.545478E-1	+3.922523E-1
+7.222805E+9	+8.546198E-1	+3.927072E-1
+7.222820E+9	+8.540671E-1	+3.925785E-1
+7.222835E+9	+8.544475E-1	+3.920070E-1
+7.222850E+9	+8.547171E-1	+3.924247E-1
+7.222865E+9	+8.542935E-1	+3.922484E-1
+7.222880E+9	+8.546915E-1	+3.915142E-1
+7.222895E+9	+8.544270E-1	+3.907724E-1
+7.222910E+9	+8.564496E-1	+3.909564E-1
+7.222925E+9	+8.555866E-1	+3.921331E-1
+7.222940E+9	+8.540471E-1	+3.925440E-1
+7.222955E+9	+8.540609E-1	+3.934074E-1
+7.222970E+9	+8.547961E-1	+3.927255E-1
+7.222985E+9	+8.568575E-1	+3.915332E-1
+7.223000E+9	+8.559953E-1	+3.896356E-1
+7.223015E+9	+8.554135E-1	+3.900613E-1
+7.223030E+9	+8.554786E-1	+3.898646E-1
+7.223045E+9	+8.558646E-1	+3.891505E-1
+7.223060E+9	+8.557357E-1	+3.886901E-1
+7.223075E+9	+8.551708E-1	+3.881954E-1
+7.223090E+9	+8.560416E-1	+3.886789E-1
+7.223105E+9	+8.553295E-1	+3.902146E-1
+7.223120E+9	+8.557169E-1	+3.893991E-1
+7.223135E+9	+8.550504E-1	+3.881549E-1
+7.223150E+9	+8.559302E-1	+3.885349E-1
+7.223165E+9	+8.558353E-1	+3.895662E-1
+7.223180E+9	+8.563206E-1	+3.894987E-1
+7.223195E+9	+8.565363E-1	+3.890386E-1
+7.223210E+9	+8.570181E-1	+3.875195E-1
+7.223225E+9	+8.560351E-1	+3.875796E-1
+7.223240E+9	+8.555744E-1	+3.869286E-1
+7.223255E+9	+8.557031E-1	+3.867367E-1
+7.223270E+9	+8.556849E-1	+3.865872E-1
+7.223285E+9	+8.560772E-1	+3.877512E-1
+7.223300E+9	+8.571195E-1	+3.869007E-1
+7.223315E+9	+8.560617E-1	+3.873578E-1
+7.223330E+9	+8.557893E-1	+3.885916E-1
+7.223345E+9	+8.558741E-1	+3.873806E-1
+7.223360E+9	+8.562644E-1	+3.866201E-1
+7.223375E+9	+8.568501E-1	+3.865345E-1
+7.223390E+9	+8.565082E-1	+3.860779E-1
+7.223405E+9	+8.563168E-1	+3.859973E-1
+7.223420E+9	+8.563081E-1	+3.864450E-1
+7.223435E+9	+8.560015E-1	+3.857579E-1
+7.223450E+9	+8.563100E-1	+3.852123E-1
+7.223465E+9	+8.573238E-1	+3.845328E-1
+7.223480E+9	+8.579071E-1	+3.846339E-1
+7.223495E+9	+8.575990E-1	+3.846657E-1
+7.223510E+9	+8.574285E-1	+3.865628E-1
+7.223525E+9	+8.571143E-1	+3.858626E-1
+7.223540E+9	+8.577028E-1	+3.860129E-1
+7.223555E+9	+8.581534E-1	+3.863091E-1
+7.223570E+9	+8.582034E-1	+3.859804E-1
+7.223585E+9	+8.575124E-1	+3.853338E-1
+7.223600E+9	+8.567535E-1	+3.845646E-1
+7.223615E+9	+8.572974E-1	+3.846691E-1
+7.223630E+9	+8.577860E-1	+3.842648E-1
+7.223645E+9	+8.582585E-1	+3.846159E-1
+7.223660E+9	+8.578053E-1	+3.837098E-1
+7.223675E+9	+8.575899E-1	+3.843188E-1
+7.223690E+9	+8.582836E-1	+3.834679E-1
+7.223705E+9	+8.587387E-1	+3.834398E-1
+7.223720E+9	+8.588068E-1	+3.829583E-1
+7.223735E+9	+8.586172E-1	+3.828217E-1
+7.223750E+9	+8.578955E-1	+3.825735E-1
+7.223765E+9	+8.578313E-1	+3.835374E-1
+7.223780E+9	+8.586537E-1	+3.838802E-1
+7.223795E+9	+8.595453E-1	+3.843048E-1
+7.223810E+9	+8.598285E-1	+3.825907E-1
+7.223825E+9	+8.580264E-1	+3.809392E-1
+7.223840E+9	+8.592752E-1	+3.807747E-1
+7.223855E+9	+8.594899E-1	+3.814060E-1
+7.223870E+9	+8.587911E-1	+3.811965E-1
+7.223885E+9	+8.588333E-1	+3.817392E-1
+7.223900E+9	+8.594096E-1	+3.822859E-1
+7.223915E+9	+8.593485E-1	+3.806843E-1
+7.223930E+9	+8.599032E-1	+3.801988E-1
+7.223945E+9	+8.598026E-1	+3.791586E-1
+7.223960E+9	+8.598558E-1	+3.797615E-1
+7.223975E+9	+8.591158E-1	+3.806900E-1
+7.223990E+9	+8.592506E-1	+3.807144E-1
+7.224005E+9	+8.594546E-1	+3.788833E-1
+7.224020E+9	+8.594525E-1	+3.780294E-1
+7.224035E+9	+8.590971E-1	+3.785821E-1
+7.224050E+9	+8.601437E-1	+3.797150E-1
+7.224065E+9	+8.595148E-1	+3.796281E-1
+7.224080E+9	+8.590348E-1	+3.795650E-1
+7.224095E+9	+8.591155E-1	+3.794001E-1
+7.224110E+9	+8.597100E-1	+3.788900E-1
+7.224125E+9	+8.599793E-1	+3.780924E-1
+7.224140E+9	+8.592859E-1	+3.791268E-1
+7.224155E+9	+8.599038E-1	+3.809181E-1
+7.224170E+9	+8.596630E-1	+3.792100E-1
+7.224185E+9	+8.605495E-1	+3.775514E-1
+7.224200E+9	+8.604965E-1	+3.778760E-1
+7.224215E+9	+8.606805E-1	+3.784991E-1
+7.224230E+9	+8.607451E-1	+3.789116E-1
+7.224245E+9	+8.605947E-1	+3.781519E-1
+7.224260E+9	+8.600463E-1	+3.786812E-1
+7.224275E+9	+8.584240E-1	+3.781811E-1
+7.224290E+9	+8.598201E-1	+3.774364E-1
+7.224305E+9	+8.607967E-1	+3.768934E-1
+7.224320E+9	+8.609625E-1	+3.769211E-1
+7.224335E+9	+8.605041E-1	+3.770004E-1
+7.224350E+9	+8.599255E-1	+3.768063E-1
+7.224365E+9	+8.595411E-1	+3.767480E-1
+7.224380E+9	+8.607871E-1	+3.755263E-1
+7.224395E+9	+8.609970E-1	+3.760919E-1
+7.224410E+9	+8.621497E-1	+3.759872E-1
+7.224425E+9	+8.616666E-1	+3.753183E-1
+7.224440E+9	+8.623475E-1	+3.753565E-1
+7.224455E+9	+8.624113E-1	+3.763841E-1
+7.224470E+9	+8.627923E-1	+3.760623E-1
+7.224485E+9	+8.624568E-1	+3.755968E-1
+7.224500E+9	+8.608510E-1	+3.757336E-1
+7.224515E+9	+8.606936E-1	+3.759154E-1
+7.224530E+9	+8.625897E-1	+3.762655E-1
+7.224545E+9	+8.633338E-1	+3.757758E-1
+7.224560E+9	+8.630181E-1	+3.758840E-1
+7.224575E+9	+8.607954E-1	+3.744220E-1
+7.224590E+9	+8.617620E-1	+3.741437E-1
+7.224605E+9	+8.635510E-1	+3.741178E-1
+7.224620E+9	+8.634017E-1	+3.735213E-1
+7.224635E+9	+8.622210E-1	+3.734088E-1
+7.224650E+9	+8.612076E-1	+3.739336E-1
+7.224665E+9	+8.628531E-1	+3.740151E-1
+7.224680E+9	+8.631100E-1	+3.746741E-1
+7.224695E+9	+8.624612E-1	+3.742188E-1
+7.224710E+9	+8.629758E-1	+3.740807E-1
+7.224725E+9	+8.645461E-1	+3.730942E-1
+7.224740E+9	+8.629794E-1	+3.727807E-1
+7.224755E+9	+8.626916E-1	+3.722892E-1
+7.224770E+9	+8.635955E-1	+3.713506E-1
+7.224785E+9	+8.635237E-1	+3.712843E-1
+7.224800E+9	+8.619447E-1	+3.724927E-1
+7.224815E+9	+8.629581E-1	+3.720632E-1
+7.224830E+9	+8.640531E-1	+3.712593E-1
+7.224845E+9	+8.634031E-1	+3.714758E-1
+7.224860E+9	+8.638464E-1	+3.710830E-1
+7.224875E+9	+8.643076E-1	+3.708775E-1
+7.224890E+9	+8.632834E-1	+3.710357E-1
+7.224905E+9	+8.631894E-1	+3.714363E-1
+7.224920E+9	+8.639108E-1	+3.707179E-1
+7.224935E+9	+8.636644E-1	+3.701032E-1
+7.224950E+9	+8.629116E-1	+3.697571E-1
+7.224965E+9	+8.638473E-1	+3.710444E-1
+7.224980E+9	+8.640441E-1	+3.704744E-1
+7.224995E+9	+8.635932E-1	+3.695519E-1
+7.225010E+9	+8.635080E-1	+3.687231E-1
+7.225025E+9	+8.646038E-1	+3.692907E-1
+7.225040E+9	+8.638057E-1	+3.691141E-1
+7.225055E+9	+8.640701E-1	+3.689919E-1
+7.225070E+9	+8.647027E-1	+3.684758E-1
+7.225085E+9	+8.652866E-1	+3.685928E-1
+7.225100E+9	+8.646846E-1	+3.693004E-1
+7.225115E+9	+8.638858E-1	+3.679280E-1
+7.225130E+9	+8.640993E-1	+3.676678E-1
+7.225145E+9	+8.643330E-1	+3.674707E-1
+7.225160E+9	+8.659162E-1	+3.683793E-1
+7.225175E+9	+8.651878E-1	+3.687249E-1
+7.225190E+9	+8.654970E-1	+3.688244E-1
+7.225205E+9	+8.651334E-1	+3.679716E-1
+7.225220E+9	+8.648556E-1	+3.683415E-1
+7.225235E+9	+8.645481E-1	+3.675063E-1
+7.225250E+9	+8.646243E-1	+3.671934E-1
+7.225265E+9	+8.657967E-1	+3.672300E-1
+7.225280E+9	+8.670598E-1	+3.662321E-1
+7.225295E+9	+8.668479E-1	+3.662678E-1
+7.225310E+9	+8.669045E-1	+3.669695E-1
+7.225325E+9	+8.649880E-1	+3.663717E-1
+7.225340E+9	+8.656036E-1	+3.662584E-1
+7.225355E+9	+8.654920E-1	+3.667025E-1
+7.225370E+9	+8.659014E-1	+3.649509E-1
+7.225385E+9	+8.654436E-1	+3.656398E-1
+7.225400E+9	+8.656679E-1	+3.666699E-1
+7.225415E+9	+8.653255E-1	+3.661917E-1
+7.225430E+9	+8.655821E-1	+3.655883E-1
+7.225445E+9	+8.653766E-1	+3.655783E-1
+7.225460E+9	+8.656311E-1	+3.659029E-1
+7.225475E+9	+8.653871E-1	+3.654552E-1
+7.225490E+9	+8.646914E-1	+3.651245E-1
+7.225505E+9	+8.650275E-1	+3.646261E-1
+7.225520E+9	+8.654051E-1	+3.645453E-1
+7.225535E+9	+8.668680E-1	+3.642209E-1
+7.225550E+9	+8.668388E-1	+3.639074E-1
+7.225565E+9	+8.666975E-1	+3.636903E-1
+7.225580E+9	+8.669760E-1	+3.639305E-1
+7.225595E+9	+8.672903E-1	+3.638286E-1
+7.225610E+9	+8.667073E-1	+3.627661E-1
+7.225625E+9	+8.666740E-1	+3.636060E-1
+7.225640E+9	+8.665021E-1	+3.629372E-1
+7.225655E+9	+8.662536E-1	+3.636148E-1
+7.225670E+9	+8.664646E-1	+3.630056E-1
+7.225685E+9	+8.668527E-1	+3.629490E-1
+7.225700E+9	+8.671645E-1	+3.624206E-1
+7.225715E+9	+8.660609E-1	+3.619378E-1
+7.225730E+9	+8.654406E-1	+3.623704E-1
+7.225745E+9	+8.662791E-1	+3.617539E-1
+7.225760E+9	+8.678613E-1	+3.619868E-1
+7.225775E+9	+8.677216E-1	+3.604078E-1
+7.225790E+9	+8.673459E-1	+3.609240E-1
+7.225805E+9	+8.666349E-1	+3.615518E-1
+7.225820E+9	+8.667425E-1	+3.614415E-1
+7.225835E+9	+8.674775E-1	+3.615959E-1
+7.225850E+9	+8.683421E-1	+3.616209E-1
+7.225865E+9	+8.687329E-1	+3.620532E-1
+7.225880E+9	+8.695079E-1	+3.618780E-1
+7.225895E+9	+8.694599E-1	+3.614224E-1
+7.225910E+9	+8.679015E-1	+3.604160E-1
+7.225925E+9	+8.686540E-1	+3.610483E-1
+7.225940E+9	+8.685004E-1	+3.607308E-1
+7.225955E+9	+8.687789E-1	+3.609715E-1
+7.225970E+9	+8.691418E-1	+3.599965E-1
+7.225985E+9	+8.682959E-1	+3.595962E-1
+7.226000E+9	+8.676192E-1	+3.601415E-1
+7.226015E+9	+8.680682E-1	+3.595233E-1
+7.226030E+9	+8.670422E-1	+3.583492E-1
+7.226045E+9	+8.676709E-1	+3.582892E-1
+7.226060E+9	+8.677847E-1	+3.580174E-1
+7.226075E+9	+8.681639E-1	+3.579033E-1
+7.226090E+9	+8.687440E-1	+3.590958E-1
+7.226105E+9	+8.692685E-1	+3.592041E-1
+7.226120E+9	+8.697200E-1	+3.584842E-1
+7.226135E+9	+8.683231E-1	+3.590895E-1
+7.226150E+9	+8.687352E-1	+3.587704E-1
+7.226165E+9	+8.695024E-1	+3.582161E-1
+7.226180E+9	+8.693931E-1	+3.578495E-1
+7.226195E+9	+8.689878E-1	+3.566363E-1
+7.226210E+9	+8.685354E-1	+3.574549E-1
+7.226225E+9	+8.705215E-1	+3.576241E-1
+7.226240E+9	+8.698800E-1	+3.572088E-1
+7.226255E+9	+8.692203E-1	+3.566502E-1
+7.226270E+9	+8.694514E-1	+3.565630E-1
+7.226285E+9	+8.702066E-1	+3.559131E-1
+7.226300E+9	+8.701250E-1	+3.554867E-1
+7.226315E+9	+8.696591E-1	+3.557711E-1
+7.226330E+9	+8.697371E-1	+3.564285E-1
+7.226345E+9	+8.699976E-1	+3.565691E-1
+7.226360E+9	+8.692891E-1	+3.561633E-1
+7.226375E+9	+8.696949E-1	+3.564414E-1
+7.226390E+9	+8.695336E-1	+3.560566E-1
+7.226405E+9	+8.700043E-1	+3.557425E-1
+7.226420E+9	+8.693210E-1	+3.546256E-1
+7.226435E+9	+8.698154E-1	+3.534193E-1
+7.226450E+9	+8.702918E-1	+3.555585E-1
+7.226465E+9	+8.695921E-1	+3.551931E-1
+7.226480E+9	+8.693270E-1	+3.550663E-1
+7.226495E+9	+8.697543E-1	+3.546652E-1
+7.226510E+9	+8.694150E-1	+3.533949E-1
+7.226525E+9	+8.689044E-1	+3.537738E-1
+7.226540E+9	+8.695841E-1	+3.534638E-1
+7.226555E+9	+8.703184E-1	+3.537324E-1
+7.226570E+9	+8.702431E-1	+3.540841E-1
+7.226585E+9	+8.701763E-1	+3.532390E-1
+7.226600E+9	+8.706298E-1	+3.526492E-1
+7.226615E+9	+8.710864E-1	+3.530504E-1
+7.226630E+9	+8.712194E-1	+3.527209E-1
+7.226645E+9	+8.701234E-1	+3.524389E-1
+7.226660E+9	+8.700095E-1	+3.531008E-1
+7.226675E+9	+8.707847E-1	+3.538608E-1
+7.226690E+9	+8.703497E-1	+3.535205E-1
+7.226705E+9	+8.701524E-1	+3.526366E-1
+7.226720E+9	+8.706645E-1	+3.520154E-1
+7.226735E+9	+8.715037E-1	+3.517511E-1
+7.226750E+9	+8.725291E-1	+3.525600E-1
+7.226765E+9	+8.723596E-1	+3.523257E-1
+7.226780E+9	+8.726495E-1	+3.523382E-1
+7.226795E+9	+8.720465E-1	+3.522236E-1
+7.226810E+9	+8.718073E-1	+3.515100E-1
+7.226825E+9	+8.718104E-1	+3.510913E-1
+7.226840E+9	+8.715492E-1	+3.516828E-1
+7.226855E+9	+8.711440E-1	+3.517969E-1
+7.226870E+9	+8.706491E-1	+3.512606E-1
+7.226885E+9	+8.716974E-1	+3.505469E-1
+7.226900E+9	+8.727589E-1	+3.505821E-1
+7.226915E+9	+8.728421E-1	+3.501659E-1
+7.226930E+9	+8.724913E-1	+3.499883E-1
+7.226945E+9	+8.725149E-1	+3.500974E-1
+7.226960E+9	+8.726794E-1	+3.501884E-1
+7.226975E+9	+8.725296E-1	+3.516556E-1
+7.226990E+9	+8.720727E-1	+3.497680E-1
+7.227005E+9	+8.715750E-1	+3.494858E-1
+7.227020E+9	+8.719570E-1	+3.492655E-1
+7.227035E+9	+8.727698E-1	+3.496206E-1
+7.227050E+9	+8.732831E-1	+3.495191E-1
+7.227065E+9	+8.716353E-1	+3.501596E-1
+7.227080E+9	+8.711254E-1	+3.500985E-1
+7.227095E+9	+8.726884E-1	+3.485119E-1
+7.227110E+9	+8.735035E-1	+3.474051E-1
+7.227125E+9	+8.723968E-1	+3.479684E-1
+7.227140E+9	+8.734080E-1	+3.474826E-1
+7.227155E+9	+8.733064E-1	+3.469903E-1
+7.227170E+9	+8.730396E-1	+3.465021E-1
+7.227185E+9	+8.725968E-1	+3.475592E-1
+7.227200E+9	+8.739436E-1	+3.475924E-1
+7.227215E+9	+8.739605E-1	+3.474705E-1
+7.227230E+9	+8.718755E-1	+3.487964E-1
+7.227245E+9	+8.717809E-1	+3.481050E-1
+7.227260E+9	+8.721097E-1	+3.472777E-1
+7.227275E+9	+8.734781E-1	+3.465290E-1
+7.227290E+9	+8.742005E-1	+3.463265E-1
+7.227305E+9	+8.739819E-1	+3.462041E-1
+7.227320E+9	+8.736046E-1	+3.455811E-1
+7.227335E+9	+8.730260E-1	+3.462812E-1
+7.227350E+9	+8.737626E-1	+3.464232E-1
+7.227365E+9	+8.745161E-1	+3.451908E-1
+7.227380E+9	+8.742926E-1	+3.451746E-1
+7.227395E+9	+8.738987E-1	+3.456036E-1
+7.227410E+9	+8.738273E-1	+3.461545E-1
+7.227425E+9	+8.746156E-1	+3.468626E-1
+7.227440E+9	+8.733730E-1	+3.457978E-1
+7.227455E+9	+8.739134E-1	+3.433061E-1
+7.227470E+9	+8.739520E-1	+3.445718E-1
+7.227485E+9	+8.738056E-1	+3.444724E-1
+7.227500E+9	+8.735725E-1	+3.450027E-1
+7.227515E+9	+8.744588E-1	+3.442880E-1
+7.227530E+9	+8.751220E-1	+3.434005E-1
+7.227545E+9	+8.753490E-1	+3.433343E-1
+7.227560E+9	+8.749969E-1	+3.433480E-1
+7.227575E+9	+8.744196E-1	+3.438071E-1
+7.227590E+9	+8.750623E-1	+3.434116E-1
+7.227605E+9	+8.758549E-1	+3.420928E-1
+7.227620E+9	+8.745812E-1	+3.418339E-1
+7.227635E+9	+8.741379E-1	+3.415628E-1
+7.227650E+9	+8.739621E-1	+3.423149E-1
+7.227665E+9	+8.744098E-1	+3.416798E-1
+7.227680E+9	+8.754511E-1	+3.412350E-1
+7.227695E+9	+8.753856E-1	+3.403354E-1
+7.227710E+9	+8.748761E-1	+3.411671E-1
+7.227725E+9	+8.741738E-1	+3.439456E-1
+7.227740E+9	+8.746815E-1	+3.421802E-1
+7.227755E+9	+8.752792E-1	+3.407086E-1
+7.227770E+9	+8.759443E-1	+3.403819E-1
+7.227785E+9	+8.772964E-1	+3.402980E-1
+7.227800E+9	+8.771499E-1	+3.425436E-1
+7.227815E+9	+8.765622E-1	+3.416381E-1
+7.227830E+9	+8.760298E-1	+3.410056E-1
+7.227845E+9	+8.763344E-1	+3.403300E-1
+7.227860E+9	+8.767555E-1	+3.403079E-1
+7.227875E+9	+8.766053E-1	+3.404480E-1
+7.227890E+9	+8.765443E-1	+3.394107E-1
+7.227905E+9	+8.750448E-1	+3.384232E-1
+7.227920E+9	+8.744051E-1	+3.397389E-1
+7.227935E+9	+8.745436E-1	+3.407140E-1
+7.227950E+9	+8.747440E-1	+3.390336E-1
+7.227965E+9	+8.753095E-1	+3.391915E-1
+7.227980E+9	+8.771138E-1	+3.390271E-1
+7.227995E+9	+8.772735E-1	+3.387998E-1
+7.228010E+9	+8.774392E-1	+3.385441E-1
+7.228025E+9	+8.772245E-1	+3.391889E-1
+7.228040E+9	+8.765449E-1	+3.391200E-1
+7.228055E+9	+8.762849E-1	+3.382441E-1
+7.228070E+9	+8.774265E-1	+3.368554E-1
+7.228085E+9	+8.776236E-1	+3.371270E-1
+7.228100E+9	+8.777804E-1	+3.373922E-1
+7.228115E+9	+8.769426E-1	+3.376190E-1
+7.228130E+9	+8.766364E-1	+3.373998E-1
+7.228145E+9	+8.766505E-1	+3.375345E-1
+7.228160E+9	+8.757027E-1	+3.372453E-1
+7.228175E+9	+8.765851E-1	+3.370379E-1
+7.228190E+9	+8.759939E-1	+3.365978E-1
+7.228205E+9	+8.757813E-1	+3.366300E-1
+7.228220E+9	+8.763692E-1	+3.370331E-1
+7.228235E+9	+8.775439E-1	+3.363017E-1
+7.228250E+9	+8.786358E-1	+3.362542E-1
+7.228265E+9	+8.774249E-1	+3.354737E-1
+7.228280E+9	+8.764464E-1	+3.365454E-1
+7.228295E+9	+8.771329E-1	+3.359144E-1
+7.228310E+9	+8.789338E-1	+3.363427E-1
+7.228325E+9	+8.787158E-1	+3.371556E-1
+7.228340E+9	+8.777325E-1	+3.365061E-1
+7.228355E+9	+8.777468E-1	+3.354736E-1
+7.228370E+9	+8.779335E-1	+3.352756E-1
+7.228385E+9	+8.783301E-1	+3.344058E-1
+7.228400E+9	+8.784540E-1	+3.347371E-1
+7.228415E+9	+8.784219E-1	+3.350144E-1
+7.228430E+9	+8.783803E-1	+3.350273E-1
+7.228445E+9	+8.784939E-1	+3.349086E-1
+7.228460E+9	+8.789987E-1	+3.339231E-1
+7.228475E+9	+8.787240E-1	+3.339786E-1
+7.228490E+9	+8.786276E-1	+3.339237E-1
+7.228505E+9	+8.782168E-1	+3.340236E-1
+7.228520E+9	+8.784824E-1	+3.344193E-1
+7.228535E+9	+8.782312E-1	+3.337207E-1
+7.228550E+9	+8.773535E-1	+3.333012E-1
+7.228565E+9	+8.774385E-1	+3.337669E-1
+7.228580E+9	+8.782672E-1	+3.338501E-1
+7.228595E+9	+8.784517E-1	+3.327391E-1
+7.228610E+9	+8.786171E-1	+3.320100E-1
+7.228625E+9	+8.790589E-1	+3.325567E-1
+7.228640E+9	+8.777982E-1	+3.326852E-1
+7.228655E+9	+8.778704E-1	+3.331678E-1
+7.228670E+9	+8.784266E-1	+3.323905E-1
+7.228685E+9	+8.800362E-1	+3.322944E-1
+7.228700E+9	+8.810287E-1	+3.322419E-1
+7.228715E+9	+8.799760E-1	+3.322958E-1
+7.228730E+9	+8.800854E-1	+3.319179E-1
+7.228745E+9	+8.797688E-1	+3.311849E-1
+7.228760E+9	+8.793435E-1	+3.308417E-1
+7.228775E+9	+8.792212E-1	+3.322119E-1
+7.228790E+9	+8.801812E-1	+3.317235E-1
+7.228805E+9	+8.801979E-1	+3.307906E-1
+7.228820E+9	+8.805889E-1	+3.308248E-1
+7.228835E+9	+8.796560E-1	+3.312946E-1
+7.228850E+9	+8.798058E-1	+3.299961E-1
+7.228865E+9	+8.796724E-1	+3.304894E-1
+7.228880E+9	+8.802746E-1	+3.302219E-1
+7.228895E+9	+8.809973E-1	+3.297802E-1
+7.228910E+9	+8.801987E-1	+3.299835E-1
+7.228925E+9	+8.801901E-1	+3.278865E-1
+7.228940E+9	+8.805053E-1	+3.285768E-1
+7.228955E+9	+8.809984E-1	+3.294206E-1
+7.228970E+9	+8.817881E-1	+3.289908E-1
+7.228985E+9	+8.811820E-1	+3.276645E-1
+7.229000E+9	+8.797767E-1	+3.286737E-1
+7.229015E+9	+8.806982E-1	+3.292551E-1
+7.229030E+9	+8.813829E-1	+3.306564E-1
+7.229045E+9	+8.812523E-1	+3.291093E-1
+7.229060E+9	+8.810659E-1	+3.285910E-1
+7.229075E+9	+8.815642E-1	+3.279185E-1
+7.229090E+9	+8.817931E-1	+3.278073E-1
+7.229105E+9	+8.812484E-1	+3.260889E-1
+7.229120E+9	+8.803882E-1	+3.257310E-1
+7.229135E+9	+8.801631E-1	+3.261709E-1
+7.229150E+9	+8.805134E-1	+3.272310E-1
+7.229165E+9	+8.805241E-1	+3.267532E-1
+7.229180E+9	+8.820456E-1	+3.259728E-1
+7.229195E+9	+8.824640E-1	+3.266265E-1
+7.229210E+9	+8.820509E-1	+3.265367E-1
+7.229225E+9	+8.799778E-1	+3.263332E-1
+7.229240E+9	+8.804788E-1	+3.262067E-1
+7.229255E+9	+8.804977E-1	+3.258550E-1
+7.229270E+9	+8.821317E-1	+3.250152E-1
+7.229285E+9	+8.817724E-1	+3.255097E-1
+7.229300E+9	+8.814440E-1	+3.247006E-1
+7.229315E+9	+8.825020E-1	+3.250567E-1
+7.229330E+9	+8.827207E-1	+3.253049E-1
+7.229345E+9	+8.824937E-1	+3.262666E-1
+7.229360E+9	+8.816059E-1	+3.258701E-1
+7.229375E+9	+8.809060E-1	+3.250371E-1
+7.229390E+9	+8.820907E-1	+3.244437E-1
+7.229405E+9	+8.820339E-1	+3.235650E-1
+7.229420E+9	+8.821845E-1	+3.235118E-1
+7.229435E+9	+8.818838E-1	+3.232146E-1
+7.229450E+9	+8.812164E-1	+3.224598E-1
+7.229465E+9	+8.819188E-1	+3.221357E-1
+7.229480E+9	+8.836556E-1	+3.245289E-1
+7.229495E+9	+8.836983E-1	+3.244770E-1
+7.229510E+9	+8.835007E-1	+3.233591E-1
+7.229525E+9	+8.813960E-1	+3.233416E-1
+7.229540E+9	+8.814774E-1	+3.229528E-1
+7.229555E+9	+8.821449E-1	+3.217996E-1
+7.229570E+9	+8.824201E-1	+3.230437E-1
+7.229585E+9	+8.826390E-1	+3.228049E-1
+7.229600E+9	+8.814248E-1	+3.213081E-1
+7.229615E+9	+8.816693E-1	+3.207701E-1
+7.229630E+9	+8.829430E-1	+3.224461E-1
+7.229645E+9	+8.818615E-1	+3.225361E-1
+7.229660E+9	+8.817862E-1	+3.220612E-1
+7.229675E+9	+8.836530E-1	+3.209188E-1
+7.229690E+9	+8.841545E-1	+3.209293E-1
+7.229705E+9	+8.846168E-1	+3.213615E-1
+7.229720E+9	+8.844986E-1	+3.206912E-1
+7.229735E+9	+8.838870E-1	+3.211910E-1
+7.229750E+9	+8.828426E-1	+3.206868E-1
+7.229765E+9	+8.831820E-1	+3.198093E-1
+7.229780E+9	+8.833631E-1	+3.196607E-1
+7.229795E+9	+8.829327E-1	+3.198135E-1
+7.229810E+9	+8.831457E-1	+3.201089E-1
+7.229825E+9	+8.826057E-1	+3.196759E-1
+7.229840E+9	+8.823375E-1	+3.197344E-1
+7.229855E+9	+8.820644E-1	+3.186126E-1
+7.229870E+9	+8.821215E-1	+3.180951E-1
+7.229885E+9	+8.823542E-1	+3.182875E-1
+7.229900E+9	+8.829360E-1	+3.196867E-1
+7.229915E+9	+8.842065E-1	+3.193269E-1
+7.229930E+9	+8.846965E-1	+3.195513E-1
+7.229945E+9	+8.839668E-1	+3.192528E-1
+7.229960E+9	+8.837374E-1	+3.190413E-1
+7.229975E+9	+8.833937E-1	+3.189795E-1
+7.229990E+9	+8.834493E-1	+3.174950E-1
+7.230005E+9	+8.836571E-1	+3.168494E-1
+7.230020E+9	+8.834533E-1	+3.178159E-1
+7.230035E+9	+8.848373E-1	+3.183777E-1
+7.230050E+9	+8.856986E-1	+3.171204E-1
+7.230065E+9	+8.862850E-1	+3.177249E-1
+7.230080E+9	+8.852159E-1	+3.177767E-1
+7.230095E+9	+8.844525E-1	+3.164139E-1
+7.230110E+9	+8.849624E-1	+3.159762E-1
+7.230125E+9	+8.853579E-1	+3.164923E-1
+7.230140E+9	+8.857307E-1	+3.173657E-1
+7.230155E+9	+8.854479E-1	+3.174279E-1
+7.230170E+9	+8.840348E-1	+3.155463E-1
+7.230185E+9	+8.836746E-1	+3.163282E-1
+7.230200E+9	+8.850291E-1	+3.174975E-1
+7.230215E+9	+8.839350E-1	+3.167643E-1
+7.230230E+9	+8.833344E-1	+3.170728E-1
+7.230245E+9	+8.845026E-1	+3.163550E-1
+7.230260E+9	+8.853091E-1	+3.169975E-1
+7.230275E+9	+8.844595E-1	+3.157276E-1
+7.230290E+9	+8.841664E-1	+3.163814E-1
+7.230305E+9	+8.846291E-1	+3.160836E-1
+7.230320E+9	+8.851289E-1	+3.162530E-1
+7.230335E+9	+8.855073E-1	+3.143146E-1
+7.230350E+9	+8.862803E-1	+3.158962E-1
+7.230365E+9	+8.861830E-1	+3.144583E-1
+7.230380E+9	+8.841139E-1	+3.139926E-1
+7.230395E+9	+8.840219E-1	+3.139297E-1
+7.230410E+9	+8.852755E-1	+3.136792E-1
+7.230425E+9	+8.862546E-1	+3.133429E-1
+7.230440E+9	+8.852291E-1	+3.134199E-1
+7.230455E+9	+8.843943E-1	+3.146705E-1
+7.230470E+9	+8.853880E-1	+3.141352E-1
+7.230485E+9	+8.863490E-1	+3.133637E-1
+7.230500E+9	+8.875484E-1	+3.124173E-1
+7.230515E+9	+8.865564E-1	+3.120260E-1
+7.230530E+9	+8.856879E-1	+3.119146E-1
+7.230545E+9	+8.850825E-1	+3.129817E-1
+7.230560E+9	+8.849155E-1	+3.123767E-1
+7.230575E+9	+8.853177E-1	+3.115217E-1
+7.230590E+9	+8.858080E-1	+3.123418E-1
+7.230605E+9	+8.868572E-1	+3.125609E-1
+7.230620E+9	+8.873629E-1	+3.122296E-1
+7.230635E+9	+8.873494E-1	+3.129076E-1
+7.230650E+9	+8.865693E-1	+3.132692E-1
+7.230665E+9	+8.868126E-1	+3.122871E-1
+7.230680E+9	+8.870289E-1	+3.111876E-1
+7.230695E+9	+8.864638E-1	+3.100167E-1
+7.230710E+9	+8.868583E-1	+3.102689E-1
+7.230725E+9	+8.869304E-1	+3.108367E-1
+7.230740E+9	+8.865550E-1	+3.102695E-1
+7.230755E+9	+8.864795E-1	+3.090457E-1
+7.230770E+9	+8.856008E-1	+3.087363E-1
+7.230785E+9	+8.860520E-1	+3.091335E-1
+7.230800E+9	+8.873404E-1	+3.101252E-1
+7.230815E+9	+8.870302E-1	+3.088982E-1
+7.230830E+9	+8.873246E-1	+3.084386E-1
+7.230845E+9	+8.866972E-1	+3.078926E-1
+7.230860E+9	+8.858546E-1	+3.079609E-1
+7.230875E+9	+8.865062E-1	+3.101087E-1
+7.230890E+9	+8.867573E-1	+3.091684E-1
+7.230905E+9	+8.879804E-1	+3.071989E-1
+7.230920E+9	+8.885642E-1	+3.068540E-1
+7.230935E+9	+8.884662E-1	+3.093467E-1
+7.230950E+9	+8.869539E-1	+3.071973E-1
+7.230965E+9	+8.876912E-1	+3.068124E-1
+7.230980E+9	+8.882725E-1	+3.073341E-1
+7.230995E+9	+8.875644E-1	+3.075215E-1
+7.231010E+9	+8.870192E-1	+3.091245E-1
+7.231025E+9	+8.865429E-1	+3.076707E-1
+7.231040E+9	+8.870008E-1	+3.073059E-1
+7.231055E+9	+8.874447E-1	+3.078238E-1
+7.231070E+9	+8.869585E-1	+3.067494E-1
+7.231085E+9	+8.875321E-1	+3.062139E-1
+7.231100E+9	+8.892178E-1	+3.064042E-1
+7.231115E+9	+8.887826E-1	+3.058463E-1
+7.231130E+9	+8.895479E-1	+3.058082E-1
+7.231145E+9	+8.903522E-1	+3.057542E-1
+7.231160E+9	+8.901669E-1	+3.070997E-1
+7.231175E+9	+8.888359E-1	+3.072627E-1
+7.231190E+9	+8.888692E-1	+3.062350E-1
+7.231205E+9	+8.876197E-1	+3.057584E-1
+7.231220E+9	+8.883624E-1	+3.055501E-1
+7.231235E+9	+8.886500E-1	+3.051833E-1
+7.231250E+9	+8.887290E-1	+3.056221E-1
+7.231265E+9	+8.891004E-1	+3.062035E-1
+7.231280E+9	+8.895109E-1	+3.059109E-1
+7.231295E+9	+8.895235E-1	+3.046838E-1
+7.231310E+9	+8.887733E-1	+3.034898E-1
+7.231325E+9	+8.882239E-1	+3.040605E-1
+7.231340E+9	+8.878130E-1	+3.041916E-1
+7.231355E+9	+8.885694E-1	+3.046068E-1
+7.231370E+9	+8.889712E-1	+3.037108E-1
+7.231385E+9	+8.886004E-1	+3.027425E-1
+7.231400E+9	+8.878052E-1	+3.025418E-1
+7.231415E+9	+8.898045E-1	+3.031137E-1
+7.231430E+9	+8.907910E-1	+3.037105E-1
+7.231445E+9	+8.898415E-1	+3.037275E-1
+7.231460E+9	+8.899574E-1	+3.026495E-1
+7.231475E+9	+8.898652E-1	+3.020619E-1
+7.231490E+9	+8.896616E-1	+3.021074E-1
+7.231505E+9	+8.891911E-1	+3.036114E-1
+7.231520E+9	+8.889671E-1	+3.028286E-1
+7.231535E+9	+8.897320E-1	+3.015510E-1
+7.231550E+9	+8.904447E-1	+3.012156E-1
+7.231565E+9	+8.910138E-1	+3.010548E-1
+7.231580E+9	+8.915113E-1	+3.014273E-1
+7.231595E+9	+8.903560E-1	+3.029944E-1
+7.231610E+9	+8.899749E-1	+3.024238E-1
+7.231625E+9	+8.902299E-1	+3.020783E-1
+7.231640E+9	+8.894956E-1	+3.021024E-1
+7.231655E+9	+8.894406E-1	+3.013381E-1
+7.231670E+9	+8.898072E-1	+3.008001E-1
+7.231685E+9	+8.911417E-1	+2.992601E-1
+7.231700E+9	+8.902099E-1	+2.989845E-1
+7.231715E+9	+8.898276E-1	+2.985738E-1
+7.231730E+9	+8.893983E-1	+2.993842E-1
+7.231745E+9	+8.901887E-1	+2.990886E-1
+7.231760E+9	+8.899383E-1	+2.994631E-1
+7.231775E+9	+8.894378E-1	+2.999943E-1
+7.231790E+9	+8.895630E-1	+2.994176E-1
+7.231805E+9	+8.896154E-1	+2.985248E-1
+7.231820E+9	+8.895404E-1	+2.985613E-1
+7.231835E+9	+8.905722E-1	+2.980321E-1
+7.231850E+9	+8.915723E-1	+2.993742E-1
+7.231865E+9	+8.910586E-1	+2.981378E-1
+7.231880E+9	+8.906634E-1	+2.974831E-1
+7.231895E+9	+8.900394E-1	+2.988675E-1
+7.231910E+9	+8.899182E-1	+2.990084E-1
+7.231925E+9	+8.917527E-1	+2.994358E-1
+7.231940E+9	+8.916495E-1	+2.979780E-1
+7.231955E+9	+8.901398E-1	+2.963889E-1
+7.231970E+9	+8.900430E-1	+2.982952E-1
+7.231985E+9	+8.907072E-1	+2.982242E-1
+7.232000E+9	+8.912748E-1	+2.970619E-1
+7.232015E+9	+8.907164E-1	+2.965710E-1
+7.232030E+9	+8.899212E-1	+2.957218E-1
+7.232045E+9	+8.911460E-1	+2.957720E-1
+7.232060E+9	+8.912630E-1	+2.958027E-1
+7.232075E+9	+8.915021E-1	+2.960659E-1
+7.232090E+9	+8.918691E-1	+2.966353E-1
+7.232105E+9	+8.918567E-1	+2.972597E-1
+7.232120E+9	+8.910686E-1	+2.968633E-1
+7.232135E+9	+8.911094E-1	+2.963270E-1
+7.232150E+9	+8.924938E-1	+2.951153E-1
+7.232165E+9	+8.926339E-1	+2.946651E-1
+7.232180E+9	+8.914716E-1	+2.947664E-1
+7.232195E+9	+8.920757E-1	+2.949307E-1
+7.232210E+9	+8.925483E-1	+2.946140E-1
+7.232225E+9	+8.918070E-1	+2.955646E-1
+7.232240E+9	+8.920093E-1	+2.957573E-1
+7.232255E+9	+8.924692E-1	+2.953140E-1
+7.232270E+9	+8.916761E-1	+2.942955E-1
+7.232285E+9	+8.921540E-1	+2.939209E-1
+7.232300E+9	+8.934524E-1	+2.947008E-1
+7.232315E+9	+8.920362E-1	+2.940548E-1
+7.232330E+9	+8.911410E-1	+2.942088E-1
+7.232345E+9	+8.921753E-1	+2.950744E-1
+7.232360E+9	+8.919716E-1	+2.942954E-1
+7.232375E+9	+8.925644E-1	+2.939983E-1
+7.232390E+9	+8.920369E-1	+2.929464E-1
+7.232405E+9	+8.919640E-1	+2.902317E-1
+7.232420E+9	+8.911557E-1	+2.906803E-1
+7.232435E+9	+8.922748E-1	+2.930371E-1
+7.232450E+9	+8.922199E-1	+2.924646E-1
+7.232465E+9	+8.929242E-1	+2.918496E-1
+7.232480E+9	+8.933620E-1	+2.918852E-1
+7.232495E+9	+8.933699E-1	+2.922348E-1
+7.232510E+9	+8.923237E-1	+2.906188E-1
+7.232525E+9	+8.922924E-1	+2.908161E-1
+7.232540E+9	+8.931614E-1	+2.912096E-1
+7.232555E+9	+8.939263E-1	+2.915508E-1
+7.232570E+9	+8.944823E-1	+2.912063E-1
+7.232585E+9	+8.933046E-1	+2.913969E-1
+7.232600E+9	+8.919038E-1	+2.921983E-1
+7.232615E+9	+8.936290E-1	+2.913733E-1
+7.232630E+9	+8.938314E-1	+2.910326E-1
+7.232645E+9	+8.944102E-1	+2.910872E-1
+7.232660E+9	+8.938212E-1	+2.909339E-1
+7.232675E+9	+8.936371E-1	+2.896503E-1
+7.232690E+9	+8.941308E-1	+2.889140E-1
+7.232705E+9	+8.947000E-1	+2.886786E-1
+7.232720E+9	+8.941970E-1	+2.891864E-1
+7.232735E+9	+8.935929E-1	+2.889272E-1
+7.232750E+9	+8.926658E-1	+2.890633E-1
+7.232765E+9	+8.924910E-1	+2.888726E-1
+7.232780E+9	+8.926599E-1	+2.887801E-1
+7.232795E+9	+8.938490E-1	+2.882736E-1
+7.232810E+9	+8.940394E-1	+2.885005E-1
+7.232825E+9	+8.953478E-1	+2.871900E-1
+7.232840E+9	+8.943596E-1	+2.880024E-1
+7.232855E+9	+8.939381E-1	+2.884303E-1
+7.232870E+9	+8.935325E-1	+2.882292E-1
+7.232885E+9	+8.941959E-1	+2.877081E-1
+7.232900E+9	+8.948065E-1	+2.868523E-1
+7.232915E+9	+8.942544E-1	+2.868395E-1
+7.232930E+9	+8.936576E-1	+2.878203E-1
+7.232945E+9	+8.943093E-1	+2.873188E-1
+7.232960E+9	+8.952934E-1	+2.866377E-1
+7.232975E+9	+8.943053E-1	+2.866936E-1
+7.232990E+9	+8.940506E-1	+2.867337E-1
+7.233005E+9	+8.953100E-1	+2.864961E-1
+7.233020E+9	+8.955773E-1	+2.862414E-1
+7.233035E+9	+8.951128E-1	+2.856055E-1
+7.233050E+9	+8.942704E-1	+2.854021E-1
+7.233065E+9	+8.945840E-1	+2.856031E-1
+7.233080E+9	+8.940057E-1	+2.866312E-1
+7.233095E+9	+8.937155E-1	+2.862837E-1
+7.233110E+9	+8.939146E-1	+2.846752E-1
+7.233125E+9	+8.953910E-1	+2.848698E-1
+7.233140E+9	+8.955237E-1	+2.853103E-1
+7.233155E+9	+8.944592E-1	+2.856460E-1
+7.233170E+9	+8.942808E-1	+2.854749E-1
+7.233185E+9	+8.942671E-1	+2.850172E-1
+7.233200E+9	+8.955783E-1	+2.830945E-1
+7.233215E+9	+8.962892E-1	+2.841025E-1
+7.233230E+9	+8.961708E-1	+2.847523E-1
+7.233245E+9	+8.959853E-1	+2.841981E-1
+7.233260E+9	+8.957748E-1	+2.836129E-1
+7.233275E+9	+8.953033E-1	+2.834420E-1
+7.233290E+9	+8.949634E-1	+2.834102E-1
+7.233305E+9	+8.949731E-1	+2.838331E-1
+7.233320E+9	+8.952212E-1	+2.837500E-1
+7.233335E+9	+8.948788E-1	+2.832063E-1
+7.233350E+9	+8.959880E-1	+2.807151E-1
+7.233365E+9	+8.965024E-1	+2.824007E-1
+7.233380E+9	+8.971292E-1	+2.832733E-1
+7.233395E+9	+8.973619E-1	+2.826260E-1
+7.233410E+9	+8.960242E-1	+2.818400E-1
+7.233425E+9	+8.953650E-1	+2.819229E-1
+7.233440E+9	+8.958844E-1	+2.822222E-1
+7.233455E+9	+8.963642E-1	+2.819300E-1
+7.233470E+9	+8.959327E-1	+2.810178E-1
+7.233485E+9	+8.953722E-1	+2.802015E-1
+7.233500E+9	+8.962948E-1	+2.806855E-1
+7.233515E+9	+8.970706E-1	+2.799176E-1
+7.233530E+9	+8.971602E-1	+2.794436E-1
+7.233545E+9	+8.967790E-1	+2.800462E-1
+7.233560E+9	+8.965654E-1	+2.803435E-1
+7.233575E+9	+8.970991E-1	+2.801283E-1
+7.233590E+9	+8.975814E-1	+2.794721E-1
+7.233605E+9	+8.968307E-1	+2.794756E-1
+7.233620E+9	+8.973539E-1	+2.795211E-1
+7.233635E+9	+8.965136E-1	+2.799787E-1
+7.233650E+9	+8.971487E-1	+2.808428E-1
+7.233665E+9	+8.983502E-1	+2.795038E-1
+7.233680E+9	+8.973893E-1	+2.781384E-1
+7.233695E+9	+8.959021E-1	+2.781960E-1
+7.233710E+9	+8.958610E-1	+2.781730E-1
+7.233725E+9	+8.962366E-1	+2.786709E-1
+7.233740E+9	+8.977873E-1	+2.785002E-1
+7.233755E+9	+8.977786E-1	+2.791740E-1
+7.233770E+9	+8.961157E-1	+2.787323E-1
+7.233785E+9	+8.949707E-1	+2.773395E-1
+7.233800E+9	+8.956491E-1	+2.784580E-1
+7.233815E+9	+8.964568E-1	+2.782363E-1
+7.233830E+9	+8.968716E-1	+2.772706E-1
+7.233845E+9	+8.966576E-1	+2.781179E-1
+7.233860E+9	+8.968328E-1	+2.780981E-1
+7.233875E+9	+8.988854E-1	+2.763347E-1
+7.233890E+9	+8.981296E-1	+2.757053E-1
+7.233905E+9	+8.963527E-1	+2.766094E-1
+7.233920E+9	+8.973519E-1	+2.776373E-1
+7.233935E+9	+8.976603E-1	+2.763505E-1
+7.233950E+9	+8.968898E-1	+2.751906E-1
+7.233965E+9	+8.975282E-1	+2.760975E-1
+7.233980E+9	+8.983208E-1	+2.763955E-1
+7.233995E+9	+8.983102E-1	+2.755996E-1
+7.234010E+9	+8.983779E-1	+2.756639E-1
+7.234025E+9	+8.980638E-1	+2.756928E-1
+7.234040E+9	+8.978757E-1	+2.747251E-1
+7.234055E+9	+8.977732E-1	+2.742000E-1
+7.234070E+9	+8.970554E-1	+2.740783E-1
+7.234085E+9	+8.961571E-1	+2.737599E-1
+7.234100E+9	+8.959555E-1	+2.736096E-1
+7.234115E+9	+8.966705E-1	+2.734082E-1
+7.234130E+9	+8.982695E-1	+2.750423E-1
+7.234145E+9	+8.975478E-1	+2.738151E-1
+7.234160E+9	+8.979226E-1	+2.732629E-1
+7.234175E+9	+8.991953E-1	+2.730387E-1
+7.234190E+9	+8.989962E-1	+2.732316E-1
+7.234205E+9	+8.980062E-1	+2.732678E-1
+7.234220E+9	+8.994492E-1	+2.723262E-1
+7.234235E+9	+8.994159E-1	+2.717177E-1
+7.234250E+9	+8.991216E-1	+2.730163E-1
+7.234265E+9	+8.980833E-1	+2.725113E-1
+7.234280E+9	+8.977373E-1	+2.732000E-1
+7.234295E+9	+8.979984E-1	+2.741066E-1
+7.234310E+9	+8.992834E-1	+2.733731E-1
+7.234325E+9	+8.999105E-1	+2.722482E-1
+7.234340E+9	+8.996058E-1	+2.724965E-1
+7.234355E+9	+8.991068E-1	+2.736336E-1
+7.234370E+9	+8.983902E-1	+2.730996E-1
+7.234385E+9	+8.988772E-1	+2.719944E-1
+7.234400E+9	+9.010244E-1	+2.726207E-1
+7.234415E+9	+8.999836E-1	+2.719741E-1
+7.234430E+9	+8.997127E-1	+2.716530E-1
+7.234445E+9	+8.994089E-1	+2.708616E-1
+7.234460E+9	+8.991895E-1	+2.705683E-1
+7.234475E+9	+8.998453E-1	+2.696249E-1
+7.234490E+9	+8.985134E-1	+2.709445E-1
+7.234505E+9	+8.977210E-1	+2.709958E-1
+7.234520E+9	+8.981790E-1	+2.704367E-1
+7.234535E+9	+8.987237E-1	+2.699929E-1
+7.234550E+9	+8.991235E-1	+2.703015E-1
+7.234565E+9	+8.993228E-1	+2.699646E-1
+7.234580E+9	+9.011635E-1	+2.695288E-1
+7.234595E+9	+9.014929E-1	+2.695118E-1
+7.234610E+9	+9.010381E-1	+2.698654E-1
+7.234625E+9	+8.997376E-1	+2.707411E-1
+7.234640E+9	+8.993851E-1	+2.701901E-1
+7.234655E+9	+9.004063E-1	+2.691717E-1
+7.234670E+9	+9.002661E-1	+2.691697E-1
+7.234685E+9	+8.996758E-1	+2.683526E-1
+7.234700E+9	+8.995317E-1	+2.694572E-1
+7.234715E+9	+9.005308E-1	+2.690306E-1
+7.234730E+9	+9.013471E-1	+2.692714E-1
+7.234745E+9	+9.017303E-1	+2.696806E-1
+7.234760E+9	+9.011763E-1	+2.684781E-1
+7.234775E+9	+9.001826E-1	+2.660619E-1
+7.234790E+9	+9.020999E-1	+2.666028E-1
+7.234805E+9	+9.019869E-1	+2.676815E-1
+7.234820E+9	+9.004545E-1	+2.669709E-1
+7.234835E+9	+9.000977E-1	+2.665395E-1
+7.234850E+9	+9.000697E-1	+2.660741E-1
+7.234865E+9	+9.005046E-1	+2.671917E-1
+7.234880E+9	+9.009637E-1	+2.668880E-1
+7.234895E+9	+9.012948E-1	+2.659594E-1
+7.234910E+9	+9.010580E-1	+2.652868E-1
+7.234925E+9	+9.006764E-1	+2.647217E-1
+7.234940E+9	+9.017962E-1	+2.647765E-1
+7.234955E+9	+9.020477E-1	+2.644315E-1
+7.234970E+9	+9.007033E-1	+2.652629E-1
+7.234985E+9	+9.012512E-1	+2.647316E-1
+7.235000E+9	+9.019069E-1	+2.646985E-1
+7.235015E+9	+9.020534E-1	+2.650251E-1
+7.235030E+9	+9.005841E-1	+2.655386E-1
+7.235045E+9	+9.000995E-1	+2.654630E-1
+7.235060E+9	+9.002919E-1	+2.634079E-1
+7.235075E+9	+9.012477E-1	+2.656671E-1
+7.235090E+9	+9.012740E-1	+2.653170E-1
+7.235105E+9	+9.016057E-1	+2.623186E-1
+7.235120E+9	+9.027838E-1	+2.627843E-1
+7.235135E+9	+9.029704E-1	+2.634573E-1
+7.235150E+9	+9.022954E-1	+2.640519E-1
+7.235165E+9	+9.019130E-1	+2.636204E-1
+7.235180E+9	+9.006398E-1	+2.637149E-1
+7.235195E+9	+9.010955E-1	+2.633523E-1
+7.235210E+9	+9.023857E-1	+2.626723E-1
+7.235225E+9	+9.025016E-1	+2.629895E-1
+7.235240E+9	+9.017659E-1	+2.624562E-1
+7.235255E+9	+9.012326E-1	+2.631236E-1
+7.235270E+9	+9.021475E-1	+2.631273E-1
+7.235285E+9	+9.020906E-1	+2.618234E-1
+7.235300E+9	+9.010107E-1	+2.627349E-1
+7.235315E+9	+9.010118E-1	+2.623426E-1
+7.235330E+9	+9.014236E-1	+2.615985E-1
+7.235345E+9	+9.024976E-1	+2.615239E-1
+7.235360E+9	+9.029217E-1	+2.620295E-1
+7.235375E+9	+9.028498E-1	+2.628398E-1
+7.235390E+9	+9.028133E-1	+2.623456E-1
+7.235405E+9	+9.009878E-1	+2.604128E-1
+7.235420E+9	+9.027811E-1	+2.610513E-1
+7.235435E+9	+9.033204E-1	+2.609195E-1
+7.235450E+9	+9.020027E-1	+2.608010E-1
+7.235465E+9	+9.024402E-1	+2.604398E-1
+7.235480E+9	+9.032140E-1	+2.595734E-1
+7.235495E+9	+9.034821E-1	+2.592356E-1
+7.235510E+9	+9.026678E-1	+2.589234E-1
+7.235525E+9	+9.008101E-1	+2.596967E-1
+7.235540E+9	+9.007226E-1	+2.606352E-1
+7.235555E+9	+9.021493E-1	+2.610663E-1
+7.235570E+9	+9.016447E-1	+2.612344E-1
+7.235585E+9	+9.018026E-1	+2.604882E-1
+7.235600E+9	+9.035193E-1	+2.582305E-1
+7.235615E+9	+9.029324E-1	+2.579458E-1
+7.235630E+9	+9.021003E-1	+2.572009E-1
+7.235645E+9	+9.027169E-1	+2.565480E-1
+7.235660E+9	+9.031328E-1	+2.560753E-1
+7.235675E+9	+9.040634E-1	+2.571064E-1
+7.235690E+9	+9.030996E-1	+2.579039E-1
+7.235705E+9	+9.026569E-1	+2.578392E-1
+7.235720E+9	+9.025967E-1	+2.576271E-1
+7.235735E+9	+9.027503E-1	+2.579405E-1
+7.235750E+9	+9.028420E-1	+2.575586E-1
+7.235765E+9	+9.032303E-1	+2.566638E-1
+7.235780E+9	+9.034979E-1	+2.556056E-1
+7.235795E+9	+9.036793E-1	+2.560987E-1
+7.235810E+9	+9.040662E-1	+2.571803E-1
+7.235825E+9	+9.036491E-1	+2.579319E-1
+7.235840E+9	+9.028369E-1	+2.569674E-1
+7.235855E+9	+9.019389E-1	+2.569383E-1
+7.235870E+9	+9.030321E-1	+2.563525E-1
+7.235885E+9	+9.038041E-1	+2.563497E-1
+7.235900E+9	+9.042476E-1	+2.557135E-1
+7.235915E+9	+9.040562E-1	+2.555244E-1
+7.235930E+9	+9.034889E-1	+2.562991E-1
+7.235945E+9	+9.040282E-1	+2.549047E-1
+7.235960E+9	+9.049371E-1	+2.540243E-1
+7.235975E+9	+9.052341E-1	+2.541129E-1
+7.235990E+9	+9.043769E-1	+2.539185E-1
+7.236005E+9	+9.040563E-1	+2.541097E-1
+7.236020E+9	+9.043373E-1	+2.547946E-1
+7.236035E+9	+9.056417E-1	+2.540809E-1
+7.236050E+9	+9.057309E-1	+2.541510E-1
+7.236065E+9	+9.048264E-1	+2.540850E-1
+7.236080E+9	+9.039729E-1	+2.533574E-1
+7.236095E+9	+9.035249E-1	+2.523238E-1
+7.236110E+9	+9.033854E-1	+2.528176E-1
+7.236125E+9	+9.029201E-1	+2.540473E-1
+7.236140E+9	+9.031398E-1	+2.530489E-1
+7.236155E+9	+9.038049E-1	+2.520404E-1
+7.236170E+9	+9.030103E-1	+2.521535E-1
+7.236185E+9	+9.034342E-1	+2.524596E-1
+7.236200E+9	+9.041836E-1	+2.530264E-1
+7.236215E+9	+9.043055E-1	+2.526142E-1
+7.236230E+9	+9.046574E-1	+2.520294E-1
+7.236245E+9	+9.055447E-1	+2.517621E-1
+7.236260E+9	+9.051586E-1	+2.513891E-1
+7.236275E+9	+9.039200E-1	+2.514074E-1
+7.236290E+9	+9.041587E-1	+2.507195E-1
+7.236305E+9	+9.043656E-1	+2.513580E-1
+7.236320E+9	+9.048827E-1	+2.511975E-1
+7.236335E+9	+9.045821E-1	+2.507593E-1
+7.236350E+9	+9.039800E-1	+2.505505E-1
+7.236365E+9	+9.046571E-1	+2.509279E-1
+7.236380E+9	+9.048570E-1	+2.491990E-1
+7.236395E+9	+9.040759E-1	+2.488933E-1
+7.236410E+9	+9.045071E-1	+2.498976E-1
+7.236425E+9	+9.055560E-1	+2.503996E-1
+7.236440E+9	+9.057636E-1	+2.511586E-1
+7.236455E+9	+9.053068E-1	+2.489517E-1
+7.236470E+9	+9.045464E-1	+2.488547E-1
+7.236485E+9	+9.051493E-1	+2.488561E-1
+7.236500E+9	+9.056869E-1	+2.497879E-1
+7.236515E+9	+9.053466E-1	+2.490551E-1
+7.236530E+9	+9.044007E-1	+2.477630E-1
+7.236545E+9	+9.044371E-1	+2.485072E-1
+7.236560E+9	+9.036960E-1	+2.489188E-1
+7.236575E+9	+9.072927E-1	+2.483615E-1
+7.236590E+9	+9.066435E-1	+2.475905E-1
+7.236605E+9	+9.064013E-1	+2.475188E-1
+7.236620E+9	+9.066220E-1	+2.481077E-1
+7.236635E+9	+9.064161E-1	+2.485104E-1
+7.236650E+9	+9.051215E-1	+2.478482E-1
+7.236665E+9	+9.055855E-1	+2.475567E-1
+7.236680E+9	+9.056228E-1	+2.466916E-1
+7.236695E+9	+9.056289E-1	+2.464450E-1
+7.236710E+9	+9.066187E-1	+2.466031E-1
+7.236725E+9	+9.064099E-1	+2.466390E-1
+7.236740E+9	+9.066327E-1	+2.459736E-1
+7.236755E+9	+9.056846E-1	+2.453183E-1
+7.236770E+9	+9.060151E-1	+2.457645E-1
+7.236785E+9	+9.063653E-1	+2.458095E-1
+7.236800E+9	+9.060506E-1	+2.455473E-1
+7.236815E+9	+9.069827E-1	+2.453343E-1
+7.236830E+9	+9.077922E-1	+2.448949E-1
+7.236845E+9	+9.071755E-1	+2.437992E-1
+7.236860E+9	+9.056187E-1	+2.449980E-1
+7.236875E+9	+9.064517E-1	+2.460355E-1
+7.236890E+9	+9.068024E-1	+2.457748E-1
+7.236905E+9	+9.068402E-1	+2.457060E-1
+7.236920E+9	+9.066958E-1	+2.445435E-1
+7.236935E+9	+9.067656E-1	+2.440496E-1
+7.236950E+9	+9.075179E-1	+2.441199E-1
+7.236965E+9	+9.080791E-1	+2.437363E-1
+7.236980E+9	+9.082321E-1	+2.436639E-1
+7.236995E+9	+9.070742E-1	+2.431012E-1
+7.237010E+9	+9.062880E-1	+2.437548E-1
+7.237025E+9	+9.063969E-1	+2.430361E-1
+7.237040E+9	+9.064550E-1	+2.420379E-1
+7.237055E+9	+9.065228E-1	+2.421603E-1
+7.237070E+9	+9.072370E-1	+2.424527E-1
+7.237085E+9	+9.073495E-1	+2.426866E-1
+7.237100E+9	+9.073313E-1	+2.436245E-1
+7.237115E+9	+9.075389E-1	+2.426180E-1
+7.237130E+9	+9.079913E-1	+2.423717E-1
+7.237145E+9	+9.076815E-1	+2.423567E-1
+7.237160E+9	+9.081914E-1	+2.417196E-1
+7.237175E+9	+9.074635E-1	+2.408688E-1
+7.237190E+9	+9.071496E-1	+2.413411E-1
+7.237205E+9	+9.081039E-1	+2.415467E-1
+7.237220E+9	+9.091945E-1	+2.406035E-1
+7.237235E+9	+9.090427E-1	+2.418777E-1
+7.237250E+9	+9.073502E-1	+2.429332E-1
+7.237265E+9	+9.074989E-1	+2.424192E-1
+7.237280E+9	+9.078024E-1	+2.404655E-1
+7.237295E+9	+9.076215E-1	+2.401455E-1
+7.237310E+9	+9.078912E-1	+2.405925E-1
+7.237325E+9	+9.070196E-1	+2.402022E-1
+7.237340E+9	+9.072790E-1	+2.395945E-1
+7.237355E+9	+9.080429E-1	+2.391146E-1
+7.237370E+9	+9.086944E-1	+2.403387E-1
+7.237385E+9	+9.080712E-1	+2.407557E-1
+7.237400E+9	+9.083851E-1	+2.387709E-1
+7.237415E+9	+9.083108E-1	+2.386640E-1
+7.237430E+9	+9.079337E-1	+2.391692E-1
+7.237445E+9	+9.086910E-1	+2.392358E-1
+7.237460E+9	+9.092457E-1	+2.389809E-1
+7.237475E+9	+9.095107E-1	+2.379598E-1
+7.237490E+9	+9.099323E-1	+2.368845E-1
+7.237505E+9	+9.083016E-1	+2.375960E-1
+7.237520E+9	+9.079290E-1	+2.380916E-1
+7.237535E+9	+9.083608E-1	+2.383898E-1
+7.237550E+9	+9.079422E-1	+2.378630E-1
+7.237565E+9	+9.086135E-1	+2.381857E-1
+7.237580E+9	+9.084208E-1	+2.382244E-1
+7.237595E+9	+9.072604E-1	+2.380579E-1
+7.237610E+9	+9.072453E-1	+2.379250E-1
+7.237625E+9	+9.087820E-1	+2.370442E-1
+7.237640E+9	+9.086512E-1	+2.374720E-1
+7.237655E+9	+9.080476E-1	+2.377951E-1
+7.237670E+9	+9.079652E-1	+2.370552E-1
+7.237685E+9	+9.084281E-1	+2.356769E-1
+7.237700E+9	+9.101253E-1	+2.355677E-1
+7.237715E+9	+9.092869E-1	+2.358180E-1
+7.237730E+9	+9.086773E-1	+2.362282E-1
+7.237745E+9	+9.090017E-1	+2.353187E-1
+7.237760E+9	+9.101966E-1	+2.352011E-1
+7.237775E+9	+9.094779E-1	+2.346448E-1
+7.237790E+9	+9.085891E-1	+2.343159E-1
+7.237805E+9	+9.079307E-1	+2.346195E-1
+7.237820E+9	+9.085808E-1	+2.337506E-1
+7.237835E+9	+9.096912E-1	+2.337614E-1
+7.237850E+9	+9.099741E-1	+2.348737E-1
+7.237865E+9	+9.102973E-1	+2.345811E-1
+7.237880E+9	+9.084174E-1	+2.341726E-1
+7.237895E+9	+9.084267E-1	+2.326989E-1
+7.237910E+9	+9.092136E-1	+2.327202E-1
+7.237925E+9	+9.095311E-1	+2.331050E-1
+7.237940E+9	+9.095038E-1	+2.333503E-1
+7.237955E+9	+9.096627E-1	+2.340518E-1
+7.237970E+9	+9.098789E-1	+2.336091E-1
+7.237985E+9	+9.092232E-1	+2.325553E-1
+7.238000E+9	+9.093712E-1	+2.320480E-1
+7.238015E+9	+9.095220E-1	+2.317018E-1
+7.238030E+9	+9.111979E-1	+2.331574E-1
+7.238045E+9	+9.102266E-1	+2.331718E-1
+7.238060E+9	+9.095590E-1	+2.318646E-1
+7.238075E+9	+9.089701E-1	+2.324428E-1
+7.238090E+9	+9.093443E-1	+2.323672E-1
+7.238105E+9	+9.101488E-1	+2.322632E-1
+7.238120E+9	+9.114293E-1	+2.326702E-1
+7.238135E+9	+9.114466E-1	+2.322425E-1
+7.238150E+9	+9.105214E-1	+2.311752E-1
+7.238165E+9	+9.098036E-1	+2.300219E-1
+7.238180E+9	+9.091418E-1	+2.299401E-1
+7.238195E+9	+9.093906E-1	+2.305604E-1
+7.238210E+9	+9.103744E-1	+2.323451E-1
+7.238225E+9	+9.101253E-1	+2.303968E-1
+7.238240E+9	+9.094088E-1	+2.299909E-1
+7.238255E+9	+9.091302E-1	+2.303779E-1
+7.238270E+9	+9.095779E-1	+2.302234E-1
+7.238285E+9	+9.100077E-1	+2.295579E-1
+7.238300E+9	+9.115138E-1	+2.301135E-1
+7.238315E+9	+9.107715E-1	+2.292648E-1
+7.238330E+9	+9.099424E-1	+2.286230E-1
+7.238345E+9	+9.106290E-1	+2.288247E-1
+7.238360E+9	+9.114502E-1	+2.295397E-1
+7.238375E+9	+9.105114E-1	+2.294061E-1
+7.238390E+9	+9.113557E-1	+2.285533E-1
+7.238405E+9	+9.105594E-1	+2.277112E-1
+7.238420E+9	+9.111895E-1	+2.269462E-1
+7.238435E+9	+9.096711E-1	+2.286741E-1
+7.238450E+9	+9.109162E-1	+2.277357E-1
+7.238465E+9	+9.106407E-1	+2.277834E-1
+7.238480E+9	+9.103528E-1	+2.273222E-1
+7.238495E+9	+9.108902E-1	+2.262411E-1
+7.238510E+9	+9.120102E-1	+2.259721E-1
+7.238525E+9	+9.127890E-1	+2.284612E-1
+7.238540E+9	+9.118722E-1	+2.270331E-1
+7.238555E+9	+9.111009E-1	+2.266624E-1
+7.238570E+9	+9.119386E-1	+2.260715E-1
+7.238585E+9	+9.117605E-1	+2.264978E-1
+7.238600E+9	+9.109551E-1	+2.269264E-1
+7.238615E+9	+9.108866E-1	+2.268973E-1
+7.238630E+9	+9.112738E-1	+2.268071E-1
+7.238645E+9	+9.114800E-1	+2.261938E-1
+7.238660E+9	+9.111893E-1	+2.253785E-1
+7.238675E+9	+9.117256E-1	+2.254347E-1
+7.238690E+9	+9.114340E-1	+2.257176E-1
+7.238705E+9	+9.107027E-1	+2.261284E-1
+7.238720E+9	+9.112639E-1	+2.237668E-1
+7.238735E+9	+9.115132E-1	+2.238308E-1
+7.238750E+9	+9.115343E-1	+2.248980E-1
+7.238765E+9	+9.108511E-1	+2.242092E-1
+7.238780E+9	+9.116361E-1	+2.245368E-1
+7.238795E+9	+9.118104E-1	+2.238920E-1
+7.238810E+9	+9.114543E-1	+2.240145E-1
+7.238825E+9	+9.120986E-1	+2.241807E-1
+7.238840E+9	+9.114263E-1	+2.247803E-1
+7.238855E+9	+9.128635E-1	+2.248111E-1
+7.238870E+9	+9.136923E-1	+2.237162E-1
+7.238885E+9	+9.128231E-1	+2.234595E-1
+7.238900E+9	+9.114844E-1	+2.240506E-1
+7.238915E+9	+9.108487E-1	+2.231189E-1
+7.238930E+9	+9.107361E-1	+2.227187E-1
+7.238945E+9	+9.112057E-1	+2.220272E-1
+7.238960E+9	+9.120321E-1	+2.241450E-1
+7.238975E+9	+9.128278E-1	+2.233626E-1
+7.238990E+9	+9.130343E-1	+2.230360E-1
+7.239005E+9	+9.122530E-1	+2.224417E-1
+7.239020E+9	+9.116303E-1	+2.218202E-1
+7.239035E+9	+9.116788E-1	+2.211654E-1
+7.239050E+9	+9.121667E-1	+2.213974E-1
+7.239065E+9	+9.119553E-1	+2.211842E-1
+7.239080E+9	+9.126135E-1	+2.215436E-1
+7.239095E+9	+9.126959E-1	+2.212579E-1
+7.239110E+9	+9.126288E-1	+2.208514E-1
+7.239125E+9	+9.123636E-1	+2.202454E-1
+7.239140E+9	+9.127029E-1	+2.200207E-1
+7.239155E+9	+9.132642E-1	+2.193198E-1
+7.239170E+9	+9.125729E-1	+2.200855E-1
+7.239185E+9	+9.135440E-1	+2.204210E-1
+7.239200E+9	+9.152038E-1	+2.208273E-1
+7.239215E+9	+9.135153E-1	+2.207276E-1
+7.239230E+9	+9.121432E-1	+2.193347E-1
+7.239245E+9	+9.122820E-1	+2.197004E-1
+7.239260E+9	+9.126655E-1	+2.196174E-1
+7.239275E+9	+9.140952E-1	+2.193483E-1
+7.239290E+9	+9.133785E-1	+2.184751E-1
+7.239305E+9	+9.128179E-1	+2.179808E-1
+7.239320E+9	+9.128890E-1	+2.184488E-1
+7.239335E+9	+9.135607E-1	+2.181111E-1
+7.239350E+9	+9.142121E-1	+2.188847E-1
+7.239365E+9	+9.139976E-1	+2.182630E-1
+7.239380E+9	+9.146302E-1	+2.180048E-1
+7.239395E+9	+9.136398E-1	+2.185025E-1
+7.239410E+9	+9.124397E-1	+2.186612E-1
+7.239425E+9	+9.123509E-1	+2.180563E-1
+7.239440E+9	+9.131073E-1	+2.178274E-1
+7.239455E+9	+9.137208E-1	+2.179003E-1
+7.239470E+9	+9.141419E-1	+2.187879E-1
+7.239485E+9	+9.128782E-1	+2.184337E-1
+7.239500E+9	+9.124102E-1	+2.165186E-1
+7.239515E+9	+9.123926E-1	+2.165333E-1
+7.239530E+9	+9.131004E-1	+2.173732E-1
+7.239545E+9	+9.135240E-1	+2.172246E-1
+7.239560E+9	+9.128532E-1	+2.172749E-1
+7.239575E+9	+9.124985E-1	+2.165920E-1
+7.239590E+9	+9.132941E-1	+2.162783E-1
+7.239605E+9	+9.146619E-1	+2.145445E-1
+7.239620E+9	+9.151797E-1	+2.146489E-1
+7.239635E+9	+9.139128E-1	+2.153378E-1
+7.239650E+9	+9.133365E-1	+2.145003E-1
+7.239665E+9	+9.143242E-1	+2.149037E-1
+7.239680E+9	+9.147994E-1	+2.153744E-1
+7.239695E+9	+9.152619E-1	+2.156667E-1
+7.239710E+9	+9.151459E-1	+2.159895E-1
+7.239725E+9	+9.147674E-1	+2.135224E-1
+7.239740E+9	+9.148307E-1	+2.138852E-1
+7.239755E+9	+9.140376E-1	+2.142876E-1
+7.239770E+9	+9.137461E-1	+2.140690E-1
+7.239785E+9	+9.140397E-1	+2.132486E-1
+7.239800E+9	+9.130240E-1	+2.132991E-1
+7.239815E+9	+9.130877E-1	+2.133859E-1
+7.239830E+9	+9.144397E-1	+2.140066E-1
+7.239845E+9	+9.156015E-1	+2.146137E-1
+7.239860E+9	+9.161207E-1	+2.133952E-1
+7.239875E+9	+9.146251E-1	+2.114198E-1
+7.239890E+9	+9.145175E-1	+2.125635E-1
+7.239905E+9	+9.138454E-1	+2.130230E-1
+7.239920E+9	+9.142402E-1	+2.132260E-1
+7.239935E+9	+9.141459E-1	+2.127087E-1
+7.239950E+9	+9.147028E-1	+2.117961E-1
+7.239965E+9	+9.149920E-1	+2.113828E-1
+7.239980E+9	+9.156571E-1	+2.111069E-1
+7.239995E+9	+9.146672E-1	+2.110539E-1
+7.240010E+9	+9.146090E-1	+2.106813E-1
+7.240025E+9	+9.145760E-1	+2.101896E-1
+7.240040E+9	+9.148980E-1	+2.093783E-1
+7.240055E+9	+9.151956E-1	+2.092643E-1
+7.240070E+9	+9.147636E-1	+2.091682E-1
+7.240085E+9	+9.140509E-1	+2.105114E-1
+7.240100E+9	+9.151670E-1	+2.107705E-1
+7.240115E+9	+9.152968E-1	+2.108621E-1
+7.240130E+9	+9.154450E-1	+2.108092E-1
+7.240145E+9	+9.158080E-1	+2.110133E-1
+7.240160E+9	+9.151591E-1	+2.108552E-1
+7.240175E+9	+9.155241E-1	+2.097869E-1
+7.240190E+9	+9.147925E-1	+2.098430E-1
+7.240205E+9	+9.145120E-1	+2.097113E-1
+7.240220E+9	+9.137541E-1	+2.101117E-1
+7.240235E+9	+9.141747E-1	+2.100906E-1
+7.240250E+9	+9.164895E-1	+2.093494E-1
+7.240265E+9	+9.159241E-1	+2.084783E-1
+7.240280E+9	+9.160229E-1	+2.080786E-1
+7.240295E+9	+9.161013E-1	+2.079501E-1
+7.240310E+9	+9.158428E-1	+2.088356E-1
+7.240325E+9	+9.148256E-1	+2.077534E-1
+7.240340E+9	+9.148501E-1	+2.070958E-1
+7.240355E+9	+9.149799E-1	+2.057089E-1
+7.240370E+9	+9.155009E-1	+2.056869E-1
+7.240385E+9	+9.168624E-1	+2.072575E-1
+7.240400E+9	+9.162421E-1	+2.072854E-1
+7.240415E+9	+9.164914E-1	+2.071659E-1
+7.240430E+9	+9.163523E-1	+2.070991E-1
+7.240445E+9	+9.165829E-1	+2.066285E-1
+7.240460E+9	+9.152057E-1	+2.069356E-1
+7.240475E+9	+9.147796E-1	+2.065118E-1
+7.240490E+9	+9.152156E-1	+2.065088E-1
+7.240505E+9	+9.157211E-1	+2.066964E-1
+7.240520E+9	+9.154748E-1	+2.067143E-1
+7.240535E+9	+9.155583E-1	+2.064422E-1
+7.240550E+9	+9.163678E-1	+2.061258E-1
+7.240565E+9	+9.168943E-1	+2.047306E-1
+7.240580E+9	+9.165172E-1	+2.043739E-1
+7.240595E+9	+9.167816E-1	+2.046878E-1
+7.240610E+9	+9.153289E-1	+2.061200E-1
+7.240625E+9	+9.171549E-1	+2.049629E-1
+7.240640E+9	+9.168300E-1	+2.043415E-1
+7.240655E+9	+9.157697E-1	+2.034925E-1
+7.240670E+9	+9.161354E-1	+2.034354E-1
+7.240685E+9	+9.172753E-1	+2.044112E-1
+7.240700E+9	+9.167873E-1	+2.051230E-1
+7.240715E+9	+9.165600E-1	+2.037786E-1
+7.240730E+9	+9.167661E-1	+2.034784E-1
+7.240745E+9	+9.162518E-1	+2.044742E-1
+7.240760E+9	+9.159705E-1	+2.035768E-1
+7.240775E+9	+9.157146E-1	+2.032821E-1
+7.240790E+9	+9.174049E-1	+2.033901E-1
+7.240805E+9	+9.175851E-1	+2.034852E-1
+7.240820E+9	+9.166996E-1	+2.040585E-1
+7.240835E+9	+9.166715E-1	+2.037818E-1
+7.240850E+9	+9.165223E-1	+2.039875E-1
+7.240865E+9	+9.159475E-1	+2.029988E-1
+7.240880E+9	+9.162083E-1	+2.015901E-1
+7.240895E+9	+9.175318E-1	+2.003906E-1
+7.240910E+9	+9.172499E-1	+1.995374E-1
+7.240925E+9	+9.155926E-1	+2.020957E-1
+7.240940E+9	+9.164572E-1	+2.014610E-1
+7.240955E+9	+9.166311E-1	+2.013159E-1
+7.240970E+9	+9.180304E-1	+2.011193E-1
+7.240985E+9	+9.174122E-1	+2.002792E-1
+7.241000E+9	+9.150199E-1	+2.008945E-1
+7.241015E+9	+9.148395E-1	+2.005549E-1
+7.241030E+9	+9.167880E-1	+1.999569E-1
+7.241045E+9	+9.170218E-1	+1.988030E-1
+7.241060E+9	+9.174057E-1	+1.985366E-1
+7.241075E+9	+9.175210E-1	+2.002205E-1
+7.241090E+9	+9.165586E-1	+2.005346E-1
+7.241105E+9	+9.158940E-1	+1.995143E-1
+7.241120E+9	+9.153493E-1	+1.985318E-1
+7.241135E+9	+9.152933E-1	+1.982811E-1
+7.241150E+9	+9.165353E-1	+1.995087E-1
+7.241165E+9	+9.165757E-1	+1.988507E-1
+7.241180E+9	+9.171205E-1	+1.978777E-1
+7.241195E+9	+9.181000E-1	+1.989435E-1
+7.241210E+9	+9.186419E-1	+1.985413E-1
+7.241225E+9	+9.185288E-1	+1.973417E-1
+7.241240E+9	+9.186796E-1	+1.976652E-1
+7.241255E+9	+9.183954E-1	+1.978561E-1
+7.241270E+9	+9.181047E-1	+1.977009E-1
+7.241285E+9	+9.181603E-1	+1.975931E-1
+7.241300E+9	+9.179196E-1	+1.973221E-1
+7.241315E+9	+9.171325E-1	+1.979241E-1
+7.241330E+9	+9.166225E-1	+1.979380E-1
+7.241345E+9	+9.172767E-1	+1.967256E-1
+7.241360E+9	+9.174982E-1	+1.947639E-1
+7.241375E+9	+9.181786E-1	+1.951095E-1
+7.241390E+9	+9.194685E-1	+1.952968E-1
+7.241405E+9	+9.191274E-1	+1.962282E-1
+7.241420E+9	+9.189483E-1	+1.955914E-1
+7.241435E+9	+9.174685E-1	+1.956797E-1
+7.241450E+9	+9.173266E-1	+1.952580E-1
+7.241465E+9	+9.175807E-1	+1.951205E-1
+7.241480E+9	+9.174837E-1	+1.956078E-1
+7.241495E+9	+9.172135E-1	+1.945848E-1
+7.241510E+9	+9.180807E-1	+1.938456E-1
+7.241525E+9	+9.178793E-1	+1.944524E-1
+7.241540E+9	+9.189238E-1	+1.941755E-1
+7.241555E+9	+9.198588E-1	+1.944242E-1
+7.241570E+9	+9.192444E-1	+1.941169E-1
+7.241585E+9	+9.175070E-1	+1.936451E-1
+7.241600E+9	+9.188065E-1	+1.929566E-1
+7.241615E+9	+9.183648E-1	+1.926156E-1
+7.241630E+9	+9.181850E-1	+1.945440E-1
+7.241645E+9	+9.186850E-1	+1.939127E-1
+7.241660E+9	+9.188901E-1	+1.937482E-1
+7.241675E+9	+9.188729E-1	+1.922296E-1
+7.241690E+9	+9.195815E-1	+1.929165E-1
+7.241705E+9	+9.194980E-1	+1.937019E-1
+7.241720E+9	+9.187102E-1	+1.936359E-1
+7.241735E+9	+9.176708E-1	+1.924538E-1
+7.241750E+9	+9.186756E-1	+1.911222E-1
+7.241765E+9	+9.197670E-1	+1.912204E-1
+7.241780E+9	+9.197053E-1	+1.925375E-1
+7.241795E+9	+9.181396E-1	+1.927769E-1
+7.241810E+9	+9.171010E-1	+1.920936E-1
+7.241825E+9	+9.166687E-1	+1.914172E-1
+7.241840E+9	+9.172439E-1	+1.907241E-1
+7.241855E+9	+9.179170E-1	+1.901762E-1
+7.241870E+9	+9.188126E-1	+1.898012E-1
+7.241885E+9	+9.193697E-1	+1.920620E-1
+7.241900E+9	+9.182189E-1	+1.914763E-1
+7.241915E+9	+9.185556E-1	+1.910842E-1
+7.241930E+9	+9.189973E-1	+1.919518E-1
+7.241945E+9	+9.188312E-1	+1.914419E-1
+7.241960E+9	+9.189938E-1	+1.903751E-1
+7.241975E+9	+9.197239E-1	+1.906709E-1
+7.241990E+9	+9.202260E-1	+1.899141E-1
+7.242005E+9	+9.193907E-1	+1.906982E-1
+7.242020E+9	+9.191734E-1	+1.903116E-1
+7.242035E+9	+9.188781E-1	+1.897550E-1
+7.242050E+9	+9.189315E-1	+1.890333E-1
+7.242065E+9	+9.185657E-1	+1.888153E-1
+7.242080E+9	+9.189113E-1	+1.881157E-1
+7.242095E+9	+9.182181E-1	+1.881563E-1
+7.242110E+9	+9.178481E-1	+1.882382E-1
+7.242125E+9	+9.195485E-1	+1.892769E-1
+7.242140E+9	+9.196862E-1	+1.894092E-1
+7.242155E+9	+9.196682E-1	+1.882671E-1
+7.242170E+9	+9.199023E-1	+1.875989E-1
+7.242185E+9	+9.201090E-1	+1.869055E-1
+7.242200E+9	+9.200222E-1	+1.862175E-1
+7.242215E+9	+9.186139E-1	+1.866380E-1
+7.242230E+9	+9.182621E-1	+1.874093E-1
+7.242245E+9	+9.187476E-1	+1.868440E-1
+7.242260E+9	+9.194274E-1	+1.864053E-1
+7.242275E+9	+9.204878E-1	+1.857436E-1
+7.242290E+9	+9.201077E-1	+1.857920E-1
+7.242305E+9	+9.196245E-1	+1.861698E-1
+7.242320E+9	+9.193915E-1	+1.864495E-1
+7.242335E+9	+9.192636E-1	+1.866095E-1
+7.242350E+9	+9.195358E-1	+1.865959E-1
+7.242365E+9	+9.196262E-1	+1.862654E-1
+7.242380E+9	+9.196441E-1	+1.860520E-1
+7.242395E+9	+9.198956E-1	+1.858384E-1
+7.242410E+9	+9.214341E-1	+1.839530E-1
+7.242425E+9	+9.210224E-1	+1.842318E-1
+7.242440E+9	+9.203199E-1	+1.845228E-1
+7.242455E+9	+9.198693E-1	+1.845843E-1
+7.242470E+9	+9.193617E-1	+1.840441E-1
+7.242485E+9	+9.197240E-1	+1.838923E-1
+7.242500E+9	+9.208448E-1	+1.839906E-1
+7.242515E+9	+9.212497E-1	+1.843570E-1
+7.242530E+9	+9.214166E-1	+1.839894E-1
+7.242545E+9	+9.208583E-1	+1.836163E-1
+7.242560E+9	+9.201658E-1	+1.837402E-1
+7.242575E+9	+9.202064E-1	+1.840067E-1
+7.242590E+9	+9.198301E-1	+1.837547E-1
+7.242605E+9	+9.196878E-1	+1.832014E-1
+7.242620E+9	+9.198992E-1	+1.822341E-1
+7.242635E+9	+9.199267E-1	+1.823599E-1
+7.242650E+9	+9.210251E-1	+1.836519E-1
+7.242665E+9	+9.215706E-1	+1.836742E-1
+7.242680E+9	+9.203609E-1	+1.826854E-1
+7.242695E+9	+9.202939E-1	+1.823903E-1
+7.242710E+9	+9.204091E-1	+1.821072E-1
+7.242725E+9	+9.203986E-1	+1.815512E-1
+7.242740E+9	+9.196471E-1	+1.805037E-1
+7.242755E+9	+9.191026E-1	+1.814643E-1
+7.242770E+9	+9.198592E-1	+1.805982E-1
+7.242785E+9	+9.206932E-1	+1.807413E-1
+7.242800E+9	+9.211297E-1	+1.794318E-1
+7.242815E+9	+9.208454E-1	+1.801073E-1
+7.242830E+9	+9.208701E-1	+1.800479E-1
+7.242845E+9	+9.210001E-1	+1.800662E-1
+7.242860E+9	+9.210485E-1	+1.794924E-1
+7.242875E+9	+9.216046E-1	+1.786274E-1
+7.242890E+9	+9.214213E-1	+1.780431E-1
+7.242905E+9	+9.205053E-1	+1.804718E-1
+7.242920E+9	+9.213430E-1	+1.801782E-1
+7.242935E+9	+9.213486E-1	+1.790827E-1
+7.242950E+9	+9.208293E-1	+1.798301E-1
+7.242965E+9	+9.210734E-1	+1.793879E-1
+7.242980E+9	+9.214203E-1	+1.788313E-1
+7.242995E+9	+9.214518E-1	+1.780287E-1
+7.243010E+9	+9.212099E-1	+1.784756E-1
+7.243025E+9	+9.205424E-1	+1.788728E-1
+7.243040E+9	+9.212714E-1	+1.785309E-1
+7.243055E+9	+9.209356E-1	+1.777662E-1
+7.243070E+9	+9.215440E-1	+1.780135E-1
+7.243085E+9	+9.217739E-1	+1.775811E-1
+7.243100E+9	+9.219909E-1	+1.767977E-1
+7.243115E+9	+9.221256E-1	+1.760014E-1
+7.243130E+9	+9.228246E-1	+1.763266E-1
+7.243145E+9	+9.229686E-1	+1.759265E-1
+7.243160E+9	+9.225262E-1	+1.777049E-1
+7.243175E+9	+9.213177E-1	+1.775325E-1
+7.243190E+9	+9.208535E-1	+1.772810E-1
+7.243205E+9	+9.221351E-1	+1.781844E-1
+7.243220E+9	+9.225250E-1	+1.761243E-1
+7.243235E+9	+9.232207E-1	+1.760773E-1
+7.243250E+9	+9.234130E-1	+1.760187E-1
+7.243265E+9	+9.227667E-1	+1.756566E-1
+7.243280E+9	+9.222447E-1	+1.746470E-1
+7.243295E+9	+9.221557E-1	+1.752929E-1
+7.243310E+9	+9.215000E-1	+1.759085E-1
+7.243325E+9	+9.215378E-1	+1.764143E-1
+7.243340E+9	+9.227698E-1	+1.763634E-1
+7.243355E+9	+9.224122E-1	+1.742722E-1
+7.243370E+9	+9.217788E-1	+1.741084E-1
+7.243385E+9	+9.205122E-1	+1.753682E-1
+7.243400E+9	+9.206800E-1	+1.740995E-1
+7.243415E+9	+9.213160E-1	+1.739299E-1
+7.243430E+9	+9.209052E-1	+1.745435E-1
+7.243445E+9	+9.206793E-1	+1.734929E-1
+7.243460E+9	+9.218486E-1	+1.735320E-1
+7.243475E+9	+9.224443E-1	+1.730249E-1
+7.243490E+9	+9.221713E-1	+1.728762E-1
+7.243505E+9	+9.223404E-1	+1.734124E-1
+7.243520E+9	+9.225994E-1	+1.738467E-1
+7.243535E+9	+9.223965E-1	+1.739797E-1
+7.243550E+9	+9.214964E-1	+1.723513E-1
+7.243565E+9	+9.217407E-1	+1.727937E-1
+7.243580E+9	+9.227670E-1	+1.728843E-1
+7.243595E+9	+9.226092E-1	+1.720606E-1
+7.243610E+9	+9.225626E-1	+1.717222E-1
+7.243625E+9	+9.227273E-1	+1.722574E-1
+7.243640E+9	+9.234091E-1	+1.710972E-1
+7.243655E+9	+9.224901E-1	+1.701972E-1
+7.243670E+9	+9.211175E-1	+1.714533E-1
+7.243685E+9	+9.215246E-1	+1.718625E-1
+7.243700E+9	+9.215628E-1	+1.718348E-1
+7.243715E+9	+9.219508E-1	+1.716858E-1
+7.243730E+9	+9.226843E-1	+1.696311E-1
+7.243745E+9	+9.231178E-1	+1.700073E-1
+7.243760E+9	+9.235463E-1	+1.702200E-1
+7.243775E+9	+9.229554E-1	+1.707356E-1
+7.243790E+9	+9.228098E-1	+1.702198E-1
+7.243805E+9	+9.221448E-1	+1.707064E-1
+7.243820E+9	+9.219770E-1	+1.697957E-1
+7.243835E+9	+9.226478E-1	+1.703224E-1
+7.243850E+9	+9.229263E-1	+1.693648E-1
+7.243865E+9	+9.227944E-1	+1.691245E-1
+7.243880E+9	+9.226904E-1	+1.711448E-1
+7.243895E+9	+9.224926E-1	+1.707520E-1
+7.243910E+9	+9.231900E-1	+1.689286E-1
+7.243925E+9	+9.237866E-1	+1.691495E-1
+7.243940E+9	+9.236039E-1	+1.681531E-1
+7.243955E+9	+9.242465E-1	+1.680140E-1
+7.243970E+9	+9.245151E-1	+1.675394E-1
+7.243985E+9	+9.234589E-1	+1.683394E-1
+7.244000E+9	+9.224211E-1	+1.692156E-1
+7.244015E+9	+9.229372E-1	+1.684032E-1
+7.244030E+9	+9.229603E-1	+1.680209E-1
+7.244045E+9	+9.234852E-1	+1.677699E-1
+7.244060E+9	+9.235364E-1	+1.671290E-1
+7.244075E+9	+9.233138E-1	+1.670245E-1
+7.244090E+9	+9.230746E-1	+1.664130E-1
+7.244105E+9	+9.233137E-1	+1.666160E-1
+7.244120E+9	+9.244590E-1	+1.666262E-1
+7.244135E+9	+9.233912E-1	+1.664030E-1
+7.244150E+9	+9.220528E-1	+1.652940E-1
+7.244165E+9	+9.233558E-1	+1.651275E-1
+7.244180E+9	+9.236079E-1	+1.659987E-1
+7.244195E+9	+9.236570E-1	+1.660266E-1
+7.244210E+9	+9.239834E-1	+1.660416E-1
+7.244225E+9	+9.233972E-1	+1.652989E-1
+7.244240E+9	+9.235847E-1	+1.645404E-1
+7.244255E+9	+9.239401E-1	+1.644489E-1
+7.244270E+9	+9.242999E-1	+1.641396E-1
+7.244285E+9	+9.246858E-1	+1.652166E-1
+7.244300E+9	+9.246436E-1	+1.637695E-1
+7.244315E+9	+9.241731E-1	+1.636448E-1
+7.244330E+9	+9.237320E-1	+1.626392E-1
+7.244345E+9	+9.246202E-1	+1.626193E-1
+7.244360E+9	+9.253466E-1	+1.633430E-1
+7.244375E+9	+9.251609E-1	+1.640059E-1
+7.244390E+9	+9.249483E-1	+1.635508E-1
+7.244405E+9	+9.237967E-1	+1.639221E-1
+7.244420E+9	+9.247606E-1	+1.632006E-1
+7.244435E+9	+9.251525E-1	+1.622388E-1
+7.244450E+9	+9.242303E-1	+1.619534E-1
+7.244465E+9	+9.242213E-1	+1.618446E-1
+7.244480E+9	+9.244349E-1	+1.622699E-1
+7.244495E+9	+9.241174E-1	+1.616693E-1
+7.244510E+9	+9.244148E-1	+1.613831E-1
+7.244525E+9	+9.244951E-1	+1.621556E-1
+7.244540E+9	+9.247477E-1	+1.615898E-1
+7.244555E+9	+9.242886E-1	+1.620538E-1
+7.244570E+9	+9.238290E-1	+1.625612E-1
+7.244585E+9	+9.238309E-1	+1.619360E-1
+7.244600E+9	+9.238821E-1	+1.613119E-1
+7.244615E+9	+9.246465E-1	+1.605596E-1
+7.244630E+9	+9.248525E-1	+1.603401E-1
+7.244645E+9	+9.248359E-1	+1.607743E-1
+7.244660E+9	+9.242078E-1	+1.610010E-1
+7.244675E+9	+9.245589E-1	+1.604245E-1
+7.244690E+9	+9.245047E-1	+1.610067E-1
+7.244705E+9	+9.248061E-1	+1.613355E-1
+7.244720E+9	+9.248288E-1	+1.611734E-1
+7.244735E+9	+9.255832E-1	+1.606224E-1
+7.244750E+9	+9.249440E-1	+1.605724E-1
+7.244765E+9	+9.246149E-1	+1.595683E-1
+7.244780E+9	+9.247226E-1	+1.587435E-1
+7.244795E+9	+9.253090E-1	+1.585159E-1
+7.244810E+9	+9.254485E-1	+1.601397E-1
+7.244825E+9	+9.239442E-1	+1.600330E-1
+7.244840E+9	+9.236501E-1	+1.585413E-1
+7.244855E+9	+9.237235E-1	+1.580319E-1
+7.244870E+9	+9.234174E-1	+1.583768E-1
+7.244885E+9	+9.237276E-1	+1.585773E-1
+7.244900E+9	+9.235014E-1	+1.581409E-1
+7.244915E+9	+9.246818E-1	+1.576878E-1
+7.244930E+9	+9.243843E-1	+1.574024E-1
+7.244945E+9	+9.239687E-1	+1.570521E-1
+7.244960E+9	+9.247793E-1	+1.572843E-1
+7.244975E+9	+9.252484E-1	+1.574404E-1
+7.244990E+9	+9.251145E-1	+1.567986E-1
+7.245005E+9	+9.252406E-1	+1.559303E-1
+7.245020E+9	+9.247165E-1	+1.561789E-1
+7.245035E+9	+9.252897E-1	+1.573844E-1
+7.245050E+9	+9.260172E-1	+1.557877E-1
+7.245065E+9	+9.255667E-1	+1.545678E-1
+7.245080E+9	+9.250504E-1	+1.539093E-1
+7.245095E+9	+9.251128E-1	+1.532980E-1
+7.245110E+9	+9.245281E-1	+1.560346E-1
+7.245125E+9	+9.251993E-1	+1.550874E-1
+7.245140E+9	+9.256073E-1	+1.551527E-1
+7.245155E+9	+9.253577E-1	+1.546580E-1
+7.245170E+9	+9.244586E-1	+1.550280E-1
+7.245185E+9	+9.253214E-1	+1.552275E-1
+7.245200E+9	+9.268552E-1	+1.550910E-1
+7.245215E+9	+9.258895E-1	+1.550735E-1
+7.245230E+9	+9.255138E-1	+1.549426E-1
+7.245245E+9	+9.253972E-1	+1.544088E-1
+7.245260E+9	+9.252042E-1	+1.549790E-1
+7.245275E+9	+9.252688E-1	+1.533280E-1
+7.245290E+9	+9.247019E-1	+1.529837E-1
+7.245305E+9	+9.248380E-1	+1.533758E-1
+7.245320E+9	+9.251591E-1	+1.537491E-1
+7.245335E+9	+9.256003E-1	+1.538304E-1
+7.245350E+9	+9.261691E-1	+1.530394E-1
+7.245365E+9	+9.252448E-1	+1.538487E-1
+7.245380E+9	+9.248493E-1	+1.540462E-1
+7.245395E+9	+9.251735E-1	+1.535145E-1
+7.245410E+9	+9.250685E-1	+1.526041E-1
+7.245425E+9	+9.245064E-1	+1.523001E-1
+7.245440E+9	+9.266022E-1	+1.520234E-1
+7.245455E+9	+9.272241E-1	+1.529132E-1
+7.245470E+9	+9.255590E-1	+1.520192E-1
+7.245485E+9	+9.251411E-1	+1.516262E-1
+7.245500E+9	+9.263905E-1	+1.522635E-1
+7.245515E+9	+9.263149E-1	+1.518587E-1
+7.245530E+9	+9.258113E-1	+1.512397E-1
+7.245545E+9	+9.253317E-1	+1.503611E-1
+7.245560E+9	+9.257841E-1	+1.503358E-1
+7.245575E+9	+9.259847E-1	+1.498707E-1
+7.245590E+9	+9.258773E-1	+1.498213E-1
+7.245605E+9	+9.258291E-1	+1.497920E-1
+7.245620E+9	+9.263992E-1	+1.495697E-1
+7.245635E+9	+9.260418E-1	+1.496901E-1
+7.245650E+9	+9.258987E-1	+1.502642E-1
+7.245665E+9	+9.256670E-1	+1.498457E-1
+7.245680E+9	+9.248523E-1	+1.486712E-1
+7.245695E+9	+9.245203E-1	+1.487564E-1
+7.245710E+9	+9.250980E-1	+1.490590E-1
+7.245725E+9	+9.256964E-1	+1.490919E-1
+7.245740E+9	+9.256580E-1	+1.486751E-1
+7.245755E+9	+9.258702E-1	+1.485598E-1
+7.245770E+9	+9.257877E-1	+1.479624E-1
+7.245785E+9	+9.266205E-1	+1.479536E-1
+7.245800E+9	+9.270297E-1	+1.478323E-1
+7.245815E+9	+9.265770E-1	+1.471922E-1
+7.245830E+9	+9.264063E-1	+1.479941E-1
+7.245845E+9	+9.264091E-1	+1.476435E-1
+7.245860E+9	+9.269068E-1	+1.484631E-1
+7.245875E+9	+9.264204E-1	+1.473153E-1
+7.245890E+9	+9.269185E-1	+1.471138E-1
+7.245905E+9	+9.265982E-1	+1.470610E-1
+7.245920E+9	+9.260573E-1	+1.471026E-1
+7.245935E+9	+9.271685E-1	+1.472067E-1
+7.245950E+9	+9.273465E-1	+1.459458E-1
+7.245965E+9	+9.267261E-1	+1.458993E-1
+7.245980E+9	+9.261397E-1	+1.458615E-1
+7.245995E+9	+9.264311E-1	+1.456980E-1
+7.246010E+9	+9.268214E-1	+1.450772E-1
+7.246025E+9	+9.274445E-1	+1.450403E-1
+7.246040E+9	+9.274914E-1	+1.445734E-1
+7.246055E+9	+9.275073E-1	+1.446164E-1
+7.246070E+9	+9.276384E-1	+1.452931E-1
+7.246085E+9	+9.260308E-1	+1.446730E-1
+7.246100E+9	+9.263283E-1	+1.437404E-1
+7.246115E+9	+9.268226E-1	+1.429314E-1
+7.246130E+9	+9.274872E-1	+1.428610E-1
+7.246145E+9	+9.268899E-1	+1.436558E-1
+7.246160E+9	+9.273635E-1	+1.438115E-1
+7.246175E+9	+9.276113E-1	+1.441005E-1
+7.246190E+9	+9.273938E-1	+1.439093E-1
+7.246205E+9	+9.274068E-1	+1.432742E-1
+7.246220E+9	+9.269054E-1	+1.425589E-1
+7.246235E+9	+9.266904E-1	+1.423471E-1
+7.246250E+9	+9.264485E-1	+1.435690E-1
+7.246265E+9	+9.264480E-1	+1.432396E-1
+7.246280E+9	+9.259336E-1	+1.423173E-1
+7.246295E+9	+9.260840E-1	+1.426462E-1
+7.246310E+9	+9.266601E-1	+1.423491E-1
+7.246325E+9	+9.274159E-1	+1.425377E-1
+7.246340E+9	+9.271437E-1	+1.415307E-1
+7.246355E+9	+9.269938E-1	+1.410742E-1
+7.246370E+9	+9.276193E-1	+1.424834E-1
+7.246385E+9	+9.279397E-1	+1.422685E-1
+7.246400E+9	+9.272340E-1	+1.416496E-1
+7.246415E+9	+9.273635E-1	+1.404543E-1
+7.246430E+9	+9.277620E-1	+1.398591E-1
+7.246445E+9	+9.283411E-1	+1.401154E-1
+7.246460E+9	+9.280436E-1	+1.399373E-1
+7.246475E+9	+9.260066E-1	+1.396240E-1
+7.246490E+9	+9.270225E-1	+1.391823E-1
+7.246505E+9	+9.278376E-1	+1.395442E-1
+7.246520E+9	+9.277138E-1	+1.390597E-1
+7.246535E+9	+9.273274E-1	+1.398948E-1
+7.246550E+9	+9.269643E-1	+1.398596E-1
+7.246565E+9	+9.269053E-1	+1.395663E-1
+7.246580E+9	+9.269101E-1	+1.398016E-1
+7.246595E+9	+9.270718E-1	+1.399606E-1
+7.246610E+9	+9.279759E-1	+1.392273E-1
+7.246625E+9	+9.286128E-1	+1.382376E-1
+7.246640E+9	+9.289399E-1	+1.384924E-1
+7.246655E+9	+9.287552E-1	+1.383866E-1
+7.246670E+9	+9.288855E-1	+1.385473E-1
+7.246685E+9	+9.281085E-1	+1.385044E-1
+7.246700E+9	+9.276893E-1	+1.385630E-1
+7.246715E+9	+9.270402E-1	+1.386534E-1
+7.246730E+9	+9.279398E-1	+1.381436E-1
+7.246745E+9	+9.278089E-1	+1.381209E-1
+7.246760E+9	+9.279952E-1	+1.375299E-1
+7.246775E+9	+9.281869E-1	+1.370582E-1
+7.246790E+9	+9.283266E-1	+1.366692E-1
+7.246805E+9	+9.290776E-1	+1.370944E-1
+7.246820E+9	+9.280591E-1	+1.369234E-1
+7.246835E+9	+9.280473E-1	+1.366767E-1
+7.246850E+9	+9.282320E-1	+1.367854E-1
+7.246865E+9	+9.281884E-1	+1.367413E-1
+7.246880E+9	+9.272372E-1	+1.365159E-1
+7.246895E+9	+9.274423E-1	+1.364410E-1
+7.246910E+9	+9.275666E-1	+1.359374E-1
+7.246925E+9	+9.283574E-1	+1.355828E-1
+7.246940E+9	+9.286389E-1	+1.354941E-1
+7.246955E+9	+9.290247E-1	+1.353526E-1
+7.246970E+9	+9.291311E-1	+1.345669E-1
+7.246985E+9	+9.284747E-1	+1.335597E-1
+7.247000E+9	+9.279199E-1	+1.336001E-1
+7.247015E+9	+9.285478E-1	+1.343273E-1
+7.247030E+9	+9.290442E-1	+1.345893E-1
+7.247045E+9	+9.284341E-1	+1.344636E-1
+7.247060E+9	+9.283622E-1	+1.341624E-1
+7.247075E+9	+9.279665E-1	+1.331953E-1
+7.247090E+9	+9.282635E-1	+1.326610E-1
+7.247105E+9	+9.283623E-1	+1.320841E-1
+7.247120E+9	+9.285061E-1	+1.315964E-1
+7.247135E+9	+9.289745E-1	+1.332348E-1
+7.247150E+9	+9.287109E-1	+1.324345E-1
+7.247165E+9	+9.290717E-1	+1.331547E-1
+7.247180E+9	+9.291347E-1	+1.332980E-1
+7.247195E+9	+9.295952E-1	+1.337327E-1
+7.247210E+9	+9.296055E-1	+1.335100E-1
+7.247225E+9	+9.289155E-1	+1.323944E-1
+7.247240E+9	+9.294371E-1	+1.319601E-1
+7.247255E+9	+9.303050E-1	+1.310941E-1
+7.247270E+9	+9.296408E-1	+1.306632E-1
+7.247285E+9	+9.291963E-1	+1.310024E-1
+7.247300E+9	+9.297045E-1	+1.315958E-1
+7.247315E+9	+9.283930E-1	+1.313995E-1
+7.247330E+9	+9.285202E-1	+1.306711E-1
+7.247345E+9	+9.300376E-1	+1.292425E-1
+7.247360E+9	+9.298389E-1	+1.294532E-1
+7.247375E+9	+9.291529E-1	+1.298433E-1
+7.247390E+9	+9.294594E-1	+1.305008E-1
+7.247405E+9	+9.282411E-1	+1.309271E-1
+7.247420E+9	+9.281365E-1	+1.311312E-1
+7.247435E+9	+9.281902E-1	+1.302436E-1
+7.247450E+9	+9.287740E-1	+1.299657E-1
+7.247465E+9	+9.289306E-1	+1.303878E-1
+7.247480E+9	+9.291221E-1	+1.312465E-1
+7.247495E+9	+9.295604E-1	+1.298984E-1
+7.247510E+9	+9.290845E-1	+1.292596E-1
+7.247525E+9	+9.288781E-1	+1.295162E-1
+7.247540E+9	+9.293971E-1	+1.296321E-1
+7.247555E+9	+9.295755E-1	+1.295470E-1
+7.247570E+9	+9.298524E-1	+1.284818E-1
+7.247585E+9	+9.295826E-1	+1.276709E-1
+7.247600E+9	+9.289011E-1	+1.292292E-1
+7.247615E+9	+9.293303E-1	+1.279995E-1
+7.247630E+9	+9.291938E-1	+1.275207E-1
+7.247645E+9	+9.291162E-1	+1.271492E-1
+7.247660E+9	+9.289896E-1	+1.277823E-1
+7.247675E+9	+9.303092E-1	+1.255896E-1
+7.247690E+9	+9.306152E-1	+1.263151E-1
+7.247705E+9	+9.304539E-1	+1.272378E-1
+7.247720E+9	+9.304389E-1	+1.273709E-1
+7.247735E+9	+9.292848E-1	+1.263723E-1
+7.247750E+9	+9.290820E-1	+1.257778E-1
+7.247765E+9	+9.290948E-1	+1.257747E-1
+7.247780E+9	+9.286304E-1	+1.265389E-1
+7.247795E+9	+9.295541E-1	+1.257378E-1
+7.247810E+9	+9.296816E-1	+1.254532E-1
+7.247825E+9	+9.298711E-1	+1.253176E-1
+7.247840E+9	+9.298586E-1	+1.245227E-1
+7.247855E+9	+9.311949E-1	+1.248212E-1
+7.247870E+9	+9.301569E-1	+1.240833E-1
+7.247885E+9	+9.297604E-1	+1.242994E-1
+7.247900E+9	+9.291601E-1	+1.242896E-1
+7.247915E+9	+9.291567E-1	+1.246818E-1
+7.247930E+9	+9.289482E-1	+1.245709E-1
+7.247945E+9	+9.282925E-1	+1.243833E-1
+7.247960E+9	+9.286579E-1	+1.238685E-1
+7.247975E+9	+9.303402E-1	+1.233820E-1
+7.247990E+9	+9.302730E-1	+1.228301E-1
+7.248005E+9	+9.296425E-1	+1.225603E-1
+7.248020E+9	+9.298923E-1	+1.226689E-1
+7.248035E+9	+9.296569E-1	+1.230462E-1
+7.248050E+9	+9.295663E-1	+1.229663E-1
+7.248065E+9	+9.298055E-1	+1.238079E-1
+7.248080E+9	+9.301187E-1	+1.235150E-1
+7.248095E+9	+9.294888E-1	+1.229469E-1
+7.248110E+9	+9.300874E-1	+1.219009E-1
+7.248125E+9	+9.305426E-1	+1.209572E-1
+7.248140E+9	+9.297639E-1	+1.205820E-1
+7.248155E+9	+9.295886E-1	+1.222553E-1
+7.248170E+9	+9.304058E-1	+1.228622E-1
+7.248185E+9	+9.307069E-1	+1.221509E-1
+7.248200E+9	+9.301046E-1	+1.215260E-1
+7.248215E+9	+9.306905E-1	+1.220835E-1
+7.248230E+9	+9.310474E-1	+1.221606E-1
+7.248245E+9	+9.308240E-1	+1.216581E-1
+7.248260E+9	+9.303421E-1	+1.200869E-1
+7.248275E+9	+9.297480E-1	+1.210604E-1
+7.248290E+9	+9.296849E-1	+1.209101E-1
+7.248305E+9	+9.296180E-1	+1.205478E-1
+7.248320E+9	+9.298983E-1	+1.201157E-1
+7.248335E+9	+9.303463E-1	+1.191647E-1
+7.248350E+9	+9.294573E-1	+1.197887E-1
+7.248365E+9	+9.299087E-1	+1.196887E-1
+7.248380E+9	+9.291594E-1	+1.198809E-1
+7.248395E+9	+9.294552E-1	+1.197851E-1
+7.248410E+9	+9.300892E-1	+1.202966E-1
+7.248425E+9	+9.309696E-1	+1.200878E-1
+7.248440E+9	+9.304964E-1	+1.190257E-1
+7.248455E+9	+9.303511E-1	+1.180557E-1
+7.248470E+9	+9.294675E-1	+1.176348E-1
+7.248485E+9	+9.294303E-1	+1.178815E-1
+7.248500E+9	+9.299899E-1	+1.174854E-1
+7.248515E+9	+9.304908E-1	+1.168883E-1
+7.248530E+9	+9.298440E-1	+1.180982E-1
+7.248545E+9	+9.303918E-1	+1.175960E-1
+7.248560E+9	+9.298741E-1	+1.175434E-1
+7.248575E+9	+9.302547E-1	+1.177526E-1
+7.248590E+9	+9.306882E-1	+1.179390E-1
+7.248605E+9	+9.308409E-1	+1.169356E-1
+7.248620E+9	+9.313127E-1	+1.170941E-1
+7.248635E+9	+9.310607E-1	+1.169801E-1
+7.248650E+9	+9.309452E-1	+1.164718E-1
+7.248665E+9	+9.306783E-1	+1.167186E-1
+7.248680E+9	+9.302145E-1	+1.166673E-1
+7.248695E+9	+9.307556E-1	+1.162036E-1
+7.248710E+9	+9.315348E-1	+1.160549E-1
+7.248725E+9	+9.314274E-1	+1.156417E-1
+7.248740E+9	+9.309946E-1	+1.156918E-1
+7.248755E+9	+9.299995E-1	+1.149960E-1
+7.248770E+9	+9.295425E-1	+1.150315E-1
+7.248785E+9	+9.301154E-1	+1.152425E-1
+7.248800E+9	+9.309581E-1	+1.151888E-1
+7.248815E+9	+9.309216E-1	+1.146845E-1
+7.248830E+9	+9.313745E-1	+1.145730E-1
+7.248845E+9	+9.316479E-1	+1.140900E-1
+7.248860E+9	+9.304928E-1	+1.141349E-1
+7.248875E+9	+9.301929E-1	+1.145691E-1
+7.248890E+9	+9.300067E-1	+1.148213E-1
+7.248905E+9	+9.306065E-1	+1.141679E-1
+7.248920E+9	+9.310606E-1	+1.141736E-1
+7.248935E+9	+9.315640E-1	+1.135622E-1
+7.248950E+9	+9.318343E-1	+1.129661E-1
+7.248965E+9	+9.318680E-1	+1.131113E-1
+7.248980E+9	+9.316334E-1	+1.132442E-1
+7.248995E+9	+9.310166E-1	+1.130158E-1
+7.249010E+9	+9.315990E-1	+1.127040E-1
+7.249025E+9	+9.325522E-1	+1.126471E-1
+7.249040E+9	+9.319110E-1	+1.123522E-1
+7.249055E+9	+9.313641E-1	+1.121152E-1
+7.249070E+9	+9.318058E-1	+1.122263E-1
+7.249085E+9	+9.313917E-1	+1.114544E-1
+7.249100E+9	+9.310616E-1	+1.107055E-1
+7.249115E+9	+9.312543E-1	+1.106804E-1
+7.249130E+9	+9.312799E-1	+1.108041E-1
+7.249145E+9	+9.307172E-1	+1.112369E-1
+7.249160E+9	+9.301752E-1	+1.113619E-1
+7.249175E+9	+9.309706E-1	+1.104198E-1
+7.249190E+9	+9.312244E-1	+1.099736E-1
+7.249205E+9	+9.308780E-1	+1.106638E-1
+7.249220E+9	+9.305691E-1	+1.107408E-1
+7.249235E+9	+9.310943E-1	+1.104005E-1
+7.249250E+9	+9.314810E-1	+1.103119E-1
+7.249265E+9	+9.315672E-1	+1.099517E-1
+7.249280E+9	+9.320466E-1	+1.097713E-1
+7.249295E+9	+9.325427E-1	+1.086771E-1
+7.249310E+9	+9.323583E-1	+1.088179E-1
+7.249325E+9	+9.311826E-1	+1.091322E-1
+7.249340E+9	+9.320696E-1	+1.078323E-1
+7.249355E+9	+9.311554E-1	+1.072340E-1
+7.249370E+9	+9.309182E-1	+1.082583E-1
+7.249385E+9	+9.312738E-1	+1.085540E-1
+7.249400E+9	+9.313267E-1	+1.085674E-1
+7.249415E+9	+9.312435E-1	+1.080557E-1
+7.249430E+9	+9.311327E-1	+1.075920E-1
+7.249445E+9	+9.315919E-1	+1.077553E-1
+7.249460E+9	+9.315026E-1	+1.076451E-1
+7.249475E+9	+9.313879E-1	+1.075107E-1
+7.249490E+9	+9.311719E-1	+1.069256E-1
+7.249505E+9	+9.318581E-1	+1.066054E-1
+7.249520E+9	+9.324694E-1	+1.071116E-1
+7.249535E+9	+9.325015E-1	+1.071695E-1
+7.249550E+9	+9.309162E-1	+1.070737E-1
+7.249565E+9	+9.305468E-1	+1.064902E-1
+7.249580E+9	+9.306460E-1	+1.055581E-1
+7.249595E+9	+9.310636E-1	+1.052361E-1
+7.249610E+9	+9.316713E-1	+1.055658E-1
+7.249625E+9	+9.319632E-1	+1.042877E-1
+7.249640E+9	+9.311730E-1	+1.045455E-1
+7.249655E+9	+9.321146E-1	+1.053346E-1
+7.249670E+9	+9.323655E-1	+1.048067E-1
+7.249685E+9	+9.316051E-1	+1.047085E-1
+7.249700E+9	+9.301596E-1	+1.051910E-1
+7.249715E+9	+9.314199E-1	+1.044045E-1
+7.249730E+9	+9.331253E-1	+1.041639E-1
+7.249745E+9	+9.328559E-1	+1.040142E-1
+7.249760E+9	+9.329001E-1	+1.040044E-1
+7.249775E+9	+9.323880E-1	+1.049922E-1
+7.249790E+9	+9.324618E-1	+1.041497E-1
+7.249805E+9	+9.325028E-1	+1.028702E-1
+7.249820E+9	+9.323459E-1	+1.025736E-1
+7.249835E+9	+9.319479E-1	+1.027277E-1
+7.249850E+9	+9.321099E-1	+1.021493E-1
+7.249865E+9	+9.316648E-1	+1.032710E-1
+7.249880E+9	+9.315608E-1	+1.032769E-1
+7.249895E+9	+9.317368E-1	+1.027649E-1
+7.249910E+9	+9.318239E-1	+1.024177E-1
+7.249925E+9	+9.313853E-1	+1.026326E-1
+7.249940E+9	+9.320790E-1	+1.030625E-1
+7.249955E+9	+9.331641E-1	+1.022685E-1
+7.249970E+9	+9.327287E-1	+1.018661E-1
+7.249985E+9	+9.318686E-1	+1.020178E-1
+7.250000E+9	+9.322999E-1	+1.021271E-1
+7.250015E+9	+9.321072E-1	+1.019026E-1
+7.250030E+9	+9.317438E-1	+1.014800E-1
+7.250045E+9	+9.322130E-1	+1.009255E-1
+7.250060E+9	+9.328566E-1	+1.010357E-1
+7.250075E+9	+9.329484E-1	+1.008948E-1
+7.250090E+9	+9.327883E-1	+1.003983E-1
+7.250105E+9	+9.326215E-1	+1.000417E-1
+7.250120E+9	+9.332116E-1	+9.974890E-2
+7.250135E+9	+9.325122E-1	+1.002187E-1
+7.250150E+9	+9.324059E-1	+9.983476E-2
+7.250165E+9	+9.322397E-1	+9.898164E-2
+7.250180E+9	+9.323868E-1	+9.873003E-2
+7.250195E+9	+9.331709E-1	+9.924453E-2
+7.250210E+9	+9.327456E-1	+9.981010E-2
+7.250225E+9	+9.324545E-1	+9.880141E-2
+7.250240E+9	+9.327792E-1	+9.905192E-2
+7.250255E+9	+9.338033E-1	+9.820296E-2
+7.250270E+9	+9.330988E-1	+9.775914E-2
+7.250285E+9	+9.327118E-1	+9.847103E-2
+7.250300E+9	+9.326735E-1	+9.904875E-2
+7.250315E+9	+9.324085E-1	+9.804481E-2
+7.250330E+9	+9.325299E-1	+9.753223E-2
+7.250345E+9	+9.337423E-1	+9.728030E-2
+7.250360E+9	+9.337545E-1	+9.641103E-2
+7.250375E+9	+9.326182E-1	+9.594748E-2
+7.250390E+9	+9.317697E-1	+9.622813E-2
+7.250405E+9	+9.324215E-1	+9.690374E-2
+7.250420E+9	+9.320781E-1	+9.663288E-2
+7.250435E+9	+9.318481E-1	+9.678382E-2
+7.250450E+9	+9.324058E-1	+9.704870E-2
+7.250465E+9	+9.328820E-1	+9.690986E-2
+7.250480E+9	+9.327328E-1	+9.672767E-2
+7.250495E+9	+9.329255E-1	+9.705881E-2
+7.250510E+9	+9.331240E-1	+9.560912E-2
+7.250525E+9	+9.326112E-1	+9.563039E-2
+7.250540E+9	+9.324533E-1	+9.558843E-2
+7.250555E+9	+9.328792E-1	+9.503254E-2
+7.250570E+9	+9.333601E-1	+9.488308E-2
+7.250585E+9	+9.333617E-1	+9.498446E-2
+7.250600E+9	+9.332276E-1	+9.487503E-2
+7.250615E+9	+9.334732E-1	+9.500754E-2
+7.250630E+9	+9.323277E-1	+9.525322E-2
+7.250645E+9	+9.321779E-1	+9.471498E-2
+7.250660E+9	+9.328601E-1	+9.324846E-2
+7.250675E+9	+9.324324E-1	+9.295854E-2
+7.250690E+9	+9.328951E-1	+9.307423E-2
+7.250705E+9	+9.333332E-1	+9.413563E-2
+7.250720E+9	+9.331613E-1	+9.331284E-2
+7.250735E+9	+9.333674E-1	+9.333238E-2
+7.250750E+9	+9.332294E-1	+9.358337E-2
+7.250765E+9	+9.330310E-1	+9.328634E-2
+7.250780E+9	+9.326040E-1	+9.324920E-2
+7.250795E+9	+9.325091E-1	+9.318657E-2
+7.250810E+9	+9.333584E-1	+9.280249E-2
+7.250825E+9	+9.329691E-1	+9.231266E-2
+7.250840E+9	+9.329385E-1	+9.196454E-2
+7.250855E+9	+9.330800E-1	+9.152485E-2
+7.250870E+9	+9.334391E-1	+9.199728E-2
+7.250885E+9	+9.333302E-1	+9.170859E-2
+7.250900E+9	+9.333493E-1	+9.163741E-2
+7.250915E+9	+9.329008E-1	+9.103799E-2
+7.250930E+9	+9.328053E-1	+9.095005E-2
+7.250945E+9	+9.324916E-1	+9.067205E-2
+7.250960E+9	+9.321351E-1	+9.056967E-2
+7.250975E+9	+9.319826E-1	+9.088701E-2
+7.250990E+9	+9.319913E-1	+9.009951E-2
+7.251005E+9	+9.330344E-1	+8.940161E-2
+7.251020E+9	+9.329088E-1	+8.962833E-2
+7.251035E+9	+9.328361E-1	+9.080950E-2
+7.251050E+9	+9.324888E-1	+9.019402E-2
+7.251065E+9	+9.329792E-1	+8.966817E-2
+7.251080E+9	+9.335708E-1	+8.935924E-2
+7.251095E+9	+9.340472E-1	+8.958444E-2
+7.251110E+9	+9.331368E-1	+8.940171E-2
+7.251125E+9	+9.325841E-1	+8.902364E-2
+7.251140E+9	+9.329852E-1	+8.855269E-2
+7.251155E+9	+9.345770E-1	+8.849711E-2
+7.251170E+9	+9.344194E-1	+8.889216E-2
+7.251185E+9	+9.343642E-1	+8.816335E-2
+7.251200E+9	+9.323797E-1	+8.720978E-2
+7.251215E+9	+9.333846E-1	+8.702276E-2
+7.251230E+9	+9.334947E-1	+8.909695E-2
+7.251245E+9	+9.334020E-1	+8.791364E-2
+7.251260E+9	+9.331989E-1	+8.777280E-2
+7.251275E+9	+9.334759E-1	+8.783324E-2
+7.251290E+9	+9.335028E-1	+8.700200E-2
+7.251305E+9	+9.337584E-1	+8.623542E-2
+7.251320E+9	+9.335741E-1	+8.625206E-2
+7.251335E+9	+9.329759E-1	+8.659703E-2
+7.251350E+9	+9.324953E-1	+8.676916E-2
+7.251365E+9	+9.330130E-1	+8.592992E-2
+7.251380E+9	+9.330879E-1	+8.573748E-2
+7.251395E+9	+9.325218E-1	+8.532698E-2
+7.251410E+9	+9.331541E-1	+8.657780E-2
+7.251425E+9	+9.336895E-1	+8.531244E-2
+7.251440E+9	+9.337308E-1	+8.535570E-2
+7.251455E+9	+9.331988E-1	+8.540230E-2
+7.251470E+9	+9.327510E-1	+8.538712E-2
+7.251485E+9	+9.333999E-1	+8.547643E-2
+7.251500E+9	+9.337358E-1	+8.562376E-2
+7.251515E+9	+9.337294E-1	+8.466883E-2
+7.251530E+9	+9.336217E-1	+8.399974E-2
+7.251545E+9	+9.333887E-1	+8.377197E-2
+7.251560E+9	+9.332026E-1	+8.460742E-2
+7.251575E+9	+9.332581E-1	+8.428155E-2
+7.251590E+9	+9.327864E-1	+8.376558E-2
+7.251605E+9	+9.342889E-1	+8.424960E-2
+7.251620E+9	+9.341654E-1	+8.425543E-2
+7.251635E+9	+9.334459E-1	+8.295213E-2
+7.251650E+9	+9.331610E-1	+8.277596E-2
+7.251665E+9	+9.338969E-1	+8.323420E-2
+7.251680E+9	+9.339907E-1	+8.328015E-2
+7.251695E+9	+9.343173E-1	+8.294188E-2
+7.251710E+9	+9.341350E-1	+8.260308E-2
+7.251725E+9	+9.337740E-1	+8.186862E-2
+7.251740E+9	+9.331644E-1	+8.261239E-2
+7.251755E+9	+9.330865E-1	+8.265510E-2
+7.251770E+9	+9.335142E-1	+8.179748E-2
+7.251785E+9	+9.339676E-1	+8.147874E-2
+7.251800E+9	+9.342857E-1	+8.112886E-2
+7.251815E+9	+9.339844E-1	+8.087581E-2
+7.251830E+9	+9.334180E-1	+8.192700E-2
+7.251845E+9	+9.340133E-1	+8.186720E-2
+7.251860E+9	+9.344455E-1	+8.133400E-2
+7.251875E+9	+9.340927E-1	+8.078741E-2
+7.251890E+9	+9.340043E-1	+8.024894E-2
+7.251905E+9	+9.338487E-1	+7.992179E-2
+7.251920E+9	+9.338707E-1	+7.952126E-2
+7.251935E+9	+9.336557E-1	+7.919701E-2
+7.251950E+9	+9.334365E-1	+8.044424E-2
+7.251965E+9	+9.336861E-1	+8.020588E-2
+7.251980E+9	+9.342239E-1	+7.970407E-2
+7.251995E+9	+9.344853E-1	+7.935266E-2
+7.252010E+9	+9.340783E-1	+7.908046E-2
+7.252025E+9	+9.335104E-1	+7.921944E-2
+7.252040E+9	+9.341318E-1	+7.891933E-2
+7.252055E+9	+9.347245E-1	+7.901788E-2
+7.252070E+9	+9.345212E-1	+7.831637E-2
+7.252085E+9	+9.341174E-1	+7.838834E-2
+7.252100E+9	+9.340649E-1	+7.896386E-2
+7.252115E+9	+9.335409E-1	+7.844801E-2
+7.252130E+9	+9.338288E-1	+7.800506E-2
+7.252145E+9	+9.347413E-1	+7.738971E-2
+7.252160E+9	+9.337576E-1	+7.699222E-2
+7.252175E+9	+9.332161E-1	+7.761014E-2
+7.252190E+9	+9.334862E-1	+7.658022E-2
+7.252205E+9	+9.339744E-1	+7.656111E-2
+7.252220E+9	+9.342325E-1	+7.598922E-2
+7.252235E+9	+9.347740E-1	+7.592567E-2
+7.252250E+9	+9.355247E-1	+7.768091E-2
+7.252265E+9	+9.351740E-1	+7.756639E-2
+7.252280E+9	+9.349946E-1	+7.717806E-2
+7.252295E+9	+9.345468E-1	+7.644344E-2
+7.252310E+9	+9.343959E-1	+7.601187E-2
+7.252325E+9	+9.338721E-1	+7.536821E-2
+7.252340E+9	+9.343258E-1	+7.584953E-2
+7.252355E+9	+9.343516E-1	+7.539403E-2
+7.252370E+9	+9.341730E-1	+7.480461E-2
+7.252385E+9	+9.341494E-1	+7.450261E-2
+7.252400E+9	+9.339709E-1	+7.443479E-2
+7.252415E+9	+9.346859E-1	+7.404277E-2
+7.252430E+9	+9.348098E-1	+7.406326E-2
+7.252445E+9	+9.346630E-1	+7.390805E-2
+7.252460E+9	+9.341606E-1	+7.413614E-2
+7.252475E+9	+9.340229E-1	+7.448311E-2
+7.252490E+9	+9.336211E-1	+7.420792E-2
+7.252505E+9	+9.347235E-1	+7.415168E-2
+7.252520E+9	+9.348753E-1	+7.404803E-2
+7.252535E+9	+9.348842E-1	+7.431831E-2
+7.252550E+9	+9.349269E-1	+7.400836E-2
+7.252565E+9	+9.352782E-1	+7.384260E-2
+7.252580E+9	+9.348102E-1	+7.284144E-2
+7.252595E+9	+9.339193E-1	+7.249051E-2
+7.252610E+9	+9.337471E-1	+7.241932E-2
+7.252625E+9	+9.342306E-1	+7.230281E-2
+7.252640E+9	+9.346419E-1	+7.283553E-2
+7.252655E+9	+9.351796E-1	+7.245455E-2
+7.252670E+9	+9.354175E-1	+7.175605E-2
+7.252685E+9	+9.351028E-1	+7.095880E-2
+7.252700E+9	+9.349491E-1	+7.210821E-2
+7.252715E+9	+9.348881E-1	+7.178321E-2
+7.252730E+9	+9.341990E-1	+7.181779E-2
+7.252745E+9	+9.342099E-1	+7.151846E-2
+7.252760E+9	+9.344904E-1	+7.054572E-2
+7.252775E+9	+9.347116E-1	+7.115622E-2
+7.252790E+9	+9.348082E-1	+7.045632E-2
+7.252805E+9	+9.347385E-1	+7.081939E-2
+7.252820E+9	+9.349674E-1	+7.051094E-2
+7.252835E+9	+9.347772E-1	+6.999049E-2
+7.252850E+9	+9.342968E-1	+7.015466E-2
+7.252865E+9	+9.345159E-1	+7.014149E-2
+7.252880E+9	+9.354300E-1	+6.901440E-2
+7.252895E+9	+9.358712E-1	+6.879409E-2
+7.252910E+9	+9.350386E-1	+6.951507E-2
+7.252925E+9	+9.345632E-1	+6.869733E-2
+7.252940E+9	+9.351478E-1	+6.839756E-2
+7.252955E+9	+9.351699E-1	+6.806217E-2
+7.252970E+9	+9.346042E-1	+6.831571E-2
+7.252985E+9	+9.347295E-1	+6.764837E-2
+7.253000E+9	+9.358408E-1	+6.743341E-2
+7.253015E+9	+9.347797E-1	+6.775756E-2
+7.253030E+9	+9.350469E-1	+6.806267E-2
+7.253045E+9	+9.354832E-1	+6.747742E-2
+7.253060E+9	+9.351497E-1	+6.712063E-2
+7.253075E+9	+9.351124E-1	+6.680502E-2
+7.253090E+9	+9.347599E-1	+6.645005E-2
+7.253105E+9	+9.340859E-1	+6.620992E-2
+7.253120E+9	+9.335085E-1	+6.673460E-2
+7.253135E+9	+9.340613E-1	+6.698848E-2
+7.253150E+9	+9.345877E-1	+6.640235E-2
+7.253165E+9	+9.341615E-1	+6.676574E-2
+7.253180E+9	+9.350080E-1	+6.694037E-2
+7.253195E+9	+9.353771E-1	+6.691261E-2
+7.253210E+9	+9.351788E-1	+6.556004E-2
+7.253225E+9	+9.359607E-1	+6.525903E-2
+7.253240E+9	+9.357706E-1	+6.503152E-2
+7.253255E+9	+9.354978E-1	+6.486825E-2
+7.253270E+9	+9.347136E-1	+6.611494E-2
+7.253285E+9	+9.349094E-1	+6.620191E-2
+7.253300E+9	+9.356753E-1	+6.546104E-2
+7.253315E+9	+9.350764E-1	+6.469221E-2
+7.253330E+9	+9.348056E-1	+6.477501E-2
+7.253345E+9	+9.347045E-1	+6.518913E-2
+7.253360E+9	+9.352709E-1	+6.418581E-2
+7.253375E+9	+9.353509E-1	+6.264927E-2
+7.253390E+9	+9.353336E-1	+6.294804E-2
+7.253405E+9	+9.353434E-1	+6.332778E-2
+7.253420E+9	+9.355548E-1	+6.334168E-2
+7.253435E+9	+9.351868E-1	+6.310373E-2
+7.253450E+9	+9.350740E-1	+6.285810E-2
+7.253465E+9	+9.348204E-1	+6.275268E-2
+7.253480E+9	+9.339589E-1	+6.298549E-2
+7.253495E+9	+9.342797E-1	+6.253355E-2
+7.253510E+9	+9.354724E-1	+6.282923E-2
+7.253525E+9	+9.353363E-1	+6.178519E-2
+7.253540E+9	+9.353884E-1	+6.226968E-2
+7.253555E+9	+9.347211E-1	+6.252630E-2
+7.253570E+9	+9.341549E-1	+6.239022E-2
+7.253585E+9	+9.349158E-1	+6.234836E-2
+7.253600E+9	+9.355718E-1	+6.169942E-2
+7.253615E+9	+9.356485E-1	+6.131110E-2
+7.253630E+9	+9.360168E-1	+6.108756E-2
+7.253645E+9	+9.360406E-1	+6.175125E-2
+7.253660E+9	+9.352554E-1	+6.141910E-2
+7.253675E+9	+9.344427E-1	+6.055376E-2
+7.253690E+9	+9.347426E-1	+6.039905E-2
+7.253705E+9	+9.344945E-1	+6.011140E-2
+7.253720E+9	+9.346259E-1	+5.930513E-2
+7.253735E+9	+9.353143E-1	+5.938699E-2
+7.253750E+9	+9.351328E-1	+6.017979E-2
+7.253765E+9	+9.351033E-1	+5.984383E-2
+7.253780E+9	+9.351814E-1	+5.949068E-2
+7.253795E+9	+9.352469E-1	+5.869487E-2
+7.253810E+9	+9.356937E-1	+5.890005E-2
+7.253825E+9	+9.359259E-1	+6.027816E-2
+7.253840E+9	+9.356516E-1	+5.949465E-2
+7.253855E+9	+9.362894E-1	+5.952488E-2
+7.253870E+9	+9.363545E-1	+5.927762E-2
+7.253885E+9	+9.362215E-1	+5.871222E-2
+7.253900E+9	+9.358904E-1	+5.895103E-2
+7.253915E+9	+9.358393E-1	+5.844879E-2
+7.253930E+9	+9.357447E-1	+5.764773E-2
+7.253945E+9	+9.355744E-1	+5.703993E-2
+7.253960E+9	+9.355109E-1	+5.670195E-2
+7.253975E+9	+9.359718E-1	+5.737885E-2
+7.253990E+9	+9.360019E-1	+5.746260E-2
+7.254005E+9	+9.357061E-1	+5.769819E-2
+7.254020E+9	+9.352081E-1	+5.774138E-2
+7.254035E+9	+9.350845E-1	+5.739369E-2
+7.254050E+9	+9.356975E-1	+5.668095E-2
+7.254065E+9	+9.357049E-1	+5.638443E-2
+7.254080E+9	+9.356057E-1	+5.606283E-2
+7.254095E+9	+9.356708E-1	+5.585006E-2
+7.254110E+9	+9.354608E-1	+5.580179E-2
+7.254125E+9	+9.348435E-1	+5.572898E-2
+7.254140E+9	+9.353299E-1	+5.583366E-2
+7.254155E+9	+9.355365E-1	+5.551074E-2
+7.254170E+9	+9.358071E-1	+5.467302E-2
+7.254185E+9	+9.362569E-1	+5.450349E-2
+7.254200E+9	+9.363687E-1	+5.473500E-2
+7.254215E+9	+9.354379E-1	+5.436477E-2
+7.254230E+9	+9.352451E-1	+5.427867E-2
+7.254245E+9	+9.354546E-1	+5.504975E-2
+7.254260E+9	+9.356948E-1	+5.485601E-2
+7.254275E+9	+9.345217E-1	+5.340998E-2
+7.254290E+9	+9.353020E-1	+5.383787E-2
+7.254305E+9	+9.354550E-1	+5.408310E-2
+7.254320E+9	+9.356099E-1	+5.442492E-2
+7.254335E+9	+9.358161E-1	+5.366760E-2
+7.254350E+9	+9.355812E-1	+5.312248E-2
+7.254365E+9	+9.359792E-1	+5.290329E-2
+7.254380E+9	+9.357409E-1	+5.276703E-2
+7.254395E+9	+9.353147E-1	+5.282784E-2
+7.254410E+9	+9.353592E-1	+5.288402E-2
+7.254425E+9	+9.358491E-1	+5.216827E-2
+7.254440E+9	+9.356386E-1	+5.206183E-2
+7.254455E+9	+9.356166E-1	+5.175755E-2
+7.254470E+9	+9.355247E-1	+5.173873E-2
+7.254485E+9	+9.359270E-1	+5.183079E-2
+7.254500E+9	+9.360099E-1	+5.100384E-2
+7.254515E+9	+9.356409E-1	+5.081081E-2
+7.254530E+9	+9.357910E-1	+5.140878E-2
+7.254545E+9	+9.362069E-1	+5.074668E-2
+7.254560E+9	+9.361426E-1	+5.059511E-2
+7.254575E+9	+9.359870E-1	+5.103494E-2
+7.254590E+9	+9.361652E-1	+5.080751E-2
+7.254605E+9	+9.362281E-1	+5.082183E-2
+7.254620E+9	+9.355352E-1	+5.054488E-2
+7.254635E+9	+9.355912E-1	+5.049940E-2
+7.254650E+9	+9.361441E-1	+5.039619E-2
+7.254665E+9	+9.364971E-1	+4.957952E-2
+7.254680E+9	+9.363397E-1	+4.855257E-2
+7.254695E+9	+9.363365E-1	+4.822987E-2
+7.254710E+9	+9.357415E-1	+4.829594E-2
+7.254725E+9	+9.357302E-1	+4.872620E-2
+7.254740E+9	+9.357096E-1	+4.858804E-2
+7.254755E+9	+9.356134E-1	+4.838692E-2
+7.254770E+9	+9.355481E-1	+4.818847E-2
+7.254785E+9	+9.348675E-1	+4.823492E-2
+7.254800E+9	+9.357582E-1	+4.840700E-2
+7.254815E+9	+9.361322E-1	+4.798761E-2
+7.254830E+9	+9.356004E-1	+4.679452E-2
+7.254845E+9	+9.346434E-1	+4.703545E-2
+7.254860E+9	+9.353807E-1	+4.732528E-2
+7.254875E+9	+9.367627E-1	+4.735417E-2
+7.254890E+9	+9.367004E-1	+4.721283E-2
+7.254905E+9	+9.360471E-1	+4.663441E-2
+7.254920E+9	+9.360698E-1	+4.602747E-2
+7.254935E+9	+9.360244E-1	+4.635420E-2
+7.254950E+9	+9.356087E-1	+4.588076E-2
+7.254965E+9	+9.357257E-1	+4.619469E-2
+7.254980E+9	+9.360148E-1	+4.630465E-2
+7.254995E+9	+9.362552E-1	+4.607608E-2
+7.255010E+9	+9.364798E-1	+4.544570E-2
+7.255025E+9	+9.358060E-1	+4.551940E-2
+7.255040E+9	+9.354934E-1	+4.504918E-2
+7.255055E+9	+9.354378E-1	+4.488508E-2
+7.255070E+9	+9.355633E-1	+4.519278E-2
+7.255085E+9	+9.356121E-1	+4.504176E-2
+7.255100E+9	+9.355431E-1	+4.461182E-2
+7.255115E+9	+9.358436E-1	+4.410513E-2
+7.255130E+9	+9.366963E-1	+4.380625E-2
+7.255145E+9	+9.372124E-1	+4.428620E-2
+7.255160E+9	+9.364630E-1	+4.435216E-2
+7.255175E+9	+9.350661E-1	+4.350133E-2
+7.255190E+9	+9.367034E-1	+4.341376E-2
+7.255205E+9	+9.372724E-1	+4.321994E-2
+7.255220E+9	+9.371178E-1	+4.344822E-2
+7.255235E+9	+9.363701E-1	+4.363727E-2
+7.255250E+9	+9.359882E-1	+4.396438E-2
+7.255265E+9	+9.357027E-1	+4.368223E-2
+7.255280E+9	+9.355299E-1	+4.270028E-2
+7.255295E+9	+9.359122E-1	+4.266597E-2
+7.255310E+9	+9.357304E-1	+4.242228E-2
+7.255325E+9	+9.356410E-1	+4.292095E-2
+7.255340E+9	+9.357904E-1	+4.294807E-2
+7.255355E+9	+9.363249E-1	+4.152786E-2
+7.255370E+9	+9.360333E-1	+4.110918E-2
+7.255385E+9	+9.355395E-1	+4.109692E-2
+7.255400E+9	+9.361324E-1	+4.155639E-2
+7.255415E+9	+9.359712E-1	+4.077262E-2
+7.255430E+9	+9.361993E-1	+4.015887E-2
+7.255445E+9	+9.364877E-1	+4.060932E-2
+7.255460E+9	+9.365831E-1	+4.011129E-2
+7.255475E+9	+9.359498E-1	+4.113082E-2
+7.255490E+9	+9.358878E-1	+4.040673E-2
+7.255505E+9	+9.362687E-1	+3.963201E-2
+7.255520E+9	+9.368498E-1	+3.968036E-2
+7.255535E+9	+9.372260E-1	+3.982727E-2
+7.255550E+9	+9.366216E-1	+4.030633E-2
+7.255565E+9	+9.368866E-1	+4.018204E-2
+7.255580E+9	+9.367888E-1	+3.959115E-2
+7.255595E+9	+9.360951E-1	+3.953204E-2
+7.255610E+9	+9.356185E-1	+3.897111E-2
+7.255625E+9	+9.357639E-1	+3.854741E-2
+7.255640E+9	+9.363622E-1	+3.803482E-2
+7.255655E+9	+9.366694E-1	+3.765408E-2
+7.255670E+9	+9.368502E-1	+3.735696E-2
+7.255685E+9	+9.366601E-1	+3.721173E-2
+7.255700E+9	+9.363434E-1	+3.709426E-2
+7.255715E+9	+9.368450E-1	+3.764395E-2
+7.255730E+9	+9.362232E-1	+3.791622E-2
+7.255745E+9	+9.358616E-1	+3.688716E-2
+7.255760E+9	+9.363215E-1	+3.659827E-2
+7.255775E+9	+9.368905E-1	+3.696630E-2
+7.255790E+9	+9.361788E-1	+3.673108E-2
+7.255805E+9	+9.357849E-1	+3.631552E-2
+7.255820E+9	+9.353949E-1	+3.604542E-2
+7.255835E+9	+9.354843E-1	+3.614058E-2
+7.255850E+9	+9.360068E-1	+3.684716E-2
+7.255865E+9	+9.352515E-1	+3.631393E-2
+7.255880E+9	+9.352336E-1	+3.599718E-2
+7.255895E+9	+9.353213E-1	+3.591249E-2
+7.255910E+9	+9.365694E-1	+3.525017E-2
+7.255925E+9	+9.358245E-1	+3.461736E-2
+7.255940E+9	+9.362714E-1	+3.502370E-2
+7.255955E+9	+9.363248E-1	+3.536857E-2
+7.255970E+9	+9.359250E-1	+3.500602E-2
+7.255985E+9	+9.360922E-1	+3.452566E-2
+7.256000E+9	+9.364453E-1	+3.483697E-2
+7.256015E+9	+9.361934E-1	+3.464269E-2
+7.256030E+9	+9.360609E-1	+3.367059E-2
+7.256045E+9	+9.365174E-1	+3.368289E-2
+7.256060E+9	+9.367247E-1	+3.391435E-2
+7.256075E+9	+9.367301E-1	+3.381389E-2
+7.256090E+9	+9.365566E-1	+3.375743E-2
+7.256105E+9	+9.364424E-1	+3.343010E-2
+7.256120E+9	+9.363477E-1	+3.354678E-2
+7.256135E+9	+9.362186E-1	+3.311340E-2
+7.256150E+9	+9.363718E-1	+3.297864E-2
+7.256165E+9	+9.366182E-1	+3.311731E-2
+7.256180E+9	+9.368419E-1	+3.287074E-2
+7.256195E+9	+9.367800E-1	+3.267554E-2
+7.256210E+9	+9.364045E-1	+3.238573E-2
+7.256225E+9	+9.363153E-1	+3.196804E-2
+7.256240E+9	+9.360090E-1	+3.164823E-2
+7.256255E+9	+9.360014E-1	+3.100364E-2
+7.256270E+9	+9.365054E-1	+3.038899E-2
+7.256285E+9	+9.370464E-1	+3.184853E-2
+7.256300E+9	+9.366155E-1	+3.130543E-2
+7.256315E+9	+9.365411E-1	+3.119238E-2
+7.256330E+9	+9.360148E-1	+3.051629E-2
+7.256345E+9	+9.358260E-1	+3.022313E-2
+7.256360E+9	+9.357754E-1	+3.012213E-2
+7.256375E+9	+9.369066E-1	+3.034442E-2
+7.256390E+9	+9.364273E-1	+3.028290E-2
+7.256405E+9	+9.365725E-1	+3.079444E-2
+7.256420E+9	+9.367150E-1	+3.019325E-2
+7.256435E+9	+9.366655E-1	+3.018619E-2
+7.256450E+9	+9.371487E-1	+3.023574E-2
+7.256465E+9	+9.361996E-1	+2.924968E-2
+7.256480E+9	+9.359058E-1	+2.893983E-2
+7.256495E+9	+9.362764E-1	+2.969747E-2
+7.256510E+9	+9.365777E-1	+2.980841E-2
+7.256525E+9	+9.374452E-1	+2.876978E-2
+7.256540E+9	+9.371047E-1	+2.799242E-2
+7.256555E+9	+9.367309E-1	+2.798669E-2
+7.256570E+9	+9.372441E-1	+2.749521E-2
+7.256585E+9	+9.367852E-1	+2.822512E-2
+7.256600E+9	+9.364659E-1	+2.808127E-2
+7.256615E+9	+9.360662E-1	+2.799875E-2
+7.256630E+9	+9.360014E-1	+2.773184E-2
+7.256645E+9	+9.362393E-1	+2.769059E-2
+7.256660E+9	+9.362903E-1	+2.729614E-2
+7.256675E+9	+9.368574E-1	+2.624437E-2
+7.256690E+9	+9.369410E-1	+2.650534E-2
+7.256705E+9	+9.367829E-1	+2.675594E-2
+7.256720E+9	+9.368061E-1	+2.709020E-2
+7.256735E+9	+9.364894E-1	+2.698581E-2
+7.256750E+9	+9.363390E-1	+2.598112E-2
+7.256765E+9	+9.362014E-1	+2.558226E-2
+7.256780E+9	+9.364432E-1	+2.544599E-2
+7.256795E+9	+9.367342E-1	+2.592607E-2
+7.256810E+9	+9.363242E-1	+2.601632E-2
+7.256825E+9	+9.361966E-1	+2.548015E-2
+7.256840E+9	+9.358279E-1	+2.507359E-2
+7.256855E+9	+9.358511E-1	+2.484701E-2
+7.256870E+9	+9.367284E-1	+2.472356E-2
+7.256885E+9	+9.366472E-1	+2.468313E-2
+7.256900E+9	+9.364780E-1	+2.479714E-2
+7.256915E+9	+9.361658E-1	+2.458111E-2
+7.256930E+9	+9.365083E-1	+2.359611E-2
+7.256945E+9	+9.367607E-1	+2.349324E-2
+7.256960E+9	+9.366313E-1	+2.348995E-2
+7.256975E+9	+9.366714E-1	+2.376510E-2
+7.256990E+9	+9.365495E-1	+2.330538E-2
+7.257005E+9	+9.369974E-1	+2.336703E-2
+7.257020E+9	+9.374488E-1	+2.326504E-2
+7.257035E+9	+9.369559E-1	+2.313331E-2
+7.257050E+9	+9.365642E-1	+2.251287E-2
+7.257065E+9	+9.366234E-1	+2.243741E-2
+7.257080E+9	+9.359478E-1	+2.221601E-2
+7.257095E+9	+9.353434E-1	+2.190880E-2
+7.257110E+9	+9.353776E-1	+2.264508E-2
+7.257125E+9	+9.364376E-1	+2.237108E-2
+7.257140E+9	+9.367003E-1	+2.213367E-2
+7.257155E+9	+9.366629E-1	+2.180805E-2
+7.257170E+9	+9.367079E-1	+2.156190E-2
+7.257185E+9	+9.363549E-1	+2.047356E-2
+7.257200E+9	+9.363205E-1	+2.141975E-2
+7.257215E+9	+9.363922E-1	+2.157433E-2
+7.257230E+9	+9.365510E-1	+2.116638E-2
+7.257245E+9	+9.364281E-1	+2.107517E-2
+7.257260E+9	+9.362362E-1	+1.980360E-2
+7.257275E+9	+9.362320E-1	+2.029332E-2
+7.257290E+9	+9.367429E-1	+2.018277E-2
+7.257305E+9	+9.366302E-1	+2.006413E-2
+7.257320E+9	+9.358664E-1	+1.999309E-2
+7.257335E+9	+9.360135E-1	+1.985706E-2
+7.257350E+9	+9.362535E-1	+1.941790E-2
+7.257365E+9	+9.362634E-1	+1.918257E-2
+7.257380E+9	+9.363529E-1	+1.900012E-2
+7.257395E+9	+9.371034E-1	+1.917502E-2
+7.257410E+9	+9.372061E-1	+1.912016E-2
+7.257425E+9	+9.364814E-1	+1.829113E-2
+7.257440E+9	+9.369320E-1	+1.827951E-2
+7.257455E+9	+9.368955E-1	+1.850218E-2
+7.257470E+9	+9.363556E-1	+1.820161E-2
+7.257485E+9	+9.361603E-1	+1.791697E-2
+7.257500E+9	+9.358620E-1	+1.759045E-2
+7.257515E+9	+9.371816E-1	+1.757874E-2
+7.257530E+9	+9.371327E-1	+1.791912E-2
+7.257545E+9	+9.365563E-1	+1.726191E-2
+7.257560E+9	+9.365251E-1	+1.657282E-2
+7.257575E+9	+9.363442E-1	+1.600758E-2
+7.257590E+9	+9.358719E-1	+1.580672E-2
+7.257605E+9	+9.357969E-1	+1.742204E-2
+7.257620E+9	+9.359727E-1	+1.728036E-2
+7.257635E+9	+9.371104E-1	+1.601766E-2
+7.257650E+9	+9.368083E-1	+1.564566E-2
+7.257665E+9	+9.367871E-1	+1.589184E-2
+7.257680E+9	+9.362080E-1	+1.592142E-2
+7.257695E+9	+9.361447E-1	+1.566634E-2
+7.257710E+9	+9.361318E-1	+1.451273E-2
+7.257725E+9	+9.365392E-1	+1.452341E-2
+7.257740E+9	+9.366819E-1	+1.444795E-2
+7.257755E+9	+9.363367E-1	+1.455898E-2
+7.257770E+9	+9.366309E-1	+1.458554E-2
+7.257785E+9	+9.368713E-1	+1.426623E-2
+7.257800E+9	+9.369161E-1	+1.383081E-2
+7.257815E+9	+9.369055E-1	+1.424527E-2
+7.257830E+9	+9.366876E-1	+1.452587E-2
+7.257845E+9	+9.367438E-1	+1.365671E-2
+7.257860E+9	+9.367772E-1	+1.389835E-2
+7.257875E+9	+9.372509E-1	+1.339375E-2
+7.257890E+9	+9.366425E-1	+1.324322E-2
+7.257905E+9	+9.363985E-1	+1.310058E-2
+7.257920E+9	+9.363684E-1	+1.349146E-2
+7.257935E+9	+9.358592E-1	+1.287465E-2
+7.257950E+9	+9.356459E-1	+1.272188E-2
+7.257965E+9	+9.361036E-1	+1.208340E-2
+7.257980E+9	+9.361680E-1	+1.199872E-2
+7.257995E+9	+9.363323E-1	+1.271457E-2
+7.258010E+9	+9.369367E-1	+1.264778E-2
+7.258025E+9	+9.372715E-1	+1.253110E-2
+7.258040E+9	+9.368351E-1	+1.189094E-2
+7.258055E+9	+9.365153E-1	+1.189883E-2
+7.258070E+9	+9.362952E-1	+1.170978E-2
+7.258085E+9	+9.362990E-1	+1.194438E-2
+7.258100E+9	+9.359196E-1	+1.105156E-2
+7.258115E+9	+9.361078E-1	+1.068848E-2
+7.258130E+9	+9.359742E-1	+1.035619E-2
+7.258145E+9	+9.360078E-1	+9.950544E-3
+7.258160E+9	+9.368560E-1	+1.070486E-2
+7.258175E+9	+9.365566E-1	+9.682336E-3
+7.258190E+9	+9.369373E-1	+1.027074E-2
+7.258205E+9	+9.364183E-1	+1.047433E-2
+7.258220E+9	+9.359278E-1	+1.010868E-2
+7.258235E+9	+9.363563E-1	+9.253686E-3
+7.258250E+9	+9.367936E-1	+9.400794E-3
+7.258265E+9	+9.367224E-1	+9.083553E-3
+7.258280E+9	+9.368138E-1	+8.925867E-3
+7.258295E+9	+9.367513E-1	+8.707056E-3
+7.258310E+9	+9.366080E-1	+8.555849E-3
+7.258325E+9	+9.368676E-1	+8.155983E-3
+7.258340E+9	+9.370295E-1	+7.794150E-3
+7.258355E+9	+9.369246E-1	+7.819487E-3
+7.258370E+9	+9.365932E-1	+7.981333E-3
+7.258385E+9	+9.364747E-1	+7.951572E-3
+7.258400E+9	+9.367778E-1	+7.602488E-3
+7.258415E+9	+9.366284E-1	+7.127176E-3
+7.258430E+9	+9.363880E-1	+7.062124E-3
+7.258445E+9	+9.364305E-1	+6.704153E-3
+7.258460E+9	+9.368951E-1	+6.670583E-3
+7.258475E+9	+9.370627E-1	+6.764912E-3
+7.258490E+9	+9.365406E-1	+6.480086E-3
+7.258505E+9	+9.366033E-1	+6.266917E-3
+7.258520E+9	+9.365682E-1	+6.239679E-3
+7.258535E+9	+9.367853E-1	+6.234284E-3
+7.258550E+9	+9.366933E-1	+6.045662E-3
+7.258565E+9	+9.364746E-1	+5.812985E-3
+7.258580E+9	+9.364338E-1	+5.578935E-3
+7.258595E+9	+9.365626E-1	+5.623755E-3
+7.258610E+9	+9.367982E-1	+5.576418E-3
+7.258625E+9	+9.361017E-1	+4.615107E-3
+7.258640E+9	+9.362075E-1	+4.609662E-3
+7.258655E+9	+9.368936E-1	+4.437906E-3
+7.258670E+9	+9.366412E-1	+4.106059E-3
+7.258685E+9	+9.368023E-1	+4.100480E-3
+7.258700E+9	+9.366650E-1	+4.329776E-3
+7.258715E+9	+9.362143E-1	+4.188911E-3
+7.258730E+9	+9.362113E-1	+4.191789E-3
+7.258745E+9	+9.365527E-1	+3.978908E-3
+7.258760E+9	+9.366952E-1	+3.612503E-3
+7.258775E+9	+9.370278E-1	+3.644157E-3
+7.258790E+9	+9.366743E-1	+3.717942E-3
+7.258805E+9	+9.362056E-1	+3.104572E-3
+7.258820E+9	+9.365902E-1	+2.346585E-3
+7.258835E+9	+9.363608E-1	+1.901538E-3
+7.258850E+9	+9.356251E-1	+2.104607E-3
+7.258865E+9	+9.366903E-1	+2.173972E-3
+7.258880E+9	+9.370589E-1	+2.348930E-3
+7.258895E+9	+9.365340E-1	+1.927702E-3
+7.258910E+9	+9.367603E-1	+1.828141E-3
+7.258925E+9	+9.367419E-1	+2.032105E-3
+7.258940E+9	+9.364237E-1	+1.476869E-3
+7.258955E+9	+9.363205E-1	+1.347982E-3
+7.258970E+9	+9.363620E-1	+1.181370E-3
+7.258985E+9	+9.359794E-1	+9.683005E-4
+7.259000E+9	+9.359632E-1	+4.847048E-4
+7.259015E+9	+9.361913E-1	+9.298782E-4
+7.259030E+9	+9.369105E-1	+5.908646E-4
+7.259045E+9	+9.372403E-1	+4.323248E-4
+7.259060E+9	+9.370835E-1	+1.396584E-4
+7.259075E+9	+9.364469E-1	-5.960101E-5
+7.259090E+9	+9.366531E-1	-2.029774E-4
+7.259105E+9	+9.363686E-1	-3.465820E-4
+7.259120E+9	+9.363843E-1	-7.130929E-4
+7.259135E+9	+9.360867E-1	-1.029271E-3
+7.259150E+9	+9.353441E-1	-9.598215E-4
+7.259165E+9	+9.354891E-1	-7.679913E-4
+7.259180E+9	+9.364544E-1	-1.308066E-3
+7.259195E+9	+9.362371E-1	-1.152603E-3
+7.259210E+9	+9.360657E-1	-1.007811E-3
+7.259225E+9	+9.362403E-1	-1.105345E-3
+7.259240E+9	+9.369068E-1	-1.854089E-3
+7.259255E+9	+9.370249E-1	-2.553707E-3
+7.259270E+9	+9.365893E-1	-2.817388E-3
+7.259285E+9	+9.364570E-1	-2.683646E-3
+7.259300E+9	+9.358657E-1	-2.455875E-3
+7.259315E+9	+9.361718E-1	-2.746898E-3
+7.259330E+9	+9.363478E-1	-2.713720E-3
+7.259345E+9	+9.363189E-1	-2.950176E-3
+7.259360E+9	+9.362464E-1	-2.954338E-3
+7.259375E+9	+9.361189E-1	-3.271683E-3
+7.259390E+9	+9.365902E-1	-3.603116E-3
+7.259405E+9	+9.368119E-1	-3.684237E-3
+7.259420E+9	+9.366659E-1	-3.779935E-3
+7.259435E+9	+9.368295E-1	-3.690567E-3
+7.259450E+9	+9.366902E-1	-3.777517E-3
+7.259465E+9	+9.368351E-1	-4.425852E-3
+7.259480E+9	+9.364952E-1	-4.819732E-3
+7.259495E+9	+9.364732E-1	-4.751879E-3
+7.259510E+9	+9.365872E-1	-4.851364E-3
+7.259525E+9	+9.368454E-1	-5.179818E-3
+7.259540E+9	+9.365926E-1	-5.482726E-3
+7.259555E+9	+9.358772E-1	-5.934586E-3
+7.259570E+9	+9.359441E-1	-5.963216E-3
+7.259585E+9	+9.364530E-1	-5.575839E-3
+7.259600E+9	+9.366837E-1	-5.197923E-3
+7.259615E+9	+9.366368E-1	-5.989489E-3
+7.259630E+9	+9.368064E-1	-6.482513E-3
+7.259645E+9	+9.368645E-1	-6.808997E-3
+7.259660E+9	+9.372473E-1	-6.780539E-3
+7.259675E+9	+9.364583E-1	-6.694354E-3
+7.259690E+9	+9.368022E-1	-6.701177E-3
+7.259705E+9	+9.369538E-1	-7.577930E-3
+7.259720E+9	+9.366909E-1	-7.372638E-3
+7.259735E+9	+9.361580E-1	-7.582343E-3
+7.259750E+9	+9.361727E-1	-8.640030E-3
+7.259765E+9	+9.361482E-1	-8.238317E-3
+7.259780E+9	+9.366677E-1	-7.625088E-3
+7.259795E+9	+9.362170E-1	-8.248575E-3
+7.259810E+9	+9.360908E-1	-8.284559E-3
+7.259825E+9	+9.369503E-1	-8.817501E-3
+7.259840E+9	+9.371891E-1	-8.526841E-3
+7.259855E+9	+9.368369E-1	-8.426387E-3
+7.259870E+9	+9.363176E-1	-8.752515E-3
+7.259885E+9	+9.363610E-1	-8.700865E-3
+7.259900E+9	+9.368375E-1	-8.534323E-3
+7.259915E+9	+9.367557E-1	-9.356088E-3
+7.259930E+9	+9.357862E-1	-9.804175E-3
+7.259945E+9	+9.357967E-1	-9.746721E-3
+7.259960E+9	+9.365024E-1	-9.979534E-3
+7.259975E+9	+9.362395E-1	-1.006089E-2
+7.259990E+9	+9.365697E-1	-1.082234E-2
+7.260005E+9	+9.365882E-1	-1.100826E-2
+7.260020E+9	+9.365963E-1	-1.065943E-2
+7.260035E+9	+9.365231E-1	-1.081039E-2
+7.260050E+9	+9.363097E-1	-1.099247E-2
+7.260065E+9	+9.362601E-1	-1.093149E-2
+7.260080E+9	+9.363864E-1	-1.084932E-2
+7.260095E+9	+9.362688E-1	-1.078306E-2
+7.260110E+9	+9.360236E-1	-1.233902E-2
+7.260125E+9	+9.358984E-1	-1.230789E-2
+7.260140E+9	+9.363701E-1	-1.265022E-2
+7.260155E+9	+9.367102E-1	-1.256920E-2
+7.260170E+9	+9.366423E-1	-1.282105E-2
+7.260185E+9	+9.360364E-1	-1.210768E-2
+7.260200E+9	+9.358896E-1	-1.220203E-2
+7.260215E+9	+9.361738E-1	-1.261908E-2
+7.260230E+9	+9.361778E-1	-1.285734E-2
+7.260245E+9	+9.360710E-1	-1.341850E-2
+7.260260E+9	+9.357845E-1	-1.387129E-2
+7.260275E+9	+9.354734E-1	-1.373735E-2
+7.260290E+9	+9.356593E-1	-1.389522E-2
+7.260305E+9	+9.358350E-1	-1.366050E-2
+7.260320E+9	+9.358765E-1	-1.322886E-2
+7.260335E+9	+9.358674E-1	-1.389778E-2
+7.260350E+9	+9.354718E-1	-1.375112E-2
+7.260365E+9	+9.357965E-1	-1.400793E-2
+7.260380E+9	+9.362056E-1	-1.466988E-2
+7.260395E+9	+9.357572E-1	-1.498562E-2
+7.260410E+9	+9.358884E-1	-1.514507E-2
+7.260425E+9	+9.361223E-1	-1.562005E-2
+7.260440E+9	+9.361256E-1	-1.568495E-2
+7.260455E+9	+9.363465E-1	-1.587848E-2
+7.260470E+9	+9.364628E-1	-1.622498E-2
+7.260485E+9	+9.362863E-1	-1.648056E-2
+7.260500E+9	+9.360664E-1	-1.632932E-2
+7.260515E+9	+9.359697E-1	-1.640009E-2
+7.260530E+9	+9.366455E-1	-1.621129E-2
+7.260545E+9	+9.366528E-1	-1.664413E-2
+7.260560E+9	+9.361762E-1	-1.703783E-2
+7.260575E+9	+9.364090E-1	-1.684029E-2
+7.260590E+9	+9.362121E-1	-1.710744E-2
+7.260605E+9	+9.362526E-1	-1.735177E-2
+7.260620E+9	+9.365167E-1	-1.752186E-2
+7.260635E+9	+9.361928E-1	-1.794375E-2
+7.260650E+9	+9.357687E-1	-1.787554E-2
+7.260665E+9	+9.358167E-1	-1.804798E-2
+7.260680E+9	+9.358328E-1	-1.838906E-2
+7.260695E+9	+9.357489E-1	-1.881702E-2
+7.260710E+9	+9.360899E-1	-1.880253E-2
+7.260725E+9	+9.357316E-1	-1.844926E-2
+7.260740E+9	+9.357318E-1	-1.879092E-2
+7.260755E+9	+9.357773E-1	-1.891134E-2
+7.260770E+9	+9.361744E-1	-1.879613E-2
+7.260785E+9	+9.362234E-1	-1.914336E-2
+7.260800E+9	+9.360257E-1	-1.946035E-2
+7.260815E+9	+9.360401E-1	-1.940690E-2
+7.260830E+9	+9.361706E-1	-1.932919E-2
+7.260845E+9	+9.361866E-1	-1.945646E-2
+7.260860E+9	+9.360605E-1	-2.001061E-2
+7.260875E+9	+9.362302E-1	-1.995905E-2
+7.260890E+9	+9.362702E-1	-2.028431E-2
+7.260905E+9	+9.361408E-1	-2.041271E-2
+7.260920E+9	+9.360496E-1	-2.035707E-2
+7.260935E+9	+9.360233E-1	-2.082106E-2
+7.260950E+9	+9.358717E-1	-2.089344E-2
+7.260965E+9	+9.360453E-1	-2.132990E-2
+7.260980E+9	+9.365050E-1	-2.173074E-2
+7.260995E+9	+9.364772E-1	-2.171597E-2
+7.261010E+9	+9.360422E-1	-2.130982E-2
+7.261025E+9	+9.360295E-1	-2.149059E-2
+7.261040E+9	+9.358700E-1	-2.197281E-2
+7.261055E+9	+9.354279E-1	-2.241764E-2
+7.261070E+9	+9.355167E-1	-2.268177E-2
+7.261085E+9	+9.356464E-1	-2.236976E-2
+7.261100E+9	+9.355422E-1	-2.260500E-2
+7.261115E+9	+9.358469E-1	-2.285270E-2
+7.261130E+9	+9.360940E-1	-2.316300E-2
+7.261145E+9	+9.361244E-1	-2.354394E-2
+7.261160E+9	+9.365558E-1	-2.371479E-2
+7.261175E+9	+9.363905E-1	-2.348476E-2
+7.261190E+9	+9.359056E-1	-2.386176E-2
+7.261205E+9	+9.359368E-1	-2.420352E-2
+7.261220E+9	+9.360801E-1	-2.408218E-2
+7.261235E+9	+9.358352E-1	-2.444815E-2
+7.261250E+9	+9.357483E-1	-2.456872E-2
+7.261265E+9	+9.356538E-1	-2.474878E-2
+7.261280E+9	+9.358135E-1	-2.492680E-2
+7.261295E+9	+9.358859E-1	-2.494411E-2
+7.261310E+9	+9.360660E-1	-2.538934E-2
+7.261325E+9	+9.359745E-1	-2.583875E-2
+7.261340E+9	+9.358652E-1	-2.578904E-2
+7.261355E+9	+9.355929E-1	-2.560998E-2
+7.261370E+9	+9.356483E-1	-2.576859E-2
+7.261385E+9	+9.357979E-1	-2.600661E-2
+7.261400E+9	+9.362914E-1	-2.635691E-2
+7.261415E+9	+9.358198E-1	-2.663041E-2
+7.261430E+9	+9.355683E-1	-2.660457E-2
+7.261445E+9	+9.355901E-1	-2.660316E-2
+7.261460E+9	+9.355732E-1	-2.678674E-2
+7.261475E+9	+9.354835E-1	-2.685081E-2
+7.261490E+9	+9.353020E-1	-2.746453E-2
+7.261505E+9	+9.358366E-1	-2.687619E-2
+7.261520E+9	+9.357501E-1	-2.715209E-2
+7.261535E+9	+9.358987E-1	-2.763196E-2
+7.261550E+9	+9.366113E-1	-2.755895E-2
+7.261565E+9	+9.362600E-1	-2.820372E-2
+7.261580E+9	+9.359046E-1	-2.834836E-2
+7.261595E+9	+9.357693E-1	-2.808564E-2
+7.261610E+9	+9.359375E-1	-2.822869E-2
+7.261625E+9	+9.359329E-1	-2.848919E-2
+7.261640E+9	+9.357358E-1	-2.845923E-2
+7.261655E+9	+9.353660E-1	-2.868759E-2
+7.261670E+9	+9.348810E-1	-2.921127E-2
+7.261685E+9	+9.353131E-1	-2.971727E-2
+7.261700E+9	+9.355927E-1	-2.939330E-2
+7.261715E+9	+9.357993E-1	-2.972032E-2
+7.261730E+9	+9.358827E-1	-3.002454E-2
+7.261745E+9	+9.355594E-1	-3.011314E-2
+7.261760E+9	+9.353794E-1	-3.055395E-2
+7.261775E+9	+9.352302E-1	-3.108459E-2
+7.261790E+9	+9.352165E-1	-3.075034E-2
+7.261805E+9	+9.355632E-1	-3.098478E-2
+7.261820E+9	+9.358216E-1	-3.099948E-2
+7.261835E+9	+9.361082E-1	-3.116857E-2
+7.261850E+9	+9.356602E-1	-3.131809E-2
+7.261865E+9	+9.353790E-1	-3.154415E-2
+7.261880E+9	+9.352814E-1	-3.174841E-2
+7.261895E+9	+9.352775E-1	-3.163665E-2
+7.261910E+9	+9.359814E-1	-3.162028E-2
+7.261925E+9	+9.356759E-1	-3.253623E-2
+7.261940E+9	+9.356158E-1	-3.241046E-2
+7.261955E+9	+9.356761E-1	-3.235624E-2
+7.261970E+9	+9.356275E-1	-3.238056E-2
+7.261985E+9	+9.353492E-1	-3.341573E-2
+7.262000E+9	+9.346738E-1	-3.334116E-2
+7.262015E+9	+9.349037E-1	-3.324695E-2
+7.262030E+9	+9.355892E-1	-3.332526E-2
+7.262045E+9	+9.356100E-1	-3.358336E-2
+7.262060E+9	+9.357975E-1	-3.382296E-2
+7.262075E+9	+9.361140E-1	-3.402718E-2
+7.262090E+9	+9.358366E-1	-3.367495E-2
+7.262105E+9	+9.356619E-1	-3.369462E-2
+7.262120E+9	+9.354660E-1	-3.426929E-2
+7.262135E+9	+9.354072E-1	-3.474220E-2
+7.262150E+9	+9.355868E-1	-3.496093E-2
+7.262165E+9	+9.356756E-1	-3.479191E-2
+7.262180E+9	+9.357795E-1	-3.495525E-2
+7.262195E+9	+9.356822E-1	-3.552799E-2
+7.262210E+9	+9.354759E-1	-3.576976E-2
+7.262225E+9	+9.353341E-1	-3.536137E-2
+7.262240E+9	+9.353573E-1	-3.556682E-2
+7.262255E+9	+9.357724E-1	-3.596541E-2
+7.262270E+9	+9.357311E-1	-3.610928E-2
+7.262285E+9	+9.353575E-1	-3.641578E-2
+7.262300E+9	+9.351594E-1	-3.651277E-2
+7.262315E+9	+9.351297E-1	-3.703939E-2
+7.262330E+9	+9.350840E-1	-3.732987E-2
+7.262345E+9	+9.352748E-1	-3.727841E-2
+7.262360E+9	+9.354242E-1	-3.676076E-2
+7.262375E+9	+9.353666E-1	-3.704680E-2
+7.262390E+9	+9.351372E-1	-3.730173E-2
+7.262405E+9	+9.357003E-1	-3.775418E-2
+7.262420E+9	+9.356441E-1	-3.756111E-2
+7.262435E+9	+9.359430E-1	-3.787224E-2
+7.262450E+9	+9.361921E-1	-3.853184E-2
+7.262465E+9	+9.359620E-1	-3.850489E-2
+7.262480E+9	+9.347625E-1	-3.870303E-2
+7.262495E+9	+9.346198E-1	-3.857234E-2
+7.262510E+9	+9.348022E-1	-3.877650E-2
+7.262525E+9	+9.354949E-1	-3.836566E-2
+7.262540E+9	+9.353341E-1	-3.891483E-2
+7.262555E+9	+9.352101E-1	-3.937461E-2
+7.262570E+9	+9.349286E-1	-3.957316E-2
+7.262585E+9	+9.350205E-1	-3.962080E-2
+7.262600E+9	+9.352262E-1	-3.973726E-2
+7.262615E+9	+9.349316E-1	-3.986470E-2
+7.262630E+9	+9.346883E-1	-4.071047E-2
+7.262645E+9	+9.346800E-1	-4.080021E-2
+7.262660E+9	+9.353403E-1	-4.050980E-2
+7.262675E+9	+9.354662E-1	-4.059719E-2
+7.262690E+9	+9.355510E-1	-4.105551E-2
+7.262705E+9	+9.359115E-1	-4.119904E-2
+7.262720E+9	+9.357875E-1	-4.086987E-2
+7.262735E+9	+9.352745E-1	-4.110697E-2
+7.262750E+9	+9.352088E-1	-4.168141E-2
+7.262765E+9	+9.350966E-1	-4.210796E-2
+7.262780E+9	+9.353616E-1	-4.220104E-2
+7.262795E+9	+9.356417E-1	-4.208020E-2
+7.262810E+9	+9.352223E-1	-4.165981E-2
+7.262825E+9	+9.346922E-1	-4.251555E-2
+7.262840E+9	+9.347134E-1	-4.259278E-2
+7.262855E+9	+9.350905E-1	-4.253642E-2
+7.262870E+9	+9.349465E-1	-4.306549E-2
+7.262885E+9	+9.347804E-1	-4.329521E-2
+7.262900E+9	+9.349042E-1	-4.337904E-2
+7.262915E+9	+9.351563E-1	-4.332069E-2
+7.262930E+9	+9.351179E-1	-4.335305E-2
+7.262945E+9	+9.349230E-1	-4.349739E-2
+7.262960E+9	+9.347885E-1	-4.364843E-2
+7.262975E+9	+9.348666E-1	-4.426015E-2
+7.262990E+9	+9.350318E-1	-4.431533E-2
+7.263005E+9	+9.351978E-1	-4.435323E-2
+7.263020E+9	+9.352434E-1	-4.418359E-2
+7.263035E+9	+9.347396E-1	-4.434086E-2
+7.263050E+9	+9.348718E-1	-4.508893E-2
+7.263065E+9	+9.347945E-1	-4.537594E-2
+7.263080E+9	+9.348149E-1	-4.572476E-2
+7.263095E+9	+9.348581E-1	-4.582854E-2
+7.263110E+9	+9.351263E-1	-4.593413E-2
+7.263125E+9	+9.352396E-1	-4.547421E-2
+7.263140E+9	+9.351437E-1	-4.578815E-2
+7.263155E+9	+9.348232E-1	-4.619567E-2
+7.263170E+9	+9.345715E-1	-4.640107E-2
+7.263185E+9	+9.348715E-1	-4.666861E-2
+7.263200E+9	+9.352128E-1	-4.664429E-2
+7.263215E+9	+9.346392E-1	-4.670658E-2
+7.263230E+9	+9.346951E-1	-4.693472E-2
+7.263245E+9	+9.352077E-1	-4.716422E-2
+7.263260E+9	+9.350663E-1	-4.765856E-2
+7.263275E+9	+9.348245E-1	-4.787018E-2
+7.263290E+9	+9.343287E-1	-4.797217E-2
+7.263305E+9	+9.343522E-1	-4.798041E-2
+7.263320E+9	+9.349661E-1	-4.792958E-2
+7.263335E+9	+9.347572E-1	-4.812142E-2
+7.263350E+9	+9.345236E-1	-4.846250E-2
+7.263365E+9	+9.345674E-1	-4.855349E-2
+7.263380E+9	+9.348577E-1	-4.872234E-2
+7.263395E+9	+9.344296E-1	-4.891004E-2
+7.263410E+9	+9.344258E-1	-4.918534E-2
+7.263425E+9	+9.346879E-1	-4.972404E-2
+7.263440E+9	+9.348314E-1	-4.963002E-2
+7.263455E+9	+9.347384E-1	-4.963695E-2
+7.263470E+9	+9.346351E-1	-4.968638E-2
+7.263485E+9	+9.345335E-1	-4.977547E-2
+7.263500E+9	+9.343253E-1	-5.014199E-2
+7.263515E+9	+9.344172E-1	-5.007525E-2
+7.263530E+9	+9.348546E-1	-5.026935E-2
+7.263545E+9	+9.350207E-1	-5.081772E-2
+7.263560E+9	+9.348211E-1	-5.098817E-2
+7.263575E+9	+9.346089E-1	-5.084507E-2
+7.263590E+9	+9.342855E-1	-5.084097E-2
+7.263605E+9	+9.344227E-1	-5.110214E-2
+7.263620E+9	+9.349034E-1	-5.160803E-2
+7.263635E+9	+9.348447E-1	-5.176546E-2
+7.263650E+9	+9.346397E-1	-5.177990E-2
+7.263665E+9	+9.343608E-1	-5.158723E-2
+7.263680E+9	+9.341390E-1	-5.161149E-2
+7.263695E+9	+9.341766E-1	-5.201032E-2
+7.263710E+9	+9.340393E-1	-5.254023E-2
+7.263725E+9	+9.339917E-1	-5.261913E-2
+7.263740E+9	+9.341541E-1	-5.268781E-2
+7.263755E+9	+9.342829E-1	-5.289844E-2
+7.263770E+9	+9.345529E-1	-5.338541E-2
+7.263785E+9	+9.345477E-1	-5.371244E-2
+7.263800E+9	+9.341097E-1	-5.365883E-2
+7.263815E+9	+9.343356E-1	-5.387656E-2
+7.263830E+9	+9.345203E-1	-5.413855E-2
+7.263845E+9	+9.346403E-1	-5.405430E-2
+7.263860E+9	+9.340710E-1	-5.432567E-2
+7.263875E+9	+9.342483E-1	-5.466169E-2
+7.263890E+9	+9.344109E-1	-5.473528E-2
+7.263905E+9	+9.342816E-1	-5.491757E-2
+7.263920E+9	+9.339888E-1	-5.517323E-2
+7.263935E+9	+9.336929E-1	-5.495671E-2
+7.263950E+9	+9.336740E-1	-5.500201E-2
+7.263965E+9	+9.337771E-1	-5.513252E-2
+7.263980E+9	+9.341820E-1	-5.590144E-2
+7.263995E+9	+9.338718E-1	-5.587556E-2
+7.264010E+9	+9.337097E-1	-5.606544E-2
+7.264025E+9	+9.342852E-1	-5.607028E-2
+7.264040E+9	+9.342737E-1	-5.602173E-2
+7.264055E+9	+9.342985E-1	-5.611614E-2
+7.264070E+9	+9.343590E-1	-5.648010E-2
+7.264085E+9	+9.343533E-1	-5.664219E-2
+7.264100E+9	+9.343034E-1	-5.618663E-2
+7.264115E+9	+9.341845E-1	-5.666787E-2
+7.264130E+9	+9.337601E-1	-5.725574E-2
+7.264145E+9	+9.340797E-1	-5.713887E-2
+7.264160E+9	+9.342665E-1	-5.742487E-2
+7.264175E+9	+9.344417E-1	-5.774395E-2
+7.264190E+9	+9.343168E-1	-5.793229E-2
+7.264205E+9	+9.341048E-1	-5.812372E-2
+7.264220E+9	+9.341105E-1	-5.822420E-2
+7.264235E+9	+9.341674E-1	-5.831211E-2
+7.264250E+9	+9.336074E-1	-5.866944E-2
+7.264265E+9	+9.337532E-1	-5.899066E-2
+7.264280E+9	+9.339695E-1	-5.906001E-2
+7.264295E+9	+9.336855E-1	-5.903786E-2
+7.264310E+9	+9.338078E-1	-5.883070E-2
+7.264325E+9	+9.336850E-1	-5.911592E-2
+7.264340E+9	+9.333991E-1	-5.934359E-2
+7.264355E+9	+9.330997E-1	-5.956638E-2
+7.264370E+9	+9.330861E-1	-5.960118E-2
+7.264385E+9	+9.335639E-1	-6.009999E-2
+7.264400E+9	+9.334797E-1	-5.995245E-2
+7.264415E+9	+9.335641E-1	-6.013066E-2
+7.264430E+9	+9.338109E-1	-6.044895E-2
+7.264445E+9	+9.340656E-1	-6.046781E-2
+7.264460E+9	+9.339533E-1	-6.133960E-2
+7.264475E+9	+9.338203E-1	-6.121411E-2
+7.264490E+9	+9.336035E-1	-6.112797E-2
+7.264505E+9	+9.339091E-1	-6.151398E-2
+7.264520E+9	+9.339988E-1	-6.160808E-2
+7.264535E+9	+9.337716E-1	-6.152416E-2
+7.264550E+9	+9.338941E-1	-6.182472E-2
+7.264565E+9	+9.341015E-1	-6.207155E-2
+7.264580E+9	+9.340032E-1	-6.217260E-2
+7.264595E+9	+9.338170E-1	-6.206573E-2
+7.264610E+9	+9.340278E-1	-6.229969E-2
+7.264625E+9	+9.338393E-1	-6.301159E-2
+7.264640E+9	+9.336477E-1	-6.296934E-2
+7.264655E+9	+9.336152E-1	-6.301322E-2
+7.264670E+9	+9.335699E-1	-6.319591E-2
+7.264685E+9	+9.336269E-1	-6.344348E-2
+7.264700E+9	+9.335428E-1	-6.393351E-2
+7.264715E+9	+9.334984E-1	-6.394373E-2
+7.264730E+9	+9.334415E-1	-6.388217E-2
+7.264745E+9	+9.337009E-1	-6.389791E-2
+7.264760E+9	+9.339409E-1	-6.405137E-2
+7.264775E+9	+9.336459E-1	-6.484144E-2
+7.264790E+9	+9.336721E-1	-6.465055E-2
+7.264805E+9	+9.334741E-1	-6.447721E-2
+7.264820E+9	+9.335427E-1	-6.464827E-2
+7.264835E+9	+9.335372E-1	-6.493823E-2
+7.264850E+9	+9.335192E-1	-6.549749E-2
+7.264865E+9	+9.335056E-1	-6.567112E-2
+7.264880E+9	+9.334627E-1	-6.588391E-2
+7.264895E+9	+9.335896E-1	-6.621726E-2
+7.264910E+9	+9.337205E-1	-6.640983E-2
+7.264925E+9	+9.334606E-1	-6.643072E-2
+7.264940E+9	+9.333542E-1	-6.649791E-2
+7.264955E+9	+9.333818E-1	-6.657915E-2
+7.264970E+9	+9.333490E-1	-6.671260E-2
+7.264985E+9	+9.335357E-1	-6.662919E-2
+7.265000E+9	+9.334956E-1	-6.677870E-2
+7.265015E+9	+9.334121E-1	-6.683475E-2
+7.265030E+9	+9.331569E-1	-6.694006E-2
+7.265045E+9	+9.328957E-1	-6.738464E-2
+7.265060E+9	+9.332217E-1	-6.780757E-2
+7.265075E+9	+9.334569E-1	-6.807524E-2
+7.265090E+9	+9.333158E-1	-6.792782E-2
+7.265105E+9	+9.332889E-1	-6.800197E-2
+7.265120E+9	+9.331881E-1	-6.829339E-2
+7.265135E+9	+9.328189E-1	-6.847994E-2
+7.265150E+9	+9.328007E-1	-6.853871E-2
+7.265165E+9	+9.330404E-1	-6.914411E-2
+7.265180E+9	+9.332461E-1	-6.950409E-2
+7.265195E+9	+9.333002E-1	-6.944160E-2
+7.265210E+9	+9.333638E-1	-6.969810E-2
+7.265225E+9	+9.331964E-1	-6.973347E-2
+7.265240E+9	+9.333960E-1	-6.999179E-2
+7.265255E+9	+9.329114E-1	-6.995673E-2
+7.265270E+9	+9.328983E-1	-7.035660E-2
+7.265285E+9	+9.328294E-1	-7.067596E-2
+7.265300E+9	+9.329812E-1	-7.090246E-2
+7.265315E+9	+9.333044E-1	-7.083033E-2
+7.265330E+9	+9.332972E-1	-7.057944E-2
+7.265345E+9	+9.331597E-1	-7.080476E-2
+7.265360E+9	+9.331800E-1	-7.090281E-2
+7.265375E+9	+9.327213E-1	-7.110170E-2
+7.265390E+9	+9.327938E-1	-7.142577E-2
+7.265405E+9	+9.327691E-1	-7.172991E-2
+7.265420E+9	+9.328203E-1	-7.206815E-2
+7.265435E+9	+9.328137E-1	-7.220147E-2
+7.265450E+9	+9.325960E-1	-7.248908E-2
+7.265465E+9	+9.322290E-1	-7.257271E-2
+7.265480E+9	+9.330565E-1	-7.252227E-2
+7.265495E+9	+9.331448E-1	-7.270025E-2
+7.265510E+9	+9.331181E-1	-7.280597E-2
+7.265525E+9	+9.328465E-1	-7.316035E-2
+7.265540E+9	+9.327074E-1	-7.350082E-2
+7.265555E+9	+9.325423E-1	-7.366835E-2
+7.265570E+9	+9.325541E-1	-7.376911E-2
+7.265585E+9	+9.327811E-1	-7.384561E-2
+7.265600E+9	+9.327689E-1	-7.403388E-2
+7.265615E+9	+9.326829E-1	-7.413536E-2
+7.265630E+9	+9.326791E-1	-7.423543E-2
+7.265645E+9	+9.327975E-1	-7.430423E-2
+7.265660E+9	+9.326754E-1	-7.424709E-2
+7.265675E+9	+9.327003E-1	-7.416606E-2
+7.265690E+9	+9.330193E-1	-7.469074E-2
+7.265705E+9	+9.330000E-1	-7.529299E-2
+7.265720E+9	+9.328623E-1	-7.536352E-2
+7.265735E+9	+9.325838E-1	-7.527017E-2
+7.265750E+9	+9.325018E-1	-7.526165E-2
+7.265765E+9	+9.324322E-1	-7.546420E-2
+7.265780E+9	+9.323323E-1	-7.597717E-2
+7.265795E+9	+9.322033E-1	-7.615326E-2
+7.265810E+9	+9.323968E-1	-7.650919E-2
+7.265825E+9	+9.326227E-1	-7.657019E-2
+7.265840E+9	+9.326178E-1	-7.673885E-2
+7.265855E+9	+9.325050E-1	-7.681728E-2
+7.265870E+9	+9.324455E-1	-7.667758E-2
+7.265885E+9	+9.325403E-1	-7.672095E-2
+7.265900E+9	+9.323949E-1	-7.687055E-2
+7.265915E+9	+9.324767E-1	-7.730568E-2
+7.265930E+9	+9.322662E-1	-7.746473E-2
+7.265945E+9	+9.323119E-1	-7.782197E-2
+7.265960E+9	+9.324182E-1	-7.785980E-2
+7.265975E+9	+9.327249E-1	-7.780496E-2
+7.265990E+9	+9.327242E-1	-7.789058E-2
+7.266005E+9	+9.324741E-1	-7.861270E-2
+7.266020E+9	+9.322313E-1	-7.889325E-2
+7.266035E+9	+9.322848E-1	-7.903707E-2
+7.266050E+9	+9.323892E-1	-7.908225E-2
+7.266065E+9	+9.325571E-1	-7.898429E-2
+7.266080E+9	+9.324862E-1	-7.889953E-2
+7.266095E+9	+9.323100E-1	-7.898052E-2
+7.266110E+9	+9.322017E-1	-7.927321E-2
+7.266125E+9	+9.322188E-1	-7.988779E-2
+7.266140E+9	+9.325257E-1	-8.004841E-2
+7.266155E+9	+9.326772E-1	-8.037193E-2
+7.266170E+9	+9.323571E-1	-8.053565E-2
+7.266185E+9	+9.320587E-1	-8.060242E-2
+7.266200E+9	+9.317963E-1	-8.098479E-2
+7.266215E+9	+9.315149E-1	-8.116831E-2
+7.266230E+9	+9.314720E-1	-8.132494E-2
+7.266245E+9	+9.316203E-1	-8.147914E-2
+7.266260E+9	+9.323090E-1	-8.131102E-2
+7.266275E+9	+9.322528E-1	-8.125088E-2
+7.266290E+9	+9.320538E-1	-8.177553E-2
+7.266305E+9	+9.321126E-1	-8.201528E-2
+7.266320E+9	+9.320738E-1	-8.217796E-2
+7.266335E+9	+9.320482E-1	-8.227545E-2
+7.266350E+9	+9.319053E-1	-8.232720E-2
+7.266365E+9	+9.317300E-1	-8.224533E-2
+7.266380E+9	+9.318246E-1	-8.226163E-2
+7.266395E+9	+9.319605E-1	-8.257523E-2
+7.266410E+9	+9.321384E-1	-8.270993E-2
+7.266425E+9	+9.319091E-1	-8.313365E-2
+7.266440E+9	+9.319885E-1	-8.352792E-2
+7.266455E+9	+9.318485E-1	-8.378150E-2
+7.266470E+9	+9.316334E-1	-8.390442E-2
+7.266485E+9	+9.316890E-1	-8.415316E-2
+7.266500E+9	+9.316479E-1	-8.439385E-2
+7.266515E+9	+9.318715E-1	-8.423347E-2
+7.266530E+9	+9.318127E-1	-8.405726E-2
+7.266545E+9	+9.316790E-1	-8.392622E-2
+7.266560E+9	+9.317357E-1	-8.417062E-2
+7.266575E+9	+9.321384E-1	-8.511913E-2
+7.266590E+9	+9.316449E-1	-8.510057E-2
+7.266605E+9	+9.316136E-1	-8.526106E-2
+7.266620E+9	+9.319120E-1	-8.557393E-2
+7.266635E+9	+9.317991E-1	-8.568867E-2
+7.266650E+9	+9.315232E-1	-8.576958E-2
+7.266665E+9	+9.315341E-1	-8.559213E-2
+7.266680E+9	+9.313944E-1	-8.579540E-2
+7.266695E+9	+9.310674E-1	-8.602387E-2
+7.266710E+9	+9.309868E-1	-8.633409E-2
+7.266725E+9	+9.316138E-1	-8.639659E-2
+7.266740E+9	+9.313396E-1	-8.659466E-2
+7.266755E+9	+9.310566E-1	-8.691566E-2
+7.266770E+9	+9.310411E-1	-8.706039E-2
+7.266785E+9	+9.316335E-1	-8.721178E-2
+7.266800E+9	+9.315618E-1	-8.728591E-2
+7.266815E+9	+9.312446E-1	-8.738779E-2
+7.266830E+9	+9.310315E-1	-8.770472E-2
+7.266845E+9	+9.311807E-1	-8.835664E-2
+7.266860E+9	+9.315137E-1	-8.843274E-2
+7.266875E+9	+9.311266E-1	-8.834146E-2
+7.266890E+9	+9.311205E-1	-8.849914E-2
+7.266905E+9	+9.312334E-1	-8.840951E-2
+7.266920E+9	+9.312444E-1	-8.875368E-2
+7.266935E+9	+9.311934E-1	-8.912694E-2
+7.266950E+9	+9.312387E-1	-8.948732E-2
+7.266965E+9	+9.310251E-1	-8.928435E-2
+7.266980E+9	+9.312416E-1	-8.928682E-2
+7.266995E+9	+9.311830E-1	-8.973909E-2
+7.267010E+9	+9.309858E-1	-8.991192E-2
+7.267025E+9	+9.309643E-1	-9.020043E-2
+7.267040E+9	+9.310702E-1	-9.017708E-2
+7.267055E+9	+9.311634E-1	-9.024546E-2
+7.267070E+9	+9.311380E-1	-9.064963E-2
+7.267085E+9	+9.313563E-1	-9.082211E-2
+7.267100E+9	+9.309354E-1	-9.068853E-2
+7.267115E+9	+9.309513E-1	-9.077942E-2
+7.267130E+9	+9.310488E-1	-9.106148E-2
+7.267145E+9	+9.309253E-1	-9.132697E-2
+7.267160E+9	+9.308707E-1	-9.160665E-2
+7.267175E+9	+9.309062E-1	-9.174849E-2
+7.267190E+9	+9.309327E-1	-9.196822E-2
+7.267205E+9	+9.309426E-1	-9.203245E-2
+7.267220E+9	+9.306592E-1	-9.200853E-2
+7.267235E+9	+9.306206E-1	-9.227618E-2
+7.267250E+9	+9.306834E-1	-9.274622E-2
+7.267265E+9	+9.309489E-1	-9.285234E-2
+7.267280E+9	+9.310371E-1	-9.302408E-2
+7.267295E+9	+9.308168E-1	-9.324996E-2
+7.267310E+9	+9.307299E-1	-9.320721E-2
+7.267325E+9	+9.307969E-1	-9.315864E-2
+7.267340E+9	+9.308737E-1	-9.350754E-2
+7.267355E+9	+9.307727E-1	-9.388140E-2
+7.267370E+9	+9.305108E-1	-9.429105E-2
+7.267385E+9	+9.306267E-1	-9.433867E-2
+7.267400E+9	+9.309812E-1	-9.429318E-2
+7.267415E+9	+9.309662E-1	-9.436410E-2
+7.267430E+9	+9.306274E-1	-9.464283E-2
+7.267445E+9	+9.303813E-1	-9.496882E-2
+7.267460E+9	+9.304209E-1	-9.511102E-2
+7.267475E+9	+9.304902E-1	-9.499108E-2
+7.267490E+9	+9.306005E-1	-9.518106E-2
+7.267505E+9	+9.305605E-1	-9.522903E-2
+7.267520E+9	+9.303217E-1	-9.534431E-2
+7.267535E+9	+9.305694E-1	-9.565914E-2
+7.267550E+9	+9.304028E-1	-9.599136E-2
+7.267565E+9	+9.302320E-1	-9.620432E-2
+7.267580E+9	+9.303320E-1	-9.634445E-2
+7.267595E+9	+9.302880E-1	-9.679222E-2
+7.267610E+9	+9.301000E-1	-9.673292E-2
+7.267625E+9	+9.302948E-1	-9.657313E-2
+7.267640E+9	+9.302513E-1	-9.686891E-2
+7.267655E+9	+9.301705E-1	-9.700574E-2
+7.267670E+9	+9.300569E-1	-9.698886E-2
+7.267685E+9	+9.304759E-1	-9.714393E-2
+7.267700E+9	+9.303280E-1	-9.781325E-2
+7.267715E+9	+9.301511E-1	-9.820953E-2
+7.267730E+9	+9.305676E-1	-9.812170E-2
+7.267745E+9	+9.304391E-1	-9.824805E-2
+7.267760E+9	+9.303794E-1	-9.849214E-2
+7.267775E+9	+9.301278E-1	-9.878475E-2
+7.267790E+9	+9.297013E-1	-9.885406E-2
+7.267805E+9	+9.296609E-1	-9.884324E-2
+7.267820E+9	+9.297909E-1	-9.907315E-2
+7.267835E+9	+9.296027E-1	-9.923288E-2
+7.267850E+9	+9.301857E-1	-9.930449E-2
+7.267865E+9	+9.300803E-1	-9.959383E-2
+7.267880E+9	+9.301093E-1	-9.968889E-2
+7.267895E+9	+9.301419E-1	-9.946003E-2
+7.267910E+9	+9.304233E-1	-9.990670E-2
+7.267925E+9	+9.299941E-1	-1.005966E-1
+7.267940E+9	+9.299054E-1	-1.004339E-1
+7.267955E+9	+9.297922E-1	-1.004948E-1
+7.267970E+9	+9.299227E-1	-1.008822E-1
+7.267985E+9	+9.299987E-1	-1.011314E-1
+7.268000E+9	+9.303278E-1	-1.013786E-1
+7.268015E+9	+9.297705E-1	-1.014318E-1
+7.268030E+9	+9.297965E-1	-1.013818E-1
+7.268045E+9	+9.299479E-1	-1.014823E-1
+7.268060E+9	+9.298384E-1	-1.016495E-1
+7.268075E+9	+9.298528E-1	-1.018756E-1
+7.268090E+9	+9.298544E-1	-1.019885E-1
+7.268105E+9	+9.296433E-1	-1.021666E-1
+7.268120E+9	+9.293279E-1	-1.024913E-1
+7.268135E+9	+9.294963E-1	-1.026433E-1
+7.268150E+9	+9.298433E-1	-1.030487E-1
+7.268165E+9	+9.292620E-1	-1.032087E-1
+7.268180E+9	+9.294331E-1	-1.031398E-1
+7.268195E+9	+9.295250E-1	-1.033986E-1
+7.268210E+9	+9.296780E-1	-1.035046E-1
+7.268225E+9	+9.299383E-1	-1.034984E-1
+7.268240E+9	+9.298013E-1	-1.037098E-1
+7.268255E+9	+9.298393E-1	-1.037890E-1
+7.268270E+9	+9.299023E-1	-1.038723E-1
+7.268285E+9	+9.297580E-1	-1.042523E-1
+7.268300E+9	+9.295360E-1	-1.044899E-1
+7.268315E+9	+9.292322E-1	-1.046898E-1
+7.268330E+9	+9.290772E-1	-1.048310E-1
+7.268345E+9	+9.291500E-1	-1.048079E-1
+7.268360E+9	+9.293295E-1	-1.050985E-1
+7.268375E+9	+9.292425E-1	-1.055975E-1
+7.268390E+9	+9.293909E-1	-1.057673E-1
+7.268405E+9	+9.295639E-1	-1.056953E-1
+7.268420E+9	+9.294462E-1	-1.056648E-1
+7.268435E+9	+9.293194E-1	-1.059388E-1
+7.268450E+9	+9.291270E-1	-1.061378E-1
+7.268465E+9	+9.288281E-1	-1.061415E-1
+7.268480E+9	+9.288703E-1	-1.063168E-1
+7.268495E+9	+9.291571E-1	-1.065133E-1
+7.268510E+9	+9.292517E-1	-1.066923E-1
+7.268525E+9	+9.293625E-1	-1.068943E-1
+7.268540E+9	+9.294087E-1	-1.070805E-1
+7.268555E+9	+9.293777E-1	-1.070947E-1
+7.268570E+9	+9.293776E-1	-1.071783E-1
+7.268585E+9	+9.289490E-1	-1.078723E-1
+7.268600E+9	+9.287758E-1	-1.078630E-1
+7.268615E+9	+9.288695E-1	-1.079670E-1
+7.268630E+9	+9.290891E-1	-1.081648E-1
+7.268645E+9	+9.289972E-1	-1.083662E-1
+7.268660E+9	+9.291949E-1	-1.084865E-1
+7.268675E+9	+9.291021E-1	-1.086879E-1
+7.268690E+9	+9.287627E-1	-1.086976E-1
+7.268705E+9	+9.288031E-1	-1.090590E-1
+7.268720E+9	+9.288372E-1	-1.093567E-1
+7.268735E+9	+9.287243E-1	-1.095411E-1
+7.268750E+9	+9.291074E-1	-1.097639E-1
+7.268765E+9	+9.288342E-1	-1.099159E-1
+7.268780E+9	+9.287018E-1	-1.098835E-1
+7.268795E+9	+9.284870E-1	-1.097104E-1
+7.268810E+9	+9.285175E-1	-1.097571E-1
+7.268825E+9	+9.283448E-1	-1.103666E-1
+7.268840E+9	+9.284974E-1	-1.103758E-1
+7.268855E+9	+9.286578E-1	-1.106930E-1
+7.268870E+9	+9.286505E-1	-1.112159E-1
+7.268885E+9	+9.285499E-1	-1.114701E-1
+7.268900E+9	+9.285625E-1	-1.112549E-1
+7.268915E+9	+9.282917E-1	-1.114907E-1
+7.268930E+9	+9.282814E-1	-1.116157E-1
+7.268945E+9	+9.282454E-1	-1.116308E-1
+7.268960E+9	+9.285264E-1	-1.117657E-1
+7.268975E+9	+9.285485E-1	-1.120424E-1
+7.268990E+9	+9.282378E-1	-1.121933E-1
+7.269005E+9	+9.282708E-1	-1.123459E-1
+7.269020E+9	+9.282935E-1	-1.124400E-1
+7.269035E+9	+9.282941E-1	-1.126166E-1
+7.269050E+9	+9.283870E-1	-1.129907E-1
+7.269065E+9	+9.282675E-1	-1.131749E-1
+7.269080E+9	+9.281865E-1	-1.132810E-1
+7.269095E+9	+9.281797E-1	-1.133893E-1
+7.269110E+9	+9.282124E-1	-1.135503E-1
+7.269125E+9	+9.283832E-1	-1.139196E-1
+7.269140E+9	+9.283345E-1	-1.141051E-1
+7.269155E+9	+9.284467E-1	-1.146160E-1
+7.269170E+9	+9.280605E-1	-1.144797E-1
+7.269185E+9	+9.278449E-1	-1.147145E-1
+7.269200E+9	+9.280652E-1	-1.149319E-1
+7.269215E+9	+9.280301E-1	-1.147779E-1
+7.269230E+9	+9.285218E-1	-1.148979E-1
+7.269245E+9	+9.281619E-1	-1.150983E-1
+7.269260E+9	+9.280066E-1	-1.156122E-1
+7.269275E+9	+9.282844E-1	-1.156651E-1
+7.269290E+9	+9.281586E-1	-1.156394E-1
+7.269305E+9	+9.280119E-1	-1.155340E-1
+7.269320E+9	+9.281519E-1	-1.158681E-1
+7.269335E+9	+9.279051E-1	-1.162488E-1
+7.269350E+9	+9.279617E-1	-1.161680E-1
+7.269365E+9	+9.276992E-1	-1.163019E-1
+7.269380E+9	+9.277227E-1	-1.166173E-1
+7.269395E+9	+9.279291E-1	-1.170753E-1
+7.269410E+9	+9.277574E-1	-1.172886E-1
+7.269425E+9	+9.275866E-1	-1.172348E-1
+7.269440E+9	+9.278319E-1	-1.176609E-1
+7.269455E+9	+9.280190E-1	-1.178083E-1
+7.269470E+9	+9.277872E-1	-1.176542E-1
+7.269485E+9	+9.276706E-1	-1.177611E-1
+7.269500E+9	+9.277567E-1	-1.178799E-1
+7.269515E+9	+9.276900E-1	-1.180476E-1
+7.269530E+9	+9.275563E-1	-1.183676E-1
+7.269545E+9	+9.274276E-1	-1.183474E-1
+7.269560E+9	+9.275683E-1	-1.187764E-1
+7.269575E+9	+9.276856E-1	-1.189070E-1
+7.269590E+9	+9.274289E-1	-1.191976E-1
+7.269605E+9	+9.275740E-1	-1.192109E-1
+7.269620E+9	+9.276296E-1	-1.194384E-1
+7.269635E+9	+9.275334E-1	-1.195597E-1
+7.269650E+9	+9.274684E-1	-1.196319E-1
+7.269665E+9	+9.271589E-1	-1.198837E-1
+7.269680E+9	+9.269819E-1	-1.202584E-1
+7.269695E+9	+9.269166E-1	-1.202646E-1
+7.269710E+9	+9.269053E-1	-1.206860E-1
+7.269725E+9	+9.271824E-1	-1.205668E-1
+7.269740E+9	+9.269772E-1	-1.207844E-1
+7.269755E+9	+9.269314E-1	-1.209196E-1
+7.269770E+9	+9.271757E-1	-1.211042E-1
+7.269785E+9	+9.271044E-1	-1.212871E-1
+7.269800E+9	+9.272611E-1	-1.215927E-1
+7.269815E+9	+9.271009E-1	-1.217649E-1
+7.269830E+9	+9.267794E-1	-1.217573E-1
+7.269845E+9	+9.268022E-1	-1.215668E-1
+7.269860E+9	+9.269874E-1	-1.220968E-1
+7.269875E+9	+9.271590E-1	-1.224964E-1
+7.269890E+9	+9.271230E-1	-1.225716E-1
+7.269905E+9	+9.272359E-1	-1.229361E-1
+7.269920E+9	+9.273606E-1	-1.228514E-1
+7.269935E+9	+9.273869E-1	-1.231697E-1
+7.269950E+9	+9.267899E-1	-1.232241E-1
+7.269965E+9	+9.266963E-1	-1.235093E-1
+7.269980E+9	+9.268459E-1	-1.236250E-1
+7.269995E+9	+9.269203E-1	-1.236490E-1
+7.270010E+9	+9.268733E-1	-1.240073E-1
+7.270025E+9	+9.265512E-1	-1.242360E-1
+7.270040E+9	+9.263484E-1	-1.243959E-1
+7.270055E+9	+9.265610E-1	-1.244594E-1
+7.270070E+9	+9.266895E-1	-1.244331E-1
+7.270085E+9	+9.266363E-1	-1.246719E-1
+7.270100E+9	+9.266643E-1	-1.249830E-1
+7.270115E+9	+9.264211E-1	-1.251345E-1
+7.270130E+9	+9.264540E-1	-1.251707E-1
+7.270145E+9	+9.264829E-1	-1.253486E-1
+7.270160E+9	+9.264948E-1	-1.255105E-1
+7.270175E+9	+9.262720E-1	-1.257469E-1
+7.270190E+9	+9.261447E-1	-1.257069E-1
+7.270205E+9	+9.262389E-1	-1.260074E-1
+7.270220E+9	+9.262834E-1	-1.264928E-1
+7.270235E+9	+9.261400E-1	-1.266672E-1
+7.270250E+9	+9.261330E-1	-1.263728E-1
+7.270265E+9	+9.262340E-1	-1.269110E-1
+7.270280E+9	+9.262544E-1	-1.269996E-1
+7.270295E+9	+9.262784E-1	-1.271694E-1
+7.270310E+9	+9.262546E-1	-1.275048E-1
+7.270325E+9	+9.263116E-1	-1.277168E-1
+7.270340E+9	+9.262661E-1	-1.277693E-1
+7.270355E+9	+9.261533E-1	-1.275800E-1
+7.270370E+9	+9.261786E-1	-1.280767E-1
+7.270385E+9	+9.258755E-1	-1.282932E-1
+7.270400E+9	+9.259755E-1	-1.282501E-1
+7.270415E+9	+9.258130E-1	-1.285492E-1
+7.270430E+9	+9.259311E-1	-1.285716E-1
+7.270445E+9	+9.258347E-1	-1.287378E-1
+7.270460E+9	+9.257996E-1	-1.287214E-1
+7.270475E+9	+9.259904E-1	-1.288705E-1
+7.270490E+9	+9.258811E-1	-1.293502E-1
+7.270505E+9	+9.257119E-1	-1.297323E-1
+7.270520E+9	+9.258401E-1	-1.299209E-1
+7.270535E+9	+9.257574E-1	-1.299487E-1
+7.270550E+9	+9.260092E-1	-1.298254E-1
+7.270565E+9	+9.259013E-1	-1.301239E-1
+7.270580E+9	+9.256135E-1	-1.303577E-1
+7.270595E+9	+9.254440E-1	-1.304521E-1
+7.270610E+9	+9.257316E-1	-1.305459E-1
+7.270625E+9	+9.256303E-1	-1.308568E-1
+7.270640E+9	+9.255822E-1	-1.311457E-1
+7.270655E+9	+9.256393E-1	-1.314948E-1
+7.270670E+9	+9.255359E-1	-1.316297E-1
+7.270685E+9	+9.257123E-1	-1.314968E-1
+7.270700E+9	+9.257920E-1	-1.316410E-1
+7.270715E+9	+9.252782E-1	-1.316220E-1
+7.270730E+9	+9.256225E-1	-1.317569E-1
+7.270745E+9	+9.257035E-1	-1.323325E-1
+7.270760E+9	+9.252221E-1	-1.326824E-1
+7.270775E+9	+9.253535E-1	-1.328774E-1
+7.270790E+9	+9.255357E-1	-1.326605E-1
+7.270805E+9	+9.254685E-1	-1.328925E-1
+7.270820E+9	+9.253275E-1	-1.330804E-1
+7.270835E+9	+9.251687E-1	-1.334002E-1
+7.270850E+9	+9.252223E-1	-1.335396E-1
+7.270865E+9	+9.251295E-1	-1.336406E-1
+7.270880E+9	+9.251667E-1	-1.337701E-1
+7.270895E+9	+9.252190E-1	-1.339865E-1
+7.270910E+9	+9.253306E-1	-1.340110E-1
+7.270925E+9	+9.253014E-1	-1.340425E-1
+7.270940E+9	+9.250496E-1	-1.343645E-1
+7.270955E+9	+9.249974E-1	-1.348292E-1
+7.270970E+9	+9.252564E-1	-1.350058E-1
+7.270985E+9	+9.253054E-1	-1.353037E-1
+7.271000E+9	+9.249099E-1	-1.352501E-1
+7.271015E+9	+9.250342E-1	-1.353435E-1
+7.271030E+9	+9.251605E-1	-1.357576E-1
+7.271045E+9	+9.250673E-1	-1.355741E-1
+7.271060E+9	+9.248063E-1	-1.358480E-1
+7.271075E+9	+9.250219E-1	-1.358892E-1
+7.271090E+9	+9.249438E-1	-1.361342E-1
+7.271105E+9	+9.246999E-1	-1.363239E-1
+7.271120E+9	+9.247255E-1	-1.361539E-1
+7.271135E+9	+9.247328E-1	-1.366040E-1
+7.271150E+9	+9.248444E-1	-1.366589E-1
+7.271165E+9	+9.248058E-1	-1.368983E-1
+7.271180E+9	+9.246599E-1	-1.371349E-1
+7.271195E+9	+9.245802E-1	-1.372314E-1
+7.271210E+9	+9.247070E-1	-1.374821E-1
+7.271225E+9	+9.248515E-1	-1.376705E-1
+7.271240E+9	+9.246345E-1	-1.374536E-1
+7.271255E+9	+9.243847E-1	-1.378068E-1
+7.271270E+9	+9.244073E-1	-1.378595E-1
+7.271285E+9	+9.244004E-1	-1.381866E-1
+7.271300E+9	+9.244076E-1	-1.383074E-1
+7.271315E+9	+9.242104E-1	-1.386886E-1
+7.271330E+9	+9.242716E-1	-1.389470E-1
+7.271345E+9	+9.241993E-1	-1.391371E-1
+7.271360E+9	+9.240574E-1	-1.392577E-1
+7.271375E+9	+9.240275E-1	-1.394257E-1
+7.271390E+9	+9.240679E-1	-1.394628E-1
+7.271405E+9	+9.241577E-1	-1.397519E-1
+7.271420E+9	+9.241178E-1	-1.398294E-1
+7.271435E+9	+9.241856E-1	-1.398334E-1
+7.271450E+9	+9.243532E-1	-1.403245E-1
+7.271465E+9	+9.241380E-1	-1.403773E-1
+7.271480E+9	+9.241196E-1	-1.405470E-1
+7.271495E+9	+9.240520E-1	-1.409055E-1
+7.271510E+9	+9.239855E-1	-1.409634E-1
+7.271525E+9	+9.239201E-1	-1.411785E-1
+7.271540E+9	+9.240743E-1	-1.413920E-1
+7.271555E+9	+9.240685E-1	-1.415153E-1
+7.271570E+9	+9.242483E-1	-1.415218E-1
+7.271585E+9	+9.238279E-1	-1.416154E-1
+7.271600E+9	+9.238590E-1	-1.419185E-1
+7.271615E+9	+9.238080E-1	-1.420041E-1
+7.271630E+9	+9.239160E-1	-1.422078E-1
+7.271645E+9	+9.239851E-1	-1.424488E-1
+7.271660E+9	+9.237036E-1	-1.425016E-1
+7.271675E+9	+9.239033E-1	-1.427527E-1
+7.271690E+9	+9.236618E-1	-1.427834E-1
+7.271705E+9	+9.234463E-1	-1.430106E-1
+7.271720E+9	+9.236185E-1	-1.431087E-1
+7.271735E+9	+9.234964E-1	-1.434089E-1
+7.271750E+9	+9.234009E-1	-1.435231E-1
+7.271765E+9	+9.235084E-1	-1.438103E-1
+7.271780E+9	+9.233206E-1	-1.439393E-1
+7.271795E+9	+9.235669E-1	-1.441570E-1
+7.271810E+9	+9.234830E-1	-1.443221E-1
+7.271825E+9	+9.233871E-1	-1.447245E-1
+7.271840E+9	+9.235670E-1	-1.447399E-1
+7.271855E+9	+9.236360E-1	-1.446525E-1
+7.271870E+9	+9.233494E-1	-1.447379E-1
+7.271885E+9	+9.234726E-1	-1.450739E-1
+7.271900E+9	+9.234318E-1	-1.455952E-1
+7.271915E+9	+9.232225E-1	-1.456238E-1
+7.271930E+9	+9.231715E-1	-1.457986E-1
+7.271945E+9	+9.231889E-1	-1.459861E-1
+7.271960E+9	+9.234240E-1	-1.461895E-1
+7.271975E+9	+9.232178E-1	-1.463249E-1
+7.271990E+9	+9.233550E-1	-1.463555E-1
+7.272005E+9	+9.233575E-1	-1.465750E-1
+7.272020E+9	+9.232841E-1	-1.465419E-1
+7.272035E+9	+9.231603E-1	-1.466091E-1
+7.272050E+9	+9.231670E-1	-1.470544E-1
+7.272065E+9	+9.230170E-1	-1.473068E-1
+7.272080E+9	+9.230645E-1	-1.474616E-1
+7.272095E+9	+9.232815E-1	-1.475770E-1
+7.272110E+9	+9.231299E-1	-1.477494E-1
+7.272125E+9	+9.226194E-1	-1.476006E-1
+7.272140E+9	+9.228446E-1	-1.479744E-1
+7.272155E+9	+9.226953E-1	-1.481263E-1
+7.272170E+9	+9.228347E-1	-1.484057E-1
+7.272185E+9	+9.228077E-1	-1.487310E-1
+7.272200E+9	+9.226658E-1	-1.489490E-1
+7.272215E+9	+9.226556E-1	-1.490188E-1
+7.272230E+9	+9.227740E-1	-1.491276E-1
+7.272245E+9	+9.226432E-1	-1.493364E-1
+7.272260E+9	+9.225086E-1	-1.496100E-1
+7.272275E+9	+9.224819E-1	-1.498495E-1
+7.272290E+9	+9.225780E-1	-1.498141E-1
+7.272305E+9	+9.225746E-1	-1.499503E-1
+7.272320E+9	+9.225969E-1	-1.500111E-1
+7.272335E+9	+9.225624E-1	-1.500570E-1
+7.272350E+9	+9.227008E-1	-1.502481E-1
+7.272365E+9	+9.225116E-1	-1.505880E-1
+7.272380E+9	+9.221555E-1	-1.506991E-1
+7.272395E+9	+9.221710E-1	-1.511216E-1
+7.272410E+9	+9.221719E-1	-1.510709E-1
+7.272425E+9	+9.224254E-1	-1.510539E-1
+7.272440E+9	+9.223250E-1	-1.512663E-1
+7.272455E+9	+9.222121E-1	-1.515057E-1
+7.272470E+9	+9.220549E-1	-1.517679E-1
+7.272485E+9	+9.220723E-1	-1.518695E-1
+7.272500E+9	+9.220934E-1	-1.520843E-1
+7.272515E+9	+9.219183E-1	-1.523571E-1
+7.272530E+9	+9.219443E-1	-1.528197E-1
+7.272545E+9	+9.220037E-1	-1.527137E-1
+7.272560E+9	+9.222109E-1	-1.528577E-1
+7.272575E+9	+9.223404E-1	-1.530884E-1
+7.272590E+9	+9.221887E-1	-1.533344E-1
+7.272605E+9	+9.219122E-1	-1.533599E-1
+7.272620E+9	+9.216849E-1	-1.534223E-1
+7.272635E+9	+9.218008E-1	-1.536721E-1
+7.272650E+9	+9.218666E-1	-1.540824E-1
+7.272665E+9	+9.218347E-1	-1.541974E-1
+7.272680E+9	+9.217341E-1	-1.540499E-1
+7.272695E+9	+9.216782E-1	-1.543159E-1
+7.272710E+9	+9.215780E-1	-1.546205E-1
+7.272725E+9	+9.215967E-1	-1.548750E-1
+7.272740E+9	+9.216108E-1	-1.548019E-1
+7.272755E+9	+9.216872E-1	-1.550178E-1
+7.272770E+9	+9.215069E-1	-1.554158E-1
+7.272785E+9	+9.214752E-1	-1.554133E-1
+7.272800E+9	+9.212958E-1	-1.554443E-1
+7.272815E+9	+9.212959E-1	-1.557851E-1
+7.272830E+9	+9.214215E-1	-1.560539E-1
+7.272845E+9	+9.214733E-1	-1.560700E-1
+7.272860E+9	+9.214529E-1	-1.563056E-1
+7.272875E+9	+9.216443E-1	-1.562927E-1
+7.272890E+9	+9.217728E-1	-1.566693E-1
+7.272905E+9	+9.213768E-1	-1.569320E-1
+7.272920E+9	+9.212355E-1	-1.571106E-1
+7.272935E+9	+9.210905E-1	-1.570221E-1
+7.272950E+9	+9.212839E-1	-1.573866E-1
+7.272965E+9	+9.210926E-1	-1.574297E-1
+7.272980E+9	+9.211145E-1	-1.575589E-1
+7.272995E+9	+9.208646E-1	-1.578189E-1
+7.273010E+9	+9.209643E-1	-1.582037E-1
+7.273025E+9	+9.212025E-1	-1.583513E-1
+7.273040E+9	+9.212679E-1	-1.582201E-1
+7.273055E+9	+9.211850E-1	-1.582768E-1
+7.273070E+9	+9.210919E-1	-1.586440E-1
+7.273085E+9	+9.210150E-1	-1.589629E-1
+7.273100E+9	+9.209801E-1	-1.590835E-1
+7.273115E+9	+9.203798E-1	-1.591217E-1
+7.273130E+9	+9.206534E-1	-1.594232E-1
+7.273145E+9	+9.210155E-1	-1.596342E-1
+7.273160E+9	+9.208971E-1	-1.598148E-1
+7.273175E+9	+9.206453E-1	-1.599295E-1
+7.273190E+9	+9.206028E-1	-1.601055E-1
+7.273205E+9	+9.206246E-1	-1.602431E-1
+7.273220E+9	+9.207660E-1	-1.604923E-1
+7.273235E+9	+9.207384E-1	-1.605955E-1
+7.273250E+9	+9.207709E-1	-1.608208E-1
+7.273265E+9	+9.205951E-1	-1.609441E-1
+7.273280E+9	+9.204759E-1	-1.608728E-1
+7.273295E+9	+9.203099E-1	-1.612470E-1
+7.273310E+9	+9.202294E-1	-1.613478E-1
+7.273325E+9	+9.203543E-1	-1.618527E-1
+7.273340E+9	+9.200123E-1	-1.619885E-1
+7.273355E+9	+9.203220E-1	-1.617002E-1
+7.273370E+9	+9.202005E-1	-1.620698E-1
+7.273385E+9	+9.203091E-1	-1.621997E-1
+7.273400E+9	+9.203633E-1	-1.621186E-1
+7.273415E+9	+9.203376E-1	-1.624952E-1
+7.273430E+9	+9.200407E-1	-1.627681E-1
+7.273445E+9	+9.200598E-1	-1.627489E-1
+7.273460E+9	+9.203480E-1	-1.630753E-1
+7.273475E+9	+9.203442E-1	-1.631876E-1
+7.273490E+9	+9.199238E-1	-1.634251E-1
+7.273505E+9	+9.200044E-1	-1.634048E-1
+7.273520E+9	+9.199314E-1	-1.635996E-1
+7.273535E+9	+9.199322E-1	-1.639616E-1
+7.273550E+9	+9.199518E-1	-1.640001E-1
+7.273565E+9	+9.201195E-1	-1.644972E-1
+7.273580E+9	+9.200355E-1	-1.644969E-1
+7.273595E+9	+9.200505E-1	-1.646396E-1
+7.273610E+9	+9.196148E-1	-1.646992E-1
+7.273625E+9	+9.197119E-1	-1.648816E-1
+7.273640E+9	+9.198811E-1	-1.649580E-1
+7.273655E+9	+9.197494E-1	-1.654611E-1
+7.273670E+9	+9.195070E-1	-1.654379E-1
+7.273685E+9	+9.196416E-1	-1.655269E-1
+7.273700E+9	+9.198517E-1	-1.659011E-1
+7.273715E+9	+9.197130E-1	-1.657946E-1
+7.273730E+9	+9.198300E-1	-1.658863E-1
+7.273745E+9	+9.193273E-1	-1.660862E-1
+7.273760E+9	+9.192059E-1	-1.663818E-1
+7.273775E+9	+9.189195E-1	-1.668339E-1
+7.273790E+9	+9.189275E-1	-1.667059E-1
+7.273805E+9	+9.194784E-1	-1.666774E-1
+7.273820E+9	+9.195257E-1	-1.668677E-1
+7.273835E+9	+9.193743E-1	-1.674426E-1
+7.273850E+9	+9.193713E-1	-1.675067E-1
+7.273865E+9	+9.193258E-1	-1.676480E-1
+7.273880E+9	+9.192977E-1	-1.678619E-1
+7.273895E+9	+9.190260E-1	-1.680338E-1
+7.273910E+9	+9.192588E-1	-1.681525E-1
+7.273925E+9	+9.190410E-1	-1.682897E-1
+7.273940E+9	+9.190901E-1	-1.686396E-1
+7.273955E+9	+9.188942E-1	-1.687983E-1
+7.273970E+9	+9.190249E-1	-1.688012E-1
+7.273985E+9	+9.191569E-1	-1.691599E-1
+7.274000E+9	+9.190656E-1	-1.693666E-1
+7.274015E+9	+9.189179E-1	-1.693461E-1
+7.274030E+9	+9.189110E-1	-1.694970E-1
+7.274045E+9	+9.187678E-1	-1.695661E-1
+7.274060E+9	+9.186502E-1	-1.697857E-1
+7.274075E+9	+9.187616E-1	-1.700880E-1
+7.274090E+9	+9.184749E-1	-1.701203E-1
+7.274105E+9	+9.183587E-1	-1.704150E-1
+7.274120E+9	+9.184080E-1	-1.704967E-1
+7.274135E+9	+9.188152E-1	-1.707026E-1
+7.274150E+9	+9.188318E-1	-1.709461E-1
+7.274165E+9	+9.187039E-1	-1.713233E-1
+7.274180E+9	+9.186488E-1	-1.713183E-1
+7.274195E+9	+9.185089E-1	-1.714784E-1
+7.274210E+9	+9.183323E-1	-1.716400E-1
+7.274225E+9	+9.181086E-1	-1.718480E-1
+7.274240E+9	+9.178780E-1	-1.716270E-1
+7.274255E+9	+9.183702E-1	-1.717646E-1
+7.274270E+9	+9.184671E-1	-1.721262E-1
+7.274285E+9	+9.182965E-1	-1.724371E-1
+7.274300E+9	+9.182505E-1	-1.726323E-1
+7.274315E+9	+9.183644E-1	-1.725971E-1
+7.274330E+9	+9.186125E-1	-1.726155E-1
+7.274345E+9	+9.180495E-1	-1.731644E-1
+7.274360E+9	+9.179879E-1	-1.730424E-1
+7.274375E+9	+9.179841E-1	-1.733821E-1
+7.274390E+9	+9.177913E-1	-1.735712E-1
+7.274405E+9	+9.178747E-1	-1.738758E-1
+7.274420E+9	+9.177456E-1	-1.740684E-1
+7.274435E+9	+9.177047E-1	-1.744523E-1
+7.274450E+9	+9.176836E-1	-1.744998E-1
+7.274465E+9	+9.180393E-1	-1.745808E-1
+7.274480E+9	+9.180804E-1	-1.746220E-1
+7.274495E+9	+9.176827E-1	-1.751509E-1
+7.274510E+9	+9.175740E-1	-1.752386E-1
+7.274525E+9	+9.179836E-1	-1.750829E-1
+7.274540E+9	+9.178250E-1	-1.754833E-1
+7.274555E+9	+9.178112E-1	-1.756980E-1
+7.274570E+9	+9.176768E-1	-1.759315E-1
+7.274585E+9	+9.178821E-1	-1.760498E-1
+7.274600E+9	+9.176886E-1	-1.761178E-1
+7.274615E+9	+9.172989E-1	-1.763693E-1
+7.274630E+9	+9.171466E-1	-1.762639E-1
+7.274645E+9	+9.172291E-1	-1.764006E-1
+7.274660E+9	+9.172612E-1	-1.765158E-1
+7.274675E+9	+9.172596E-1	-1.768069E-1
+7.274690E+9	+9.173434E-1	-1.769561E-1
+7.274705E+9	+9.172472E-1	-1.770964E-1
+7.274720E+9	+9.173458E-1	-1.771054E-1
+7.274735E+9	+9.172695E-1	-1.773333E-1
+7.274750E+9	+9.170815E-1	-1.773582E-1
+7.274765E+9	+9.170042E-1	-1.778870E-1
+7.274780E+9	+9.171503E-1	-1.780283E-1
+7.274795E+9	+9.170358E-1	-1.782760E-1
+7.274810E+9	+9.170087E-1	-1.783093E-1
+7.274825E+9	+9.168328E-1	-1.786019E-1
+7.274840E+9	+9.168668E-1	-1.787738E-1
+7.274855E+9	+9.168861E-1	-1.787876E-1
+7.274870E+9	+9.165193E-1	-1.793449E-1
+7.274885E+9	+9.164223E-1	-1.793924E-1
+7.274900E+9	+9.164429E-1	-1.794498E-1
+7.274915E+9	+9.165423E-1	-1.794295E-1
+7.274930E+9	+9.169083E-1	-1.797340E-1
+7.274945E+9	+9.168289E-1	-1.797367E-1
+7.274960E+9	+9.167631E-1	-1.798823E-1
+7.274975E+9	+9.169290E-1	-1.802679E-1
+7.274990E+9	+9.166816E-1	-1.806934E-1
+7.275005E+9	+9.162835E-1	-1.806106E-1
+7.275020E+9	+9.162747E-1	-1.808546E-1
+7.275035E+9	+9.162872E-1	-1.810475E-1
+7.275050E+9	+9.161239E-1	-1.813678E-1
+7.275065E+9	+9.162969E-1	-1.813996E-1
+7.275080E+9	+9.162948E-1	-1.817102E-1
+7.275095E+9	+9.163064E-1	-1.818933E-1
+7.275110E+9	+9.166099E-1	-1.818723E-1
+7.275125E+9	+9.162876E-1	-1.819822E-1
+7.275140E+9	+9.163984E-1	-1.823282E-1
+7.275155E+9	+9.160972E-1	-1.826333E-1
+7.275170E+9	+9.161000E-1	-1.825346E-1
+7.275185E+9	+9.162585E-1	-1.824919E-1
+7.275200E+9	+9.164320E-1	-1.827907E-1
+7.275215E+9	+9.160123E-1	-1.826891E-1
+7.275230E+9	+9.157404E-1	-1.830034E-1
+7.275245E+9	+9.161791E-1	-1.834341E-1
+7.275260E+9	+9.163135E-1	-1.835803E-1
+7.275275E+9	+9.159247E-1	-1.839012E-1
+7.275290E+9	+9.159082E-1	-1.839529E-1
+7.275305E+9	+9.157655E-1	-1.841066E-1
+7.275320E+9	+9.156048E-1	-1.843421E-1
+7.275335E+9	+9.156082E-1	-1.845813E-1
+7.275350E+9	+9.155672E-1	-1.844003E-1
+7.275365E+9	+9.154705E-1	-1.846090E-1
+7.275380E+9	+9.155936E-1	-1.847893E-1
+7.275395E+9	+9.158584E-1	-1.853493E-1
+7.275410E+9	+9.158187E-1	-1.853950E-1
+7.275425E+9	+9.152110E-1	-1.853271E-1
+7.275440E+9	+9.152358E-1	-1.858644E-1
+7.275455E+9	+9.152659E-1	-1.859880E-1
+7.275470E+9	+9.152526E-1	-1.862446E-1
+7.275485E+9	+9.151995E-1	-1.861941E-1
+7.275500E+9	+9.150432E-1	-1.859338E-1
+7.275515E+9	+9.156818E-1	-1.862653E-1
+7.275530E+9	+9.152841E-1	-1.865825E-1
+7.275545E+9	+9.151365E-1	-1.866802E-1
+7.275560E+9	+9.150410E-1	-1.872034E-1
+7.275575E+9	+9.152772E-1	-1.870883E-1
+7.275590E+9	+9.151435E-1	-1.869619E-1
+7.275605E+9	+9.153464E-1	-1.874605E-1
+7.275620E+9	+9.150632E-1	-1.877992E-1
+7.275635E+9	+9.149324E-1	-1.880244E-1
+7.275650E+9	+9.148400E-1	-1.878402E-1
+7.275665E+9	+9.148805E-1	-1.879581E-1
+7.275680E+9	+9.149423E-1	-1.880723E-1
+7.275695E+9	+9.147647E-1	-1.882516E-1
+7.275710E+9	+9.149904E-1	-1.889846E-1
+7.275725E+9	+9.148582E-1	-1.886838E-1
+7.275740E+9	+9.146543E-1	-1.886832E-1
+7.275755E+9	+9.144323E-1	-1.885507E-1
+7.275770E+9	+9.149391E-1	-1.888828E-1
+7.275785E+9	+9.148495E-1	-1.900202E-1
+7.275800E+9	+9.150226E-1	-1.896962E-1
+7.275815E+9	+9.147773E-1	-1.898365E-1
+7.275830E+9	+9.141101E-1	-1.901027E-1
+7.275845E+9	+9.142840E-1	-1.901881E-1
+7.275860E+9	+9.143803E-1	-1.899056E-1
+7.275875E+9	+9.146643E-1	-1.904284E-1
+7.275890E+9	+9.146242E-1	-1.906004E-1
+7.275905E+9	+9.148805E-1	-1.911781E-1
+7.275920E+9	+9.144960E-1	-1.913697E-1
+7.275935E+9	+9.143440E-1	-1.912809E-1
+7.275950E+9	+9.142341E-1	-1.912831E-1
+7.275965E+9	+9.142227E-1	-1.915432E-1
+7.275980E+9	+9.144337E-1	-1.917227E-1
+7.275995E+9	+9.142717E-1	-1.917081E-1
+7.276010E+9	+9.143643E-1	-1.916259E-1
+7.276025E+9	+9.144971E-1	-1.919911E-1
+7.276040E+9	+9.142183E-1	-1.924513E-1
+7.276055E+9	+9.141563E-1	-1.925676E-1
+7.276070E+9	+9.139235E-1	-1.926643E-1
+7.276085E+9	+9.137310E-1	-1.929901E-1
+7.276100E+9	+9.138346E-1	-1.933110E-1
+7.276115E+9	+9.135871E-1	-1.932179E-1
+7.276130E+9	+9.140048E-1	-1.934096E-1
+7.276145E+9	+9.140994E-1	-1.932046E-1
+7.276160E+9	+9.137336E-1	-1.936568E-1
+7.276175E+9	+9.137438E-1	-1.938739E-1
+7.276190E+9	+9.135125E-1	-1.943587E-1
+7.276205E+9	+9.137136E-1	-1.948317E-1
+7.276220E+9	+9.136418E-1	-1.948167E-1
+7.276235E+9	+9.138442E-1	-1.947946E-1
+7.276250E+9	+9.136141E-1	-1.952440E-1
+7.276265E+9	+9.133896E-1	-1.951688E-1
+7.276280E+9	+9.132696E-1	-1.954132E-1
+7.276295E+9	+9.131185E-1	-1.953211E-1
+7.276310E+9	+9.131321E-1	-1.954217E-1
+7.276325E+9	+9.132468E-1	-1.956347E-1
+7.276340E+9	+9.131285E-1	-1.959320E-1
+7.276355E+9	+9.133930E-1	-1.960951E-1
+7.276370E+9	+9.134319E-1	-1.961934E-1
+7.276385E+9	+9.136467E-1	-1.963231E-1
+7.276400E+9	+9.130718E-1	-1.965124E-1
+7.276415E+9	+9.129810E-1	-1.965203E-1
+7.276430E+9	+9.132676E-1	-1.967650E-1
+7.276445E+9	+9.132061E-1	-1.971440E-1
+7.276460E+9	+9.126425E-1	-1.972675E-1
+7.276475E+9	+9.123926E-1	-1.973443E-1
+7.276490E+9	+9.126680E-1	-1.976460E-1
+7.276505E+9	+9.128707E-1	-1.977637E-1
+7.276520E+9	+9.128258E-1	-1.982341E-1
+7.276535E+9	+9.126864E-1	-1.981294E-1
+7.276550E+9	+9.127591E-1	-1.976770E-1
+7.276565E+9	+9.125997E-1	-1.980942E-1
+7.276580E+9	+9.122660E-1	-1.985615E-1
+7.276595E+9	+9.122088E-1	-1.984150E-1
+7.276610E+9	+9.123979E-1	-1.988195E-1
+7.276625E+9	+9.126356E-1	-1.990190E-1
+7.276640E+9	+9.126236E-1	-1.993776E-1
+7.276655E+9	+9.126607E-1	-1.995969E-1
+7.276670E+9	+9.124610E-1	-1.997057E-1
+7.276685E+9	+9.123311E-1	-1.998727E-1
+7.276700E+9	+9.117178E-1	-1.997105E-1
+7.276715E+9	+9.118402E-1	-2.001090E-1
+7.276730E+9	+9.119138E-1	-2.002320E-1
+7.276745E+9	+9.122048E-1	-2.001708E-1
+7.276760E+9	+9.121148E-1	-2.002571E-1
+7.276775E+9	+9.119118E-1	-2.009499E-1
+7.276790E+9	+9.116707E-1	-2.011640E-1
+7.276805E+9	+9.117143E-1	-2.012860E-1
+7.276820E+9	+9.121309E-1	-2.013722E-1
+7.276835E+9	+9.120415E-1	-2.016032E-1
+7.276850E+9	+9.118467E-1	-2.018263E-1
+7.276865E+9	+9.120818E-1	-2.018525E-1
+7.276880E+9	+9.124202E-1	-2.017616E-1
+7.276895E+9	+9.119572E-1	-2.020160E-1
+7.276910E+9	+9.117329E-1	-2.023223E-1
+7.276925E+9	+9.116878E-1	-2.025437E-1
+7.276940E+9	+9.113570E-1	-2.025462E-1
+7.276955E+9	+9.114317E-1	-2.029571E-1
+7.276970E+9	+9.114484E-1	-2.031626E-1
+7.276985E+9	+9.116776E-1	-2.034702E-1
+7.277000E+9	+9.115014E-1	-2.032700E-1
+7.277015E+9	+9.112259E-1	-2.032695E-1
+7.277030E+9	+9.112402E-1	-2.035606E-1
+7.277045E+9	+9.114801E-1	-2.034580E-1
+7.277060E+9	+9.116574E-1	-2.038761E-1
+7.277075E+9	+9.112461E-1	-2.043542E-1
+7.277090E+9	+9.113162E-1	-2.046941E-1
+7.277105E+9	+9.113820E-1	-2.047965E-1
+7.277120E+9	+9.114241E-1	-2.049055E-1
+7.277135E+9	+9.115807E-1	-2.053982E-1
+7.277150E+9	+9.111327E-1	-2.056122E-1
+7.277165E+9	+9.109493E-1	-2.052604E-1
+7.277180E+9	+9.110155E-1	-2.050008E-1
+7.277195E+9	+9.112544E-1	-2.056385E-1
+7.277210E+9	+9.111782E-1	-2.054737E-1
+7.277225E+9	+9.110281E-1	-2.056808E-1
+7.277240E+9	+9.108652E-1	-2.056188E-1
+7.277255E+9	+9.104016E-1	-2.063013E-1
+7.277270E+9	+9.105240E-1	-2.064865E-1
+7.277285E+9	+9.112327E-1	-2.067628E-1
+7.277300E+9	+9.110411E-1	-2.068610E-1
+7.277315E+9	+9.108558E-1	-2.068280E-1
+7.277330E+9	+9.103588E-1	-2.069551E-1
+7.277345E+9	+9.104943E-1	-2.069914E-1
+7.277360E+9	+9.102583E-1	-2.071605E-1
+7.277375E+9	+9.104551E-1	-2.073591E-1
+7.277390E+9	+9.101429E-1	-2.075116E-1
+7.277405E+9	+9.100835E-1	-2.074077E-1
+7.277420E+9	+9.100445E-1	-2.077510E-1
+7.277435E+9	+9.104176E-1	-2.084327E-1
+7.277450E+9	+9.104664E-1	-2.084240E-1
+7.277465E+9	+9.104148E-1	-2.082373E-1
+7.277480E+9	+9.107967E-1	-2.084164E-1
+7.277495E+9	+9.101354E-1	-2.088764E-1
+7.277510E+9	+9.099319E-1	-2.091762E-1
+7.277525E+9	+9.101265E-1	-2.090906E-1
+7.277540E+9	+9.100660E-1	-2.093586E-1
+7.277555E+9	+9.101475E-1	-2.098224E-1
+7.277570E+9	+9.102076E-1	-2.094881E-1
+7.277585E+9	+9.099607E-1	-2.098339E-1
+7.277600E+9	+9.099977E-1	-2.105041E-1
+7.277615E+9	+9.096470E-1	-2.106131E-1
+7.277630E+9	+9.095604E-1	-2.109428E-1
+7.277645E+9	+9.098416E-1	-2.110241E-1
+7.277660E+9	+9.098576E-1	-2.109298E-1
+7.277675E+9	+9.098802E-1	-2.106666E-1
+7.277690E+9	+9.095775E-1	-2.110349E-1
+7.277705E+9	+9.094331E-1	-2.110472E-1
+7.277720E+9	+9.092138E-1	-2.110308E-1
+7.277735E+9	+9.093245E-1	-2.111676E-1
+7.277750E+9	+9.090915E-1	-2.117490E-1
+7.277765E+9	+9.094790E-1	-2.121374E-1
+7.277780E+9	+9.095188E-1	-2.125087E-1
+7.277795E+9	+9.094053E-1	-2.124990E-1
+7.277810E+9	+9.091418E-1	-2.122672E-1
+7.277825E+9	+9.094204E-1	-2.124559E-1
+7.277840E+9	+9.092002E-1	-2.124198E-1
+7.277855E+9	+9.089735E-1	-2.128307E-1
+7.277870E+9	+9.090269E-1	-2.132622E-1
+7.277885E+9	+9.092484E-1	-2.132668E-1
+7.277900E+9	+9.093157E-1	-2.134793E-1
+7.277915E+9	+9.091383E-1	-2.136056E-1
+7.277930E+9	+9.088842E-1	-2.139135E-1
+7.277945E+9	+9.088537E-1	-2.137907E-1
+7.277960E+9	+9.087840E-1	-2.141485E-1
+7.277975E+9	+9.088353E-1	-2.145753E-1
+7.277990E+9	+9.086549E-1	-2.145654E-1
+7.278005E+9	+9.086286E-1	-2.146118E-1
+7.278020E+9	+9.086848E-1	-2.145911E-1
+7.278035E+9	+9.091212E-1	-2.151650E-1
+7.278050E+9	+9.089861E-1	-2.151827E-1
+7.278065E+9	+9.084806E-1	-2.154219E-1
+7.278080E+9	+9.085066E-1	-2.157224E-1
+7.278095E+9	+9.086149E-1	-2.157047E-1
+7.278110E+9	+9.085396E-1	-2.158404E-1
+7.278125E+9	+9.080616E-1	-2.161279E-1
+7.278140E+9	+9.080619E-1	-2.164041E-1
+7.278155E+9	+9.080043E-1	-2.164844E-1
+7.278170E+9	+9.080116E-1	-2.166138E-1
+7.278185E+9	+9.076579E-1	-2.171690E-1
+7.278200E+9	+9.079226E-1	-2.169281E-1
+7.278215E+9	+9.080657E-1	-2.170220E-1
+7.278230E+9	+9.081012E-1	-2.172969E-1
+7.278245E+9	+9.081656E-1	-2.174012E-1
+7.278260E+9	+9.077115E-1	-2.176205E-1
+7.278275E+9	+9.074159E-1	-2.176827E-1
+7.278290E+9	+9.074762E-1	-2.176054E-1
+7.278305E+9	+9.079518E-1	-2.178394E-1
+7.278320E+9	+9.079775E-1	-2.183864E-1
+7.278335E+9	+9.073963E-1	-2.185807E-1
+7.278350E+9	+9.073100E-1	-2.185757E-1
+7.278365E+9	+9.074541E-1	-2.187362E-1
+7.278380E+9	+9.078062E-1	-2.188889E-1
+7.278395E+9	+9.076429E-1	-2.187824E-1
+7.278410E+9	+9.075521E-1	-2.188704E-1
+7.278425E+9	+9.072777E-1	-2.191958E-1
+7.278440E+9	+9.070673E-1	-2.192267E-1
+7.278455E+9	+9.070993E-1	-2.195736E-1
+7.278470E+9	+9.069277E-1	-2.195653E-1
+7.278485E+9	+9.070585E-1	-2.201339E-1
+7.278500E+9	+9.068287E-1	-2.201413E-1
+7.278515E+9	+9.071616E-1	-2.206019E-1
+7.278530E+9	+9.073892E-1	-2.206546E-1
+7.278545E+9	+9.070673E-1	-2.208361E-1
+7.278560E+9	+9.068800E-1	-2.204012E-1
+7.278575E+9	+9.069867E-1	-2.208590E-1
+7.278590E+9	+9.065088E-1	-2.212658E-1
+7.278605E+9	+9.068128E-1	-2.215264E-1
+7.278620E+9	+9.065845E-1	-2.217497E-1
+7.278635E+9	+9.065023E-1	-2.218943E-1
+7.278650E+9	+9.065910E-1	-2.222809E-1
+7.278665E+9	+9.068865E-1	-2.222371E-1
+7.278680E+9	+9.069725E-1	-2.221621E-1
+7.278695E+9	+9.065072E-1	-2.225987E-1
+7.278710E+9	+9.065680E-1	-2.227344E-1
+7.278725E+9	+9.068315E-1	-2.229362E-1
+7.278740E+9	+9.064449E-1	-2.229419E-1
+7.278755E+9	+9.064301E-1	-2.230888E-1
+7.278770E+9	+9.060549E-1	-2.230447E-1
+7.278785E+9	+9.060515E-1	-2.234764E-1
+7.278800E+9	+9.062933E-1	-2.239721E-1
+7.278815E+9	+9.064457E-1	-2.238851E-1
+7.278830E+9	+9.061969E-1	-2.241502E-1
+7.278845E+9	+9.059887E-1	-2.247653E-1
+7.278860E+9	+9.060442E-1	-2.248486E-1
+7.278875E+9	+9.060522E-1	-2.243038E-1
+7.278890E+9	+9.059997E-1	-2.249924E-1
+7.278905E+9	+9.060024E-1	-2.253996E-1
+7.278920E+9	+9.057990E-1	-2.252215E-1
+7.278935E+9	+9.059433E-1	-2.252001E-1
+7.278950E+9	+9.058332E-1	-2.255051E-1
+7.278965E+9	+9.058178E-1	-2.255367E-1
+7.278980E+9	+9.056127E-1	-2.255457E-1
+7.278995E+9	+9.056262E-1	-2.258570E-1
+7.279010E+9	+9.054785E-1	-2.259771E-1
+7.279025E+9	+9.053836E-1	-2.265158E-1
+7.279040E+9	+9.056590E-1	-2.269948E-1
+7.279055E+9	+9.053966E-1	-2.270284E-1
+7.279070E+9	+9.056259E-1	-2.273787E-1
+7.279085E+9	+9.052136E-1	-2.275435E-1
+7.279100E+9	+9.052493E-1	-2.273530E-1
+7.279115E+9	+9.052686E-1	-2.273073E-1
+7.279130E+9	+9.050824E-1	-2.269732E-1
+7.279145E+9	+9.050556E-1	-2.274180E-1
+7.279160E+9	+9.050546E-1	-2.275180E-1
+7.279175E+9	+9.052727E-1	-2.277379E-1
+7.279190E+9	+9.053060E-1	-2.282414E-1
+7.279205E+9	+9.054096E-1	-2.284388E-1
+7.279220E+9	+9.053001E-1	-2.286516E-1
+7.279235E+9	+9.051647E-1	-2.287216E-1
+7.279250E+9	+9.050908E-1	-2.287320E-1
+7.279265E+9	+9.047888E-1	-2.291957E-1
+7.279280E+9	+9.047853E-1	-2.292584E-1
+7.279295E+9	+9.045937E-1	-2.296601E-1
+7.279310E+9	+9.046452E-1	-2.294005E-1
+7.279325E+9	+9.048063E-1	-2.296337E-1
+7.279340E+9	+9.048115E-1	-2.296536E-1
+7.279355E+9	+9.047618E-1	-2.299989E-1
+7.279370E+9	+9.047009E-1	-2.300988E-1
+7.279385E+9	+9.047029E-1	-2.301174E-1
+7.279400E+9	+9.045101E-1	-2.298950E-1
+7.279415E+9	+9.040905E-1	-2.304310E-1
+7.279430E+9	+9.043688E-1	-2.308377E-1
+7.279445E+9	+9.044957E-1	-2.307555E-1
+7.279460E+9	+9.042108E-1	-2.310622E-1
+7.279475E+9	+9.040343E-1	-2.316131E-1
+7.279490E+9	+9.039062E-1	-2.316494E-1
+7.279505E+9	+9.035989E-1	-2.318443E-1
+7.279520E+9	+9.039575E-1	-2.317908E-1
+7.279535E+9	+9.044267E-1	-2.323025E-1
+7.279550E+9	+9.040780E-1	-2.326570E-1
+7.279565E+9	+9.039593E-1	-2.327461E-1
+7.279580E+9	+9.030463E-1	-2.325338E-1
+7.279595E+9	+9.035307E-1	-2.323580E-1
+7.279610E+9	+9.041970E-1	-2.327171E-1
+7.279625E+9	+9.038852E-1	-2.329758E-1
+7.279640E+9	+9.032544E-1	-2.328926E-1
+7.279655E+9	+9.031837E-1	-2.332564E-1
+7.279670E+9	+9.031707E-1	-2.330684E-1
+7.279685E+9	+9.032268E-1	-2.334185E-1
+7.279700E+9	+9.033294E-1	-2.336571E-1
+7.279715E+9	+9.031939E-1	-2.342896E-1
+7.279730E+9	+9.030920E-1	-2.345334E-1
+7.279745E+9	+9.031924E-1	-2.344394E-1
+7.279760E+9	+9.034186E-1	-2.346974E-1
+7.279775E+9	+9.033536E-1	-2.349844E-1
+7.279790E+9	+9.037024E-1	-2.348817E-1
+7.279805E+9	+9.035048E-1	-2.348580E-1
+7.279820E+9	+9.031611E-1	-2.353068E-1
+7.279835E+9	+9.029183E-1	-2.351936E-1
+7.279850E+9	+9.028548E-1	-2.352363E-1
+7.279865E+9	+9.029722E-1	-2.356719E-1
+7.279880E+9	+9.026329E-1	-2.362006E-1
+7.279895E+9	+9.024492E-1	-2.365318E-1
+7.279910E+9	+9.026860E-1	-2.364029E-1
+7.279925E+9	+9.030788E-1	-2.366504E-1
+7.279940E+9	+9.023155E-1	-2.364618E-1
+7.279955E+9	+9.024933E-1	-2.361488E-1
+7.279970E+9	+9.029145E-1	-2.365884E-1
+7.279985E+9	+9.024911E-1	-2.373956E-1
+7.280000E+9	+9.025536E-1	-2.372197E-1
+7.280015E+9	+9.023575E-1	-2.371400E-1
+7.280030E+9	+9.027040E-1	-2.372669E-1
+7.280045E+9	+9.031650E-1	-2.372504E-1
+7.280060E+9	+9.029407E-1	-2.378714E-1
+7.280075E+9	+9.025655E-1	-2.383666E-1
+7.280090E+9	+9.022992E-1	-2.385887E-1
+7.280105E+9	+9.026218E-1	-2.386854E-1
+7.280120E+9	+9.028439E-1	-2.387001E-1
+7.280135E+9	+9.025191E-1	-2.388006E-1
+7.280150E+9	+9.018078E-1	-2.397852E-1
+7.280165E+9	+9.017315E-1	-2.394585E-1
+7.280180E+9	+9.020907E-1	-2.387902E-1
+7.280195E+9	+9.022452E-1	-2.393222E-1
+7.280210E+9	+9.019974E-1	-2.398750E-1
+7.280225E+9	+9.019922E-1	-2.395213E-1
+7.280240E+9	+9.018399E-1	-2.395932E-1
+7.280255E+9	+9.019191E-1	-2.399584E-1
+7.280270E+9	+9.019286E-1	-2.400862E-1
+7.280285E+9	+9.016204E-1	-2.404877E-1
+7.280300E+9	+9.012549E-1	-2.399931E-1
+7.280315E+9	+9.015358E-1	-2.403454E-1
+7.280330E+9	+9.017146E-1	-2.409611E-1
+7.280345E+9	+9.020861E-1	-2.412946E-1
+7.280360E+9	+9.019586E-1	-2.413035E-1
+7.280375E+9	+9.016597E-1	-2.421439E-1
+7.280390E+9	+9.012472E-1	-2.419795E-1
+7.280405E+9	+9.012128E-1	-2.420391E-1
+7.280420E+9	+9.013236E-1	-2.419465E-1
+7.280435E+9	+9.010510E-1	-2.420003E-1
+7.280450E+9	+9.009822E-1	-2.419934E-1
+7.280465E+9	+9.012307E-1	-2.420637E-1
+7.280480E+9	+9.014639E-1	-2.428291E-1
+7.280495E+9	+9.012349E-1	-2.435613E-1
+7.280510E+9	+9.006820E-1	-2.437834E-1
+7.280525E+9	+9.009194E-1	-2.439960E-1
+7.280540E+9	+9.006533E-1	-2.439365E-1
+7.280555E+9	+9.003534E-1	-2.430855E-1
+7.280570E+9	+9.011176E-1	-2.435938E-1
+7.280585E+9	+9.008623E-1	-2.446841E-1
+7.280600E+9	+9.003818E-1	-2.444553E-1
+7.280615E+9	+9.005814E-1	-2.445225E-1
+7.280630E+9	+9.005690E-1	-2.440286E-1
+7.280645E+9	+9.006436E-1	-2.441007E-1
+7.280660E+9	+9.002057E-1	-2.449846E-1
+7.280675E+9	+9.003708E-1	-2.448700E-1
+7.280690E+9	+9.000241E-1	-2.448538E-1
+7.280705E+9	+8.996745E-1	-2.452552E-1
+7.280720E+9	+8.999815E-1	-2.452167E-1
+7.280735E+9	+9.000017E-1	-2.460089E-1
+7.280750E+9	+9.000125E-1	-2.452784E-1
+7.280765E+9	+9.000350E-1	-2.454698E-1
+7.280780E+9	+9.002323E-1	-2.465804E-1
+7.280795E+9	+9.002866E-1	-2.464537E-1
+7.280810E+9	+9.009194E-1	-2.465041E-1
+7.280825E+9	+9.007964E-1	-2.466872E-1
+7.280840E+9	+9.000535E-1	-2.468524E-1
+7.280855E+9	+8.999125E-1	-2.468076E-1
+7.280870E+9	+8.996803E-1	-2.470505E-1
+7.280885E+9	+8.996940E-1	-2.474212E-1
+7.280900E+9	+8.996646E-1	-2.479250E-1
+7.280915E+9	+8.995638E-1	-2.479933E-1
+7.280930E+9	+8.996395E-1	-2.486070E-1
+7.280945E+9	+8.989876E-1	-2.487349E-1
+7.280960E+9	+8.992108E-1	-2.482853E-1
+7.280975E+9	+8.998048E-1	-2.485281E-1
+7.280990E+9	+8.997142E-1	-2.487180E-1
+7.281005E+9	+8.997395E-1	-2.487839E-1
+7.281020E+9	+8.996883E-1	-2.490359E-1
+7.281035E+9	+8.993596E-1	-2.494667E-1
+7.281050E+9	+8.991224E-1	-2.497227E-1
+7.281065E+9	+8.990845E-1	-2.491338E-1
+7.281080E+9	+8.989092E-1	-2.489589E-1
+7.281095E+9	+8.993441E-1	-2.494808E-1
+7.281110E+9	+8.990155E-1	-2.496926E-1
+7.281125E+9	+8.990087E-1	-2.498103E-1
+7.281140E+9	+8.985732E-1	-2.498027E-1
+7.281155E+9	+8.985883E-1	-2.503244E-1
+7.281170E+9	+8.989211E-1	-2.506196E-1
+7.281185E+9	+8.989814E-1	-2.508678E-1
+7.281200E+9	+8.987019E-1	-2.516082E-1
+7.281215E+9	+8.984577E-1	-2.515652E-1
+7.281230E+9	+8.985412E-1	-2.514530E-1
+7.281245E+9	+8.988772E-1	-2.515635E-1
+7.281260E+9	+8.987452E-1	-2.517113E-1
+7.281275E+9	+8.983693E-1	-2.522017E-1
+7.281290E+9	+8.981687E-1	-2.523909E-1
+7.281305E+9	+8.982516E-1	-2.521354E-1
+7.281320E+9	+8.983423E-1	-2.522603E-1
+7.281335E+9	+8.981442E-1	-2.524771E-1
+7.281350E+9	+8.984480E-1	-2.529980E-1
+7.281365E+9	+8.979812E-1	-2.529749E-1
+7.281380E+9	+8.978379E-1	-2.530400E-1
+7.281395E+9	+8.984157E-1	-2.533682E-1
+7.281410E+9	+8.987449E-1	-2.533594E-1
+7.281425E+9	+8.979194E-1	-2.534424E-1
+7.281440E+9	+8.978876E-1	-2.534676E-1
+7.281455E+9	+8.974210E-1	-2.537852E-1
+7.281470E+9	+8.980109E-1	-2.543405E-1
+7.281485E+9	+8.976125E-1	-2.547245E-1
+7.281500E+9	+8.978401E-1	-2.544946E-1
+7.281515E+9	+8.975243E-1	-2.549893E-1
+7.281530E+9	+8.973365E-1	-2.552481E-1
+7.281545E+9	+8.970536E-1	-2.549623E-1
+7.281560E+9	+8.972564E-1	-2.551422E-1
+7.281575E+9	+8.975915E-1	-2.545327E-1
+7.281590E+9	+8.976034E-1	-2.548772E-1
+7.281605E+9	+8.978014E-1	-2.551848E-1
+7.281620E+9	+8.974517E-1	-2.556749E-1
+7.281635E+9	+8.972800E-1	-2.554248E-1
+7.281650E+9	+8.972023E-1	-2.559189E-1
+7.281665E+9	+8.977754E-1	-2.568684E-1
+7.281680E+9	+8.975778E-1	-2.566149E-1
+7.281695E+9	+8.967813E-1	-2.568544E-1
+7.281710E+9	+8.970296E-1	-2.567228E-1
+7.281725E+9	+8.971573E-1	-2.568126E-1
+7.281740E+9	+8.967522E-1	-2.569474E-1
+7.281755E+9	+8.961606E-1	-2.572151E-1
+7.281770E+9	+8.970659E-1	-2.580784E-1
+7.281785E+9	+8.968247E-1	-2.576336E-1
+7.281800E+9	+8.964211E-1	-2.584328E-1
+7.281815E+9	+8.963292E-1	-2.583315E-1
+7.281830E+9	+8.963770E-1	-2.581894E-1
+7.281845E+9	+8.967085E-1	-2.583078E-1
+7.281860E+9	+8.967203E-1	-2.581553E-1
+7.281875E+9	+8.966677E-1	-2.587605E-1
+7.281890E+9	+8.968341E-1	-2.586579E-1
+7.281905E+9	+8.965010E-1	-2.594176E-1
+7.281920E+9	+8.960750E-1	-2.595755E-1
+7.281935E+9	+8.960545E-1	-2.592546E-1
+7.281950E+9	+8.956036E-1	-2.600108E-1
+7.281965E+9	+8.955837E-1	-2.598629E-1
+7.281980E+9	+8.954833E-1	-2.596818E-1
+7.281995E+9	+8.953778E-1	-2.595329E-1
+7.282010E+9	+8.954323E-1	-2.601279E-1
+7.282025E+9	+8.955596E-1	-2.603810E-1
+7.282040E+9	+8.955717E-1	-2.607242E-1
+7.282055E+9	+8.956750E-1	-2.606048E-1
+7.282070E+9	+8.958480E-1	-2.611340E-1
+7.282085E+9	+8.954530E-1	-2.612413E-1
+7.282100E+9	+8.947061E-1	-2.609733E-1
+7.282115E+9	+8.948465E-1	-2.612825E-1
+7.282130E+9	+8.952735E-1	-2.610626E-1
+7.282145E+9	+8.951294E-1	-2.609967E-1
+7.282160E+9	+8.948471E-1	-2.616236E-1
+7.282175E+9	+8.956568E-1	-2.619329E-1
+7.282190E+9	+8.951597E-1	-2.622713E-1
+7.282205E+9	+8.949743E-1	-2.622166E-1
+7.282220E+9	+8.958066E-1	-2.623397E-1
+7.282235E+9	+8.955350E-1	-2.631129E-1
+7.282250E+9	+8.944657E-1	-2.628729E-1
+7.282265E+9	+8.949358E-1	-2.626175E-1
+7.282280E+9	+8.952993E-1	-2.621296E-1
+7.282295E+9	+8.951132E-1	-2.630550E-1
+7.282310E+9	+8.948515E-1	-2.629899E-1
+7.282325E+9	+8.947351E-1	-2.632265E-1
+7.282340E+9	+8.952692E-1	-2.638986E-1
+7.282355E+9	+8.951486E-1	-2.636528E-1
+7.282370E+9	+8.949424E-1	-2.634319E-1
+7.282385E+9	+8.946877E-1	-2.637215E-1
+7.282400E+9	+8.939672E-1	-2.646655E-1
+7.282415E+9	+8.945832E-1	-2.648570E-1
+7.282430E+9	+8.945079E-1	-2.642166E-1
+7.282445E+9	+8.941861E-1	-2.650156E-1
+7.282460E+9	+8.945154E-1	-2.651195E-1
+7.282475E+9	+8.944436E-1	-2.656473E-1
+7.282490E+9	+8.944698E-1	-2.657352E-1
+7.282505E+9	+8.944481E-1	-2.656683E-1
+7.282520E+9	+8.939259E-1	-2.654071E-1
+7.282535E+9	+8.938800E-1	-2.655316E-1
+7.282550E+9	+8.936607E-1	-2.656104E-1
+7.282565E+9	+8.940114E-1	-2.667021E-1
+7.282580E+9	+8.939275E-1	-2.673851E-1
+7.282595E+9	+8.936568E-1	-2.675980E-1
+7.282610E+9	+8.937077E-1	-2.671246E-1
+7.282625E+9	+8.936495E-1	-2.671477E-1
+7.282640E+9	+8.939555E-1	-2.675025E-1
+7.282655E+9	+8.940792E-1	-2.675584E-1
+7.282670E+9	+8.934527E-1	-2.677121E-1
+7.282685E+9	+8.935407E-1	-2.676664E-1
+7.282700E+9	+8.937832E-1	-2.679200E-1
+7.282715E+9	+8.936132E-1	-2.677748E-1
+7.282730E+9	+8.938449E-1	-2.681534E-1
+7.282745E+9	+8.934241E-1	-2.684351E-1
+7.282760E+9	+8.932055E-1	-2.684483E-1
+7.282775E+9	+8.930024E-1	-2.692981E-1
+7.282790E+9	+8.932634E-1	-2.688878E-1
+7.282805E+9	+8.933113E-1	-2.690322E-1
+7.282820E+9	+8.928848E-1	-2.689989E-1
+7.282835E+9	+8.931358E-1	-2.696678E-1
+7.282850E+9	+8.941406E-1	-2.701665E-1
+7.282865E+9	+8.927307E-1	-2.696125E-1
+7.282880E+9	+8.923610E-1	-2.698229E-1
+7.282895E+9	+8.928321E-1	-2.697956E-1
+7.282910E+9	+8.930776E-1	-2.707172E-1
+7.282925E+9	+8.924262E-1	-2.703884E-1
+7.282940E+9	+8.923721E-1	-2.707912E-1
+7.282955E+9	+8.922747E-1	-2.706311E-1
+7.282970E+9	+8.922931E-1	-2.709644E-1
+7.282985E+9	+8.922934E-1	-2.709817E-1
+7.283000E+9	+8.924718E-1	-2.712289E-1
+7.283015E+9	+8.923310E-1	-2.714202E-1
+7.283030E+9	+8.915841E-1	-2.718145E-1
+7.283045E+9	+8.922692E-1	-2.721192E-1
+7.283060E+9	+8.920358E-1	-2.719202E-1
+7.283075E+9	+8.917232E-1	-2.721314E-1
+7.283090E+9	+8.923312E-1	-2.726336E-1
+7.283105E+9	+8.925013E-1	-2.728974E-1
+7.283120E+9	+8.919109E-1	-2.730182E-1
+7.283135E+9	+8.918875E-1	-2.728338E-1
+7.283150E+9	+8.920304E-1	-2.727847E-1
+7.283165E+9	+8.915684E-1	-2.725174E-1
+7.283180E+9	+8.913648E-1	-2.727394E-1
+7.283195E+9	+8.913758E-1	-2.733359E-1
+7.283210E+9	+8.915662E-1	-2.732371E-1
+7.283225E+9	+8.926493E-1	-2.736869E-1
+7.283240E+9	+8.922685E-1	-2.738449E-1
+7.283255E+9	+8.915522E-1	-2.747535E-1
+7.283270E+9	+8.912293E-1	-2.746795E-1
+7.283285E+9	+8.915452E-1	-2.746218E-1
+7.283300E+9	+8.911081E-1	-2.747471E-1
+7.283315E+9	+8.915133E-1	-2.745532E-1
+7.283330E+9	+8.917507E-1	-2.750708E-1
+7.283345E+9	+8.910208E-1	-2.753060E-1
+7.283360E+9	+8.911295E-1	-2.754812E-1
+7.283375E+9	+8.907504E-1	-2.761667E-1
+7.283390E+9	+8.902803E-1	-2.758712E-1
+7.283405E+9	+8.903264E-1	-2.752863E-1
+7.283420E+9	+8.899608E-1	-2.756857E-1
+7.283435E+9	+8.908576E-1	-2.764766E-1
+7.283450E+9	+8.906993E-1	-2.761892E-1
+7.283465E+9	+8.906805E-1	-2.767573E-1
+7.283480E+9	+8.908082E-1	-2.767499E-1
+7.283495E+9	+8.903962E-1	-2.763331E-1
+7.283510E+9	+8.906817E-1	-2.763869E-1
+7.283525E+9	+8.910154E-1	-2.777305E-1
+7.283540E+9	+8.904804E-1	-2.780226E-1
+7.283555E+9	+8.897033E-1	-2.778754E-1
+7.283570E+9	+8.898652E-1	-2.778347E-1
+7.283585E+9	+8.903302E-1	-2.780291E-1
+7.283600E+9	+8.903010E-1	-2.788819E-1
+7.283615E+9	+8.898911E-1	-2.788387E-1
+7.283630E+9	+8.903953E-1	-2.784429E-1
+7.283645E+9	+8.899611E-1	-2.786857E-1
+7.283660E+9	+8.898015E-1	-2.787517E-1
+7.283675E+9	+8.902474E-1	-2.789922E-1
+7.283690E+9	+8.897071E-1	-2.788429E-1
+7.283705E+9	+8.899649E-1	-2.791312E-1
+7.283720E+9	+8.900171E-1	-2.795912E-1
+7.283735E+9	+8.901144E-1	-2.801469E-1
+7.283750E+9	+8.896416E-1	-2.796987E-1
+7.283765E+9	+8.889511E-1	-2.806284E-1
+7.283780E+9	+8.884877E-1	-2.800768E-1
+7.283795E+9	+8.889960E-1	-2.797834E-1
+7.283810E+9	+8.893775E-1	-2.801511E-1
+7.283825E+9	+8.899376E-1	-2.813203E-1
+7.283840E+9	+8.895474E-1	-2.808851E-1
+7.283855E+9	+8.894430E-1	-2.807576E-1
+7.283870E+9	+8.892483E-1	-2.812441E-1
+7.283885E+9	+8.892823E-1	-2.814709E-1
+7.283900E+9	+8.895847E-1	-2.810822E-1
+7.283915E+9	+8.892352E-1	-2.815534E-1
+7.283930E+9	+8.890415E-1	-2.812898E-1
+7.283945E+9	+8.886299E-1	-2.815826E-1
+7.283960E+9	+8.887975E-1	-2.824058E-1
+7.283975E+9	+8.893450E-1	-2.816769E-1
+7.283990E+9	+8.892780E-1	-2.820824E-1
+7.284005E+9	+8.887681E-1	-2.829880E-1
+7.284020E+9	+8.890597E-1	-2.831241E-1
+7.284035E+9	+8.889668E-1	-2.830870E-1
+7.284050E+9	+8.888259E-1	-2.834248E-1
+7.284065E+9	+8.891803E-1	-2.831472E-1
+7.284080E+9	+8.884572E-1	-2.833313E-1
+7.284095E+9	+8.881741E-1	-2.833685E-1
+7.284110E+9	+8.880442E-1	-2.838221E-1
+7.284125E+9	+8.880148E-1	-2.834563E-1
+7.284140E+9	+8.879035E-1	-2.838310E-1
+7.284155E+9	+8.882495E-1	-2.841463E-1
+7.284170E+9	+8.879989E-1	-2.840036E-1
+7.284185E+9	+8.881374E-1	-2.846679E-1
+7.284200E+9	+8.880875E-1	-2.843558E-1
+7.284215E+9	+8.881182E-1	-2.848247E-1
+7.284230E+9	+8.879863E-1	-2.855533E-1
+7.284245E+9	+8.878684E-1	-2.855550E-1
+7.284260E+9	+8.874910E-1	-2.848315E-1
+7.284275E+9	+8.879207E-1	-2.852886E-1
+7.284290E+9	+8.880100E-1	-2.860782E-1
+7.284305E+9	+8.875938E-1	-2.865705E-1
+7.284320E+9	+8.875468E-1	-2.863082E-1
+7.284335E+9	+8.873454E-1	-2.867266E-1
+7.284350E+9	+8.873304E-1	-2.867509E-1
+7.284365E+9	+8.870990E-1	-2.870196E-1
+7.284380E+9	+8.878397E-1	-2.874928E-1
+7.284395E+9	+8.880301E-1	-2.872790E-1
+7.284410E+9	+8.871799E-1	-2.868553E-1
+7.284425E+9	+8.869896E-1	-2.875222E-1
+7.284440E+9	+8.862717E-1	-2.876303E-1
+7.284455E+9	+8.867536E-1	-2.883371E-1
+7.284470E+9	+8.868580E-1	-2.887967E-1
+7.284485E+9	+8.870012E-1	-2.877368E-1
+7.284500E+9	+8.876883E-1	-2.871937E-1
+7.284515E+9	+8.871228E-1	-2.876101E-1
+7.284530E+9	+8.867614E-1	-2.880139E-1
+7.284545E+9	+8.869164E-1	-2.884205E-1
+7.284560E+9	+8.868912E-1	-2.889079E-1
+7.284575E+9	+8.863690E-1	-2.888854E-1
+7.284590E+9	+8.865435E-1	-2.889755E-1
+7.284605E+9	+8.866315E-1	-2.897787E-1
+7.284620E+9	+8.863002E-1	-2.896744E-1
+7.284635E+9	+8.858711E-1	-2.896891E-1
+7.284650E+9	+8.860709E-1	-2.900936E-1
+7.284665E+9	+8.861615E-1	-2.901881E-1
+7.284680E+9	+8.857972E-1	-2.909580E-1
+7.284695E+9	+8.853639E-1	-2.904571E-1
+7.284710E+9	+8.853490E-1	-2.904217E-1
+7.284725E+9	+8.857372E-1	-2.909425E-1
+7.284740E+9	+8.856590E-1	-2.905995E-1
+7.284755E+9	+8.851302E-1	-2.911396E-1
+7.284770E+9	+8.850684E-1	-2.912530E-1
+7.284785E+9	+8.856578E-1	-2.911914E-1
+7.284800E+9	+8.859491E-1	-2.920763E-1
+7.284815E+9	+8.850170E-1	-2.922576E-1
+7.284830E+9	+8.851558E-1	-2.926897E-1
+7.284845E+9	+8.850479E-1	-2.929238E-1
+7.284860E+9	+8.851145E-1	-2.925970E-1
+7.284875E+9	+8.852464E-1	-2.917712E-1
+7.284890E+9	+8.852862E-1	-2.925453E-1
+7.284905E+9	+8.848768E-1	-2.930821E-1
+7.284920E+9	+8.850711E-1	-2.929060E-1
+7.284935E+9	+8.844062E-1	-2.934819E-1
+7.284950E+9	+8.845707E-1	-2.929937E-1
+7.284965E+9	+8.847759E-1	-2.933237E-1
+7.284980E+9	+8.843291E-1	-2.941794E-1
+7.284995E+9	+8.840221E-1	-2.942820E-1
+7.285010E+9	+8.844256E-1	-2.942475E-1
+7.285025E+9	+8.843879E-1	-2.939425E-1
+7.285040E+9	+8.845300E-1	-2.941051E-1
+7.285055E+9	+8.842239E-1	-2.944860E-1
+7.285070E+9	+8.834009E-1	-2.950359E-1
+7.285085E+9	+8.841911E-1	-2.952507E-1
+7.285100E+9	+8.850070E-1	-2.947525E-1
+7.285115E+9	+8.844000E-1	-2.949185E-1
+7.285130E+9	+8.843139E-1	-2.953584E-1
+7.285145E+9	+8.840474E-1	-2.954911E-1
+7.285160E+9	+8.837208E-1	-2.959650E-1
+7.285175E+9	+8.835485E-1	-2.960582E-1
+7.285190E+9	+8.835067E-1	-2.959820E-1
+7.285205E+9	+8.838744E-1	-2.963514E-1
+7.285220E+9	+8.839564E-1	-2.966596E-1
+7.285235E+9	+8.831828E-1	-2.974827E-1
+7.285250E+9	+8.835634E-1	-2.969180E-1
+7.285265E+9	+8.832689E-1	-2.966564E-1
+7.285280E+9	+8.829362E-1	-2.968064E-1
+7.285295E+9	+8.826507E-1	-2.974972E-1
+7.285310E+9	+8.836163E-1	-2.982696E-1
+7.285325E+9	+8.840025E-1	-2.976289E-1
+7.285340E+9	+8.838036E-1	-2.973747E-1
+7.285355E+9	+8.836826E-1	-2.978291E-1
+7.285370E+9	+8.835089E-1	-2.977892E-1
+7.285385E+9	+8.835156E-1	-2.986870E-1
+7.285400E+9	+8.836364E-1	-2.991444E-1
+7.285415E+9	+8.834183E-1	-2.986202E-1
+7.285430E+9	+8.830656E-1	-2.984136E-1
+7.285445E+9	+8.835693E-1	-2.988524E-1
+7.285460E+9	+8.836330E-1	-2.990482E-1
+7.285475E+9	+8.833082E-1	-2.979472E-1
+7.285490E+9	+8.829203E-1	-2.987758E-1
+7.285505E+9	+8.824969E-1	-2.998022E-1
+7.285520E+9	+8.823233E-1	-2.999306E-1
+7.285535E+9	+8.826945E-1	-3.002698E-1
+7.285550E+9	+8.831637E-1	-3.007972E-1
+7.285565E+9	+8.819568E-1	-3.006445E-1
+7.285580E+9	+8.820808E-1	-3.006737E-1
+7.285595E+9	+8.818732E-1	-3.006539E-1
+7.285610E+9	+8.820739E-1	-3.009755E-1
+7.285625E+9	+8.826773E-1	-3.012161E-1
+7.285640E+9	+8.825060E-1	-3.009691E-1
+7.285655E+9	+8.823169E-1	-3.011653E-1
+7.285670E+9	+8.817337E-1	-3.011898E-1
+7.285685E+9	+8.816791E-1	-3.014352E-1
+7.285700E+9	+8.820576E-1	-3.022052E-1
+7.285715E+9	+8.811507E-1	-3.014357E-1
+7.285730E+9	+8.816909E-1	-3.014321E-1
+7.285745E+9	+8.821827E-1	-3.018928E-1
+7.285760E+9	+8.817777E-1	-3.027795E-1
+7.285775E+9	+8.818100E-1	-3.024320E-1
+7.285790E+9	+8.817472E-1	-3.036076E-1
+7.285805E+9	+8.817695E-1	-3.038191E-1
+7.285820E+9	+8.814923E-1	-3.034941E-1
+7.285835E+9	+8.812390E-1	-3.033769E-1
+7.285850E+9	+8.808208E-1	-3.031116E-1
+7.285865E+9	+8.804486E-1	-3.029292E-1
+7.285880E+9	+8.814190E-1	-3.036515E-1
+7.285895E+9	+8.812705E-1	-3.043198E-1
+7.285910E+9	+8.809610E-1	-3.047072E-1
+7.285925E+9	+8.805182E-1	-3.050059E-1
+7.285940E+9	+8.809969E-1	-3.052098E-1
+7.285955E+9	+8.806984E-1	-3.049869E-1
+7.285970E+9	+8.802166E-1	-3.050569E-1
+7.285985E+9	+8.812114E-1	-3.053082E-1
+7.286000E+9	+8.813940E-1	-3.040107E-1
+7.286015E+9	+8.814353E-1	-3.048094E-1
+7.286030E+9	+8.807252E-1	-3.056180E-1
+7.286045E+9	+8.803870E-1	-3.059018E-1
+7.286060E+9	+8.802298E-1	-3.055578E-1
+7.286075E+9	+8.803158E-1	-3.052213E-1
+7.286090E+9	+8.801466E-1	-3.054379E-1
+7.286105E+9	+8.807489E-1	-3.065106E-1
+7.286120E+9	+8.807907E-1	-3.067131E-1
+7.286135E+9	+8.795391E-1	-3.066549E-1
+7.286150E+9	+8.802378E-1	-3.062263E-1
+7.286165E+9	+8.799716E-1	-3.064867E-1
+7.286180E+9	+8.802911E-1	-3.071694E-1
+7.286195E+9	+8.800088E-1	-3.073675E-1
+7.286210E+9	+8.803339E-1	-3.071312E-1
+7.286225E+9	+8.800966E-1	-3.071347E-1
+7.286240E+9	+8.797990E-1	-3.073679E-1
+7.286255E+9	+8.791236E-1	-3.087779E-1
+7.286270E+9	+8.792454E-1	-3.089890E-1
+7.286285E+9	+8.797228E-1	-3.086841E-1
+7.286300E+9	+8.800461E-1	-3.075963E-1
+7.286315E+9	+8.791433E-1	-3.080666E-1
+7.286330E+9	+8.788259E-1	-3.091635E-1
+7.286345E+9	+8.793517E-1	-3.092275E-1
+7.286360E+9	+8.797990E-1	-3.089033E-1
+7.286375E+9	+8.795546E-1	-3.095454E-1
+7.286390E+9	+8.794951E-1	-3.099953E-1
+7.286405E+9	+8.796587E-1	-3.096228E-1
+7.286420E+9	+8.792235E-1	-3.098377E-1
+7.286435E+9	+8.795636E-1	-3.103416E-1
+7.286450E+9	+8.785915E-1	-3.099552E-1
+7.286465E+9	+8.790319E-1	-3.102888E-1
+7.286480E+9	+8.788724E-1	-3.106547E-1
+7.286495E+9	+8.788946E-1	-3.101492E-1
+7.286510E+9	+8.781615E-1	-3.104077E-1
+7.286525E+9	+8.781132E-1	-3.110003E-1
+7.286540E+9	+8.783042E-1	-3.112899E-1
+7.286555E+9	+8.786189E-1	-3.113713E-1
+7.286570E+9	+8.774622E-1	-3.111292E-1
+7.286585E+9	+8.777016E-1	-3.116588E-1
+7.286600E+9	+8.776052E-1	-3.120034E-1
+7.286615E+9	+8.784985E-1	-3.128219E-1
+7.286630E+9	+8.785817E-1	-3.122468E-1
+7.286645E+9	+8.780125E-1	-3.124157E-1
+7.286660E+9	+8.776534E-1	-3.123728E-1
+7.286675E+9	+8.772089E-1	-3.124976E-1
+7.286690E+9	+8.772325E-1	-3.130010E-1
+7.286705E+9	+8.771874E-1	-3.132494E-1
+7.286720E+9	+8.773321E-1	-3.134673E-1
+7.286735E+9	+8.774843E-1	-3.126664E-1
+7.286750E+9	+8.776945E-1	-3.128948E-1
+7.286765E+9	+8.773742E-1	-3.134435E-1
+7.286780E+9	+8.775073E-1	-3.137722E-1
+7.286795E+9	+8.771705E-1	-3.142590E-1
+7.286810E+9	+8.774819E-1	-3.144419E-1
+7.286825E+9	+8.773636E-1	-3.139226E-1
+7.286840E+9	+8.774383E-1	-3.140925E-1
+7.286855E+9	+8.765534E-1	-3.152961E-1
+7.286870E+9	+8.770565E-1	-3.151029E-1
+7.286885E+9	+8.771645E-1	-3.153786E-1
+7.286900E+9	+8.767014E-1	-3.158062E-1
+7.286915E+9	+8.772077E-1	-3.151907E-1
+7.286930E+9	+8.767293E-1	-3.151530E-1
+7.286945E+9	+8.763752E-1	-3.153367E-1
+7.286960E+9	+8.768898E-1	-3.161554E-1
+7.286975E+9	+8.768656E-1	-3.159363E-1
+7.286990E+9	+8.769917E-1	-3.163530E-1
+7.287005E+9	+8.761659E-1	-3.167526E-1
+7.287020E+9	+8.765906E-1	-3.158855E-1
+7.287035E+9	+8.759982E-1	-3.159087E-1
+7.287050E+9	+8.751741E-1	-3.174584E-1
+7.287065E+9	+8.745170E-1	-3.166890E-1
+7.287080E+9	+8.749231E-1	-3.169975E-1
+7.287095E+9	+8.752146E-1	-3.169187E-1
+7.287110E+9	+8.763024E-1	-3.170845E-1
+7.287125E+9	+8.757442E-1	-3.170460E-1
+7.287140E+9	+8.752417E-1	-3.175392E-1
+7.287155E+9	+8.749316E-1	-3.181350E-1
+7.287170E+9	+8.751059E-1	-3.180594E-1
+7.287185E+9	+8.758865E-1	-3.184513E-1
+7.287200E+9	+8.760701E-1	-3.192545E-1
+7.287215E+9	+8.758172E-1	-3.192757E-1
+7.287230E+9	+8.754392E-1	-3.193756E-1
+7.287245E+9	+8.757317E-1	-3.192640E-1
+7.287260E+9	+8.753660E-1	-3.195244E-1
+7.287275E+9	+8.745809E-1	-3.197199E-1
+7.287290E+9	+8.750234E-1	-3.195628E-1
+7.287305E+9	+8.754498E-1	-3.200322E-1
+7.287320E+9	+8.751521E-1	-3.200409E-1
+7.287335E+9	+8.753790E-1	-3.205521E-1
+7.287350E+9	+8.754497E-1	-3.205012E-1
+7.287365E+9	+8.753480E-1	-3.209369E-1
+7.287380E+9	+8.747830E-1	-3.209188E-1
+7.287395E+9	+8.746842E-1	-3.211000E-1
+7.287410E+9	+8.745118E-1	-3.218004E-1
+7.287425E+9	+8.742333E-1	-3.216043E-1
+7.287440E+9	+8.742916E-1	-3.220331E-1
+7.287455E+9	+8.746043E-1	-3.215550E-1
+7.287470E+9	+8.741171E-1	-3.218285E-1
+7.287485E+9	+8.747727E-1	-3.219153E-1
+7.287500E+9	+8.745111E-1	-3.220997E-1
+7.287515E+9	+8.742009E-1	-3.226261E-1
+7.287530E+9	+8.745160E-1	-3.226427E-1
+7.287545E+9	+8.741981E-1	-3.229303E-1
+7.287560E+9	+8.739503E-1	-3.236864E-1
+7.287575E+9	+8.735206E-1	-3.228105E-1
+7.287590E+9	+8.735187E-1	-3.234207E-1
+7.287605E+9	+8.734587E-1	-3.232839E-1
+7.287620E+9	+8.741122E-1	-3.231013E-1
+7.287635E+9	+8.734645E-1	-3.237167E-1
+7.287650E+9	+8.739069E-1	-3.233844E-1
+7.287665E+9	+8.734572E-1	-3.233609E-1
+7.287680E+9	+8.740922E-1	-3.235845E-1
+7.287695E+9	+8.732984E-1	-3.240281E-1
+7.287710E+9	+8.729220E-1	-3.240558E-1
+7.287725E+9	+8.727176E-1	-3.239538E-1
+7.287740E+9	+8.730660E-1	-3.246586E-1
+7.287755E+9	+8.731344E-1	-3.254087E-1
+7.287770E+9	+8.729478E-1	-3.250994E-1
+7.287785E+9	+8.728074E-1	-3.256093E-1
+7.287800E+9	+8.722094E-1	-3.255787E-1
+7.287815E+9	+8.726486E-1	-3.257123E-1
+7.287830E+9	+8.740461E-1	-3.257132E-1
+7.287845E+9	+8.737415E-1	-3.256737E-1
+7.287860E+9	+8.730236E-1	-3.256527E-1
+7.287875E+9	+8.735179E-1	-3.255221E-1
+7.287890E+9	+8.733517E-1	-3.262922E-1
+7.287905E+9	+8.725739E-1	-3.261359E-1
+7.287920E+9	+8.732263E-1	-3.265902E-1
+7.287935E+9	+8.724666E-1	-3.269239E-1
+7.287950E+9	+8.720022E-1	-3.269571E-1
+7.287965E+9	+8.725271E-1	-3.272208E-1
+7.287980E+9	+8.728460E-1	-3.273878E-1
+7.287995E+9	+8.726626E-1	-3.270839E-1
+7.288010E+9	+8.718945E-1	-3.273377E-1
+7.288025E+9	+8.716386E-1	-3.286720E-1
+7.288040E+9	+8.719467E-1	-3.281450E-1
+7.288055E+9	+8.714656E-1	-3.282316E-1
+7.288070E+9	+8.715592E-1	-3.283640E-1
+7.288085E+9	+8.709536E-1	-3.285016E-1
+7.288100E+9	+8.699550E-1	-3.289561E-1
+7.288115E+9	+8.704646E-1	-3.301293E-1
+7.288130E+9	+8.720921E-1	-3.299024E-1
+7.288145E+9	+8.721479E-1	-3.284332E-1
+7.288160E+9	+8.715724E-1	-3.278781E-1
+7.288175E+9	+8.718334E-1	-3.289502E-1
+7.288190E+9	+8.723992E-1	-3.294530E-1
+7.288205E+9	+8.716971E-1	-3.299145E-1
+7.288220E+9	+8.711965E-1	-3.302222E-1
+7.288235E+9	+8.710051E-1	-3.302473E-1
+7.288250E+9	+8.710429E-1	-3.305773E-1
+7.288265E+9	+8.711075E-1	-3.312046E-1
+7.288280E+9	+8.708132E-1	-3.311841E-1
+7.288295E+9	+8.711953E-1	-3.314583E-1
+7.288310E+9	+8.707811E-1	-3.317630E-1
+7.288325E+9	+8.708722E-1	-3.317859E-1
+7.288340E+9	+8.705154E-1	-3.317040E-1
+7.288355E+9	+8.704125E-1	-3.318550E-1
+7.288370E+9	+8.701341E-1	-3.320296E-1
+7.288385E+9	+8.708062E-1	-3.323323E-1
+7.288400E+9	+8.707224E-1	-3.321072E-1
+7.288415E+9	+8.700386E-1	-3.321403E-1
+7.288430E+9	+8.703088E-1	-3.321600E-1
+7.288445E+9	+8.704291E-1	-3.324169E-1
+7.288460E+9	+8.701273E-1	-3.318230E-1
+7.288475E+9	+8.703779E-1	-3.322723E-1
+7.288490E+9	+8.703108E-1	-3.326585E-1
+7.288505E+9	+8.701986E-1	-3.330294E-1
+7.288520E+9	+8.705556E-1	-3.334793E-1
+7.288535E+9	+8.705583E-1	-3.339907E-1
+7.288550E+9	+8.700230E-1	-3.340120E-1
+7.288565E+9	+8.695253E-1	-3.341192E-1
+7.288580E+9	+8.692883E-1	-3.344232E-1
+7.288595E+9	+8.698554E-1	-3.343237E-1
+7.288610E+9	+8.687805E-1	-3.347611E-1
+7.288625E+9	+8.689192E-1	-3.345271E-1
+7.288640E+9	+8.684913E-1	-3.350009E-1
+7.288655E+9	+8.688092E-1	-3.347808E-1
+7.288670E+9	+8.694324E-1	-3.352345E-1
+7.288685E+9	+8.692255E-1	-3.352042E-1
+7.288700E+9	+8.682713E-1	-3.355350E-1
+7.288715E+9	+8.688672E-1	-3.358550E-1
+7.288730E+9	+8.687981E-1	-3.360761E-1
+7.288745E+9	+8.684523E-1	-3.366562E-1
+7.288760E+9	+8.690075E-1	-3.362948E-1
+7.288775E+9	+8.687818E-1	-3.359451E-1
+7.288790E+9	+8.690402E-1	-3.362334E-1
+7.288805E+9	+8.684419E-1	-3.365829E-1
+7.288820E+9	+8.674370E-1	-3.365520E-1
+7.288835E+9	+8.676705E-1	-3.371923E-1
+7.288850E+9	+8.679692E-1	-3.370558E-1
+7.288865E+9	+8.678072E-1	-3.376967E-1
+7.288880E+9	+8.683202E-1	-3.376077E-1
+7.288895E+9	+8.684771E-1	-3.385757E-1
+7.288910E+9	+8.689078E-1	-3.387529E-1
+7.288925E+9	+8.683666E-1	-3.385695E-1
+7.288940E+9	+8.674860E-1	-3.384575E-1
+7.288955E+9	+8.674659E-1	-3.379811E-1
+7.288970E+9	+8.676535E-1	-3.380110E-1
+7.288985E+9	+8.678905E-1	-3.386014E-1
+7.289000E+9	+8.673783E-1	-3.392126E-1
+7.289015E+9	+8.669620E-1	-3.393653E-1
+7.289030E+9	+8.672529E-1	-3.400614E-1
+7.289045E+9	+8.678828E-1	-3.400857E-1
+7.289060E+9	+8.675229E-1	-3.406651E-1
+7.289075E+9	+8.671667E-1	-3.407446E-1
+7.289090E+9	+8.670871E-1	-3.404835E-1
+7.289105E+9	+8.668755E-1	-3.398019E-1
+7.289120E+9	+8.672318E-1	-3.395270E-1
+7.289135E+9	+8.666958E-1	-3.398973E-1
+7.289150E+9	+8.659957E-1	-3.407551E-1
+7.289165E+9	+8.663027E-1	-3.409599E-1
+7.289180E+9	+8.664943E-1	-3.407348E-1
+7.289195E+9	+8.660267E-1	-3.410488E-1
+7.289210E+9	+8.662622E-1	-3.413111E-1
+7.289225E+9	+8.664191E-1	-3.411004E-1
+7.289240E+9	+8.668605E-1	-3.414199E-1
+7.289255E+9	+8.660892E-1	-3.415871E-1
+7.289270E+9	+8.658735E-1	-3.411978E-1
+7.289285E+9	+8.664055E-1	-3.419965E-1
+7.289300E+9	+8.662969E-1	-3.420778E-1
+7.289315E+9	+8.659719E-1	-3.424803E-1
+7.289330E+9	+8.658876E-1	-3.427714E-1
+7.289345E+9	+8.654535E-1	-3.432483E-1
+7.289360E+9	+8.649958E-1	-3.431034E-1
+7.289375E+9	+8.656793E-1	-3.426480E-1
+7.289390E+9	+8.654189E-1	-3.425910E-1
+7.289405E+9	+8.657284E-1	-3.425744E-1
+7.289420E+9	+8.652981E-1	-3.432254E-1
+7.289435E+9	+8.648413E-1	-3.434163E-1
+7.289450E+9	+8.645638E-1	-3.436627E-1
+7.289465E+9	+8.654985E-1	-3.436600E-1
+7.289480E+9	+8.655679E-1	-3.443540E-1
+7.289495E+9	+8.645174E-1	-3.446849E-1
+7.289510E+9	+8.643213E-1	-3.450417E-1
+7.289525E+9	+8.654412E-1	-3.448723E-1
+7.289540E+9	+8.657402E-1	-3.452742E-1
+7.289555E+9	+8.655699E-1	-3.451616E-1
+7.289570E+9	+8.650490E-1	-3.447152E-1
+7.289585E+9	+8.647698E-1	-3.446025E-1
+7.289600E+9	+8.643109E-1	-3.444544E-1
+7.289615E+9	+8.641406E-1	-3.447763E-1
+7.289630E+9	+8.639464E-1	-3.456097E-1
+7.289645E+9	+8.633726E-1	-3.455636E-1
+7.289660E+9	+8.634991E-1	-3.460635E-1
+7.289675E+9	+8.633181E-1	-3.465556E-1
+7.289690E+9	+8.631646E-1	-3.467976E-1
+7.289705E+9	+8.640099E-1	-3.476003E-1
+7.289720E+9	+8.642777E-1	-3.472758E-1
+7.289735E+9	+8.648451E-1	-3.467907E-1
+7.289750E+9	+8.648667E-1	-3.463818E-1
+7.289765E+9	+8.645358E-1	-3.480028E-1
+7.289780E+9	+8.637990E-1	-3.484253E-1
+7.289795E+9	+8.641011E-1	-3.485154E-1
+7.289810E+9	+8.639230E-1	-3.479933E-1
+7.289825E+9	+8.636857E-1	-3.480126E-1
+7.289840E+9	+8.633047E-1	-3.480658E-1
+7.289855E+9	+8.630050E-1	-3.484749E-1
+7.289870E+9	+8.629001E-1	-3.487128E-1
+7.289885E+9	+8.635627E-1	-3.488764E-1
+7.289900E+9	+8.632952E-1	-3.483877E-1
+7.289915E+9	+8.627750E-1	-3.487775E-1
+7.289930E+9	+8.622034E-1	-3.485879E-1
+7.289945E+9	+8.617733E-1	-3.490579E-1
+7.289960E+9	+8.621064E-1	-3.486077E-1
+7.289975E+9	+8.625453E-1	-3.503617E-1
+7.289990E+9	+8.627878E-1	-3.504944E-1
+7.290005E+9	+8.624757E-1	-3.499449E-1
+7.290020E+9	+8.625264E-1	-3.504461E-1
+7.290035E+9	+8.622095E-1	-3.505245E-1
+7.290050E+9	+8.628967E-1	-3.507316E-1
+7.290065E+9	+8.622088E-1	-3.510889E-1
+7.290080E+9	+8.620946E-1	-3.509684E-1
+7.290095E+9	+8.620034E-1	-3.508190E-1
+7.290110E+9	+8.617422E-1	-3.517625E-1
+7.290125E+9	+8.618204E-1	-3.520990E-1
+7.290140E+9	+8.622000E-1	-3.512810E-1
+7.290155E+9	+8.622072E-1	-3.514572E-1
+7.290170E+9	+8.621750E-1	-3.513229E-1
+7.290185E+9	+8.620347E-1	-3.514685E-1
+7.290200E+9	+8.619885E-1	-3.521487E-1
+7.290215E+9	+8.612823E-1	-3.529892E-1
+7.290230E+9	+8.617610E-1	-3.538579E-1
+7.290245E+9	+8.623298E-1	-3.535876E-1
+7.290260E+9	+8.618127E-1	-3.527303E-1
+7.290275E+9	+8.615092E-1	-3.529119E-1
+7.290290E+9	+8.609047E-1	-3.528291E-1
+7.290305E+9	+8.608784E-1	-3.531943E-1
+7.290320E+9	+8.611088E-1	-3.538116E-1
+7.290335E+9	+8.614366E-1	-3.537429E-1
+7.290350E+9	+8.608420E-1	-3.534821E-1
+7.290365E+9	+8.608977E-1	-3.538472E-1
+7.290380E+9	+8.612835E-1	-3.538929E-1
+7.290395E+9	+8.598094E-1	-3.538723E-1
+7.290410E+9	+8.600159E-1	-3.545145E-1
+7.290425E+9	+8.599896E-1	-3.547974E-1
+7.290440E+9	+8.600878E-1	-3.552234E-1
+7.290455E+9	+8.608986E-1	-3.553944E-1
+7.290470E+9	+8.610457E-1	-3.552023E-1
+7.290485E+9	+8.604589E-1	-3.552698E-1
+7.290500E+9	+8.602640E-1	-3.560531E-1
+7.290515E+9	+8.598895E-1	-3.561701E-1
+7.290530E+9	+8.603095E-1	-3.558887E-1
+7.290545E+9	+8.599704E-1	-3.559384E-1
+7.290560E+9	+8.594893E-1	-3.566353E-1
+7.290575E+9	+8.591613E-1	-3.564272E-1
+7.290590E+9	+8.590897E-1	-3.569073E-1
+7.290605E+9	+8.593547E-1	-3.569947E-1
+7.290620E+9	+8.605162E-1	-3.566318E-1
+7.290635E+9	+8.603177E-1	-3.573364E-1
+7.290650E+9	+8.594820E-1	-3.571152E-1
+7.290665E+9	+8.593690E-1	-3.575874E-1
+7.290680E+9	+8.594952E-1	-3.571210E-1
+7.290695E+9	+8.591836E-1	-3.577796E-1
+7.290710E+9	+8.583822E-1	-3.577524E-1
+7.290725E+9	+8.586832E-1	-3.581312E-1
+7.290740E+9	+8.583459E-1	-3.585375E-1
+7.290755E+9	+8.595861E-1	-3.585935E-1
+7.290770E+9	+8.593572E-1	-3.584759E-1
+7.290785E+9	+8.589386E-1	-3.589136E-1
+7.290800E+9	+8.585609E-1	-3.585659E-1
+7.290815E+9	+8.586093E-1	-3.592938E-1
+7.290830E+9	+8.588922E-1	-3.597995E-1
+7.290845E+9	+8.583274E-1	-3.600942E-1
+7.290860E+9	+8.579567E-1	-3.597772E-1
+7.290875E+9	+8.587082E-1	-3.587011E-1
+7.290890E+9	+8.579669E-1	-3.597119E-1
+7.290905E+9	+8.581797E-1	-3.609140E-1
+7.290920E+9	+8.580119E-1	-3.606171E-1
+7.290935E+9	+8.584880E-1	-3.612354E-1
+7.290950E+9	+8.578689E-1	-3.602378E-1
+7.290965E+9	+8.576826E-1	-3.603358E-1
+7.290980E+9	+8.572190E-1	-3.607860E-1
+7.290995E+9	+8.577605E-1	-3.612368E-1
+7.291010E+9	+8.578222E-1	-3.609336E-1
+7.291025E+9	+8.578020E-1	-3.614831E-1
+7.291040E+9	+8.572483E-1	-3.616407E-1
+7.291055E+9	+8.574004E-1	-3.616202E-1
+7.291070E+9	+8.579883E-1	-3.615413E-1
+7.291085E+9	+8.580089E-1	-3.622885E-1
+7.291100E+9	+8.575693E-1	-3.631100E-1
+7.291115E+9	+8.565940E-1	-3.629918E-1
+7.291130E+9	+8.564151E-1	-3.628557E-1
+7.291145E+9	+8.562943E-1	-3.634949E-1
+7.291160E+9	+8.559679E-1	-3.638689E-1
+7.291175E+9	+8.568509E-1	-3.639537E-1
+7.291190E+9	+8.565614E-1	-3.635578E-1
+7.291205E+9	+8.564437E-1	-3.632079E-1
+7.291220E+9	+8.563352E-1	-3.635449E-1
+7.291235E+9	+8.568106E-1	-3.642770E-1
+7.291250E+9	+8.572068E-1	-3.645725E-1
+7.291265E+9	+8.570939E-1	-3.650811E-1
+7.291280E+9	+8.567459E-1	-3.654900E-1
+7.291295E+9	+8.560235E-1	-3.648215E-1
+7.291310E+9	+8.557035E-1	-3.648295E-1
+7.291325E+9	+8.558633E-1	-3.651647E-1
+7.291340E+9	+8.558694E-1	-3.648757E-1
+7.291355E+9	+8.565778E-1	-3.652095E-1
+7.291370E+9	+8.559999E-1	-3.651065E-1
+7.291385E+9	+8.557321E-1	-3.654796E-1
+7.291400E+9	+8.547613E-1	-3.652950E-1
+7.291415E+9	+8.557176E-1	-3.658908E-1
+7.291430E+9	+8.559544E-1	-3.667935E-1
+7.291445E+9	+8.547824E-1	-3.666001E-1
+7.291460E+9	+8.550294E-1	-3.658607E-1
+7.291475E+9	+8.555320E-1	-3.661225E-1
+7.291490E+9	+8.559881E-1	-3.670083E-1
+7.291505E+9	+8.559486E-1	-3.676687E-1
+7.291520E+9	+8.555318E-1	-3.679776E-1
+7.291535E+9	+8.556776E-1	-3.677415E-1
+7.291550E+9	+8.563150E-1	-3.687022E-1
+7.291565E+9	+8.549907E-1	-3.689783E-1
+7.291580E+9	+8.547736E-1	-3.663324E-1
+7.291595E+9	+8.543856E-1	-3.670854E-1
+7.291610E+9	+8.542083E-1	-3.686300E-1
+7.291625E+9	+8.547664E-1	-3.690171E-1
+7.291640E+9	+8.542867E-1	-3.691158E-1
+7.291655E+9	+8.545586E-1	-3.691197E-1
+7.291670E+9	+8.548104E-1	-3.689357E-1
+7.291685E+9	+8.548507E-1	-3.687874E-1
+7.291700E+9	+8.541805E-1	-3.683305E-1
+7.291715E+9	+8.541271E-1	-3.685579E-1
+7.291730E+9	+8.544020E-1	-3.691924E-1
+7.291745E+9	+8.549063E-1	-3.696375E-1
+7.291760E+9	+8.544530E-1	-3.700069E-1
+7.291775E+9	+8.544354E-1	-3.706941E-1
+7.291790E+9	+8.541896E-1	-3.699909E-1
+7.291805E+9	+8.540241E-1	-3.698965E-1
+7.291820E+9	+8.536878E-1	-3.697836E-1
+7.291835E+9	+8.542088E-1	-3.707982E-1
+7.291850E+9	+8.545175E-1	-3.708001E-1
+7.291865E+9	+8.535612E-1	-3.707201E-1
+7.291880E+9	+8.538599E-1	-3.713314E-1
+7.291895E+9	+8.539215E-1	-3.717477E-1
+7.291910E+9	+8.526943E-1	-3.715963E-1
+7.291925E+9	+8.525345E-1	-3.713736E-1
+7.291940E+9	+8.535358E-1	-3.712605E-1
+7.291955E+9	+8.533640E-1	-3.715566E-1
+7.291970E+9	+8.536483E-1	-3.715967E-1
+7.291985E+9	+8.527367E-1	-3.715792E-1
+7.292000E+9	+8.527661E-1	-3.715937E-1
+7.292015E+9	+8.529211E-1	-3.723474E-1
+7.292030E+9	+8.527704E-1	-3.722147E-1
+7.292045E+9	+8.523735E-1	-3.725710E-1
+7.292060E+9	+8.525354E-1	-3.733847E-1
+7.292075E+9	+8.522740E-1	-3.734787E-1
+7.292090E+9	+8.523646E-1	-3.729518E-1
+7.292105E+9	+8.509434E-1	-3.736974E-1
+7.292120E+9	+8.512949E-1	-3.741087E-1
+7.292135E+9	+8.512328E-1	-3.738697E-1
+7.292150E+9	+8.514904E-1	-3.735700E-1
+7.292165E+9	+8.516232E-1	-3.742845E-1
+7.292180E+9	+8.518444E-1	-3.745842E-1
+7.292195E+9	+8.516623E-1	-3.745923E-1
+7.292210E+9	+8.512462E-1	-3.743296E-1
+7.292225E+9	+8.515053E-1	-3.755688E-1
+7.292240E+9	+8.519310E-1	-3.759628E-1
+7.292255E+9	+8.518207E-1	-3.758801E-1
+7.292270E+9	+8.515033E-1	-3.750411E-1
+7.292285E+9	+8.516256E-1	-3.755175E-1
+7.292300E+9	+8.514710E-1	-3.755157E-1
+7.292315E+9	+8.513040E-1	-3.760116E-1
+7.292330E+9	+8.510214E-1	-3.765449E-1
+7.292345E+9	+8.499413E-1	-3.774470E-1
+7.292360E+9	+8.500026E-1	-3.771758E-1
+7.292375E+9	+8.504825E-1	-3.775458E-1
+7.292390E+9	+8.511052E-1	-3.774508E-1
+7.292405E+9	+8.508399E-1	-3.772047E-1
+7.292420E+9	+8.503378E-1	-3.770950E-1
+7.292435E+9	+8.503411E-1	-3.764294E-1
+7.292450E+9	+8.510805E-1	-3.761162E-1
+7.292465E+9	+8.500775E-1	-3.767803E-1
+7.292480E+9	+8.492114E-1	-3.779665E-1
+7.292495E+9	+8.493315E-1	-3.785209E-1
+7.292510E+9	+8.502202E-1	-3.783718E-1
+7.292525E+9	+8.507555E-1	-3.781381E-1
+7.292540E+9	+8.505884E-1	-3.781480E-1
+7.292555E+9	+8.495906E-1	-3.783980E-1
+7.292570E+9	+8.492885E-1	-3.784928E-1
+7.292585E+9	+8.501086E-1	-3.790354E-1
+7.292600E+9	+8.500613E-1	-3.797505E-1
+7.292615E+9	+8.501796E-1	-3.789801E-1
+7.292630E+9	+8.498522E-1	-3.793799E-1
+7.292645E+9	+8.496151E-1	-3.798419E-1
+7.292660E+9	+8.486194E-1	-3.796719E-1
+7.292675E+9	+8.478025E-1	-3.795030E-1
+7.292690E+9	+8.481398E-1	-3.798182E-1
+7.292705E+9	+8.502057E-1	-3.801297E-1
+7.292720E+9	+8.499496E-1	-3.803199E-1
+7.292735E+9	+8.494078E-1	-3.816220E-1
+7.292750E+9	+8.490801E-1	-3.811277E-1
+7.292765E+9	+8.496084E-1	-3.810666E-1
+7.292780E+9	+8.488728E-1	-3.816996E-1
+7.292795E+9	+8.490496E-1	-3.828674E-1
+7.292810E+9	+8.479446E-1	-3.817580E-1
+7.292825E+9	+8.485096E-1	-3.820074E-1
+7.292840E+9	+8.479380E-1	-3.818337E-1
+7.292855E+9	+8.478928E-1	-3.817419E-1
+7.292870E+9	+8.478982E-1	-3.812844E-1
+7.292885E+9	+8.477270E-1	-3.817670E-1
+7.292900E+9	+8.477926E-1	-3.829938E-1
+7.292915E+9	+8.480358E-1	-3.831693E-1
+7.292930E+9	+8.478755E-1	-3.823585E-1
+7.292945E+9	+8.477812E-1	-3.828575E-1
+7.292960E+9	+8.481374E-1	-3.836238E-1
+7.292975E+9	+8.481272E-1	-3.840633E-1
+7.292990E+9	+8.477178E-1	-3.835757E-1
+7.293005E+9	+8.469379E-1	-3.836829E-1
+7.293020E+9	+8.477050E-1	-3.838747E-1
+7.293035E+9	+8.475170E-1	-3.842644E-1
+7.293050E+9	+8.473214E-1	-3.843590E-1
+7.293065E+9	+8.468754E-1	-3.839462E-1
+7.293080E+9	+8.466337E-1	-3.837704E-1
+7.293095E+9	+8.465756E-1	-3.840882E-1
+7.293110E+9	+8.466046E-1	-3.845169E-1
+7.293125E+9	+8.463624E-1	-3.841434E-1
+7.293140E+9	+8.465582E-1	-3.849310E-1
+7.293155E+9	+8.458846E-1	-3.856549E-1
+7.293170E+9	+8.468011E-1	-3.852802E-1
+7.293185E+9	+8.466588E-1	-3.852192E-1
+7.293200E+9	+8.454590E-1	-3.854730E-1
+7.293215E+9	+8.456389E-1	-3.850516E-1
+7.293230E+9	+8.457121E-1	-3.856783E-1
+7.293245E+9	+8.453032E-1	-3.865370E-1
+7.293260E+9	+8.455800E-1	-3.869874E-1
+7.293275E+9	+8.456384E-1	-3.867869E-1
+7.293290E+9	+8.460297E-1	-3.868177E-1
+7.293305E+9	+8.465302E-1	-3.872299E-1
+7.293320E+9	+8.459424E-1	-3.880946E-1
+7.293335E+9	+8.460852E-1	-3.876016E-1
+7.293350E+9	+8.464965E-1	-3.869309E-1
+7.293365E+9	+8.457816E-1	-3.875310E-1
+7.293380E+9	+8.453884E-1	-3.874929E-1
+7.293395E+9	+8.455205E-1	-3.878138E-1
+7.293410E+9	+8.453027E-1	-3.887116E-1
+7.293425E+9	+8.447581E-1	-3.886270E-1
+7.293440E+9	+8.444541E-1	-3.880975E-1
+7.293455E+9	+8.447824E-1	-3.883544E-1
+7.293470E+9	+8.449772E-1	-3.889761E-1
+7.293485E+9	+8.448369E-1	-3.898536E-1
+7.293500E+9	+8.439303E-1	-3.897733E-1
+7.293515E+9	+8.442310E-1	-3.892372E-1
+7.293530E+9	+8.449655E-1	-3.894389E-1
+7.293545E+9	+8.444021E-1	-3.891573E-1
+7.293560E+9	+8.442132E-1	-3.890038E-1
+7.293575E+9	+8.441125E-1	-3.894388E-1
+7.293590E+9	+8.439168E-1	-3.899408E-1
+7.293605E+9	+8.429642E-1	-3.910087E-1
+7.293620E+9	+8.435501E-1	-3.908502E-1
+7.293635E+9	+8.442466E-1	-3.900694E-1
+7.293650E+9	+8.429408E-1	-3.898132E-1
+7.293665E+9	+8.434451E-1	-3.901388E-1
+7.293680E+9	+8.432820E-1	-3.905873E-1
+7.293695E+9	+8.431315E-1	-3.924786E-1
+7.293710E+9	+8.438901E-1	-3.933817E-1
+7.293725E+9	+8.441608E-1	-3.935829E-1
+7.293740E+9	+8.432853E-1	-3.937492E-1
+7.293755E+9	+8.425591E-1	-3.925964E-1
+7.293770E+9	+8.438018E-1	-3.922114E-1
+7.293785E+9	+8.439505E-1	-3.921245E-1
+7.293800E+9	+8.446409E-1	-3.923487E-1
+7.293815E+9	+8.436623E-1	-3.917943E-1
+7.293830E+9	+8.433308E-1	-3.911389E-1
+7.293845E+9	+8.428257E-1	-3.920886E-1
+7.293860E+9	+8.435321E-1	-3.933592E-1
+7.293875E+9	+8.434513E-1	-3.935714E-1
+7.293890E+9	+8.432076E-1	-3.942095E-1
+7.293905E+9	+8.432625E-1	-3.940156E-1
+7.293920E+9	+8.423571E-1	-3.946048E-1
+7.293935E+9	+8.422953E-1	-3.948824E-1
+7.293950E+9	+8.419853E-1	-3.948824E-1
+7.293965E+9	+8.414023E-1	-3.947402E-1
+7.293980E+9	+8.412533E-1	-3.944906E-1
+7.293995E+9	+8.413642E-1	-3.949026E-1
+7.294010E+9	+8.412236E-1	-3.959866E-1
+7.294025E+9	+8.409994E-1	-3.958004E-1
+7.294040E+9	+8.416276E-1	-3.956136E-1
+7.294055E+9	+8.418417E-1	-3.959323E-1
+7.294070E+9	+8.414963E-1	-3.951322E-1
+7.294085E+9	+8.415724E-1	-3.960898E-1
+7.294100E+9	+8.428210E-1	-3.980882E-1
+7.294115E+9	+8.417496E-1	-3.966707E-1
+7.294130E+9	+8.414609E-1	-3.962253E-1
+7.294145E+9	+8.415300E-1	-3.957063E-1
+7.294160E+9	+8.411033E-1	-3.956198E-1
+7.294175E+9	+8.401609E-1	-3.976215E-1
+7.294190E+9	+8.403041E-1	-3.968619E-1
+7.294205E+9	+8.411087E-1	-3.970541E-1
+7.294220E+9	+8.410491E-1	-3.972357E-1
+7.294235E+9	+8.406053E-1	-3.981159E-1
+7.294250E+9	+8.403165E-1	-3.976233E-1
+7.294265E+9	+8.399294E-1	-3.982101E-1
+7.294280E+9	+8.400942E-1	-3.978007E-1
+7.294295E+9	+8.404940E-1	-3.971991E-1
+7.294310E+9	+8.401878E-1	-3.971236E-1
+7.294325E+9	+8.393020E-1	-3.986394E-1
+7.294340E+9	+8.395613E-1	-3.983753E-1
+7.294355E+9	+8.396698E-1	-3.991050E-1
+7.294370E+9	+8.394123E-1	-3.991462E-1
+7.294385E+9	+8.409624E-1	-4.003320E-1
+7.294400E+9	+8.402781E-1	-3.993035E-1
+7.294415E+9	+8.403678E-1	-3.987243E-1
+7.294430E+9	+8.389449E-1	-3.997764E-1
+7.294445E+9	+8.392249E-1	-3.999000E-1
+7.294460E+9	+8.402334E-1	-3.992011E-1
+7.294475E+9	+8.393295E-1	-3.991366E-1
+7.294490E+9	+8.395015E-1	-3.997813E-1
+7.294505E+9	+8.389864E-1	-4.000204E-1
+7.294520E+9	+8.383401E-1	-4.001173E-1
+7.294535E+9	+8.385251E-1	-4.009463E-1
+7.294550E+9	+8.380222E-1	-4.009954E-1
+7.294565E+9	+8.383333E-1	-4.018831E-1
+7.294580E+9	+8.382427E-1	-4.019514E-1
+7.294595E+9	+8.378259E-1	-4.019684E-1
+7.294610E+9	+8.392650E-1	-4.018033E-1
+7.294625E+9	+8.393492E-1	-4.021659E-1
+7.294640E+9	+8.389880E-1	-4.026504E-1
+7.294655E+9	+8.382971E-1	-4.028522E-1
+7.294670E+9	+8.379910E-1	-4.028003E-1
+7.294685E+9	+8.378916E-1	-4.028256E-1
+7.294700E+9	+8.373418E-1	-4.031492E-1
+7.294715E+9	+8.365868E-1	-4.027420E-1
+7.294730E+9	+8.377143E-1	-4.018903E-1
+7.294745E+9	+8.378915E-1	-4.022110E-1
+7.294760E+9	+8.376942E-1	-4.039735E-1
+7.294775E+9	+8.374270E-1	-4.042002E-1
+7.294790E+9	+8.382681E-1	-4.038468E-1
+7.294805E+9	+8.388949E-1	-4.040070E-1
+7.294820E+9	+8.385295E-1	-4.039237E-1
+7.294835E+9	+8.382374E-1	-4.036634E-1
+7.294850E+9	+8.375878E-1	-4.036314E-1
+7.294865E+9	+8.370506E-1	-4.043559E-1
+7.294880E+9	+8.363105E-1	-4.048339E-1
+7.294895E+9	+8.359266E-1	-4.048562E-1
+7.294910E+9	+8.361372E-1	-4.052320E-1
+7.294925E+9	+8.367694E-1	-4.055664E-1
+7.294940E+9	+8.368438E-1	-4.060119E-1
+7.294955E+9	+8.357442E-1	-4.062952E-1
+7.294970E+9	+8.344880E-1	-4.062253E-1
+7.294985E+9	+8.360718E-1	-4.060252E-1
+7.295000E+9	+8.375336E-1	-4.063061E-1
+7.295015E+9	+8.365341E-1	-4.061631E-1
+7.295030E+9	+8.357136E-1	-4.066022E-1
+7.295045E+9	+8.357771E-1	-4.068236E-1
+7.295060E+9	+8.360574E-1	-4.072428E-1
+7.295075E+9	+8.360174E-1	-4.070955E-1
+7.295090E+9	+8.364775E-1	-4.074030E-1
+7.295105E+9	+8.366922E-1	-4.057889E-1
+7.295120E+9	+8.366608E-1	-4.063973E-1
+7.295135E+9	+8.358423E-1	-4.068309E-1
+7.295150E+9	+8.353747E-1	-4.072180E-1
+7.295165E+9	+8.347445E-1	-4.073768E-1
+7.295180E+9	+8.350836E-1	-4.075684E-1
+7.295195E+9	+8.354242E-1	-4.085292E-1
+7.295210E+9	+8.352614E-1	-4.095738E-1
+7.295225E+9	+8.355609E-1	-4.093098E-1
+7.295240E+9	+8.353580E-1	-4.086246E-1
+7.295255E+9	+8.344541E-1	-4.084126E-1
+7.295270E+9	+8.344860E-1	-4.087670E-1
+7.295285E+9	+8.343615E-1	-4.089462E-1
+7.295300E+9	+8.342920E-1	-4.096690E-1
+7.295315E+9	+8.342234E-1	-4.107100E-1
+7.295330E+9	+8.345640E-1	-4.101668E-1
+7.295345E+9	+8.344610E-1	-4.102161E-1
+7.295360E+9	+8.339141E-1	-4.097191E-1
+7.295375E+9	+8.343991E-1	-4.097659E-1
+7.295390E+9	+8.341217E-1	-4.099029E-1
+7.295405E+9	+8.340342E-1	-4.100662E-1
+7.295420E+9	+8.341822E-1	-4.106867E-1
+7.295435E+9	+8.333724E-1	-4.108857E-1
+7.295450E+9	+8.327796E-1	-4.104444E-1
+7.295465E+9	+8.328120E-1	-4.113900E-1
+7.295480E+9	+8.336944E-1	-4.112653E-1
+7.295495E+9	+8.340230E-1	-4.125163E-1
+7.295510E+9	+8.345605E-1	-4.123590E-1
+7.295525E+9	+8.336130E-1	-4.115575E-1
+7.295540E+9	+8.326533E-1	-4.118273E-1
+7.295555E+9	+8.325616E-1	-4.119714E-1
+7.295570E+9	+8.324140E-1	-4.121225E-1
+7.295585E+9	+8.328246E-1	-4.121493E-1
+7.295600E+9	+8.332190E-1	-4.123404E-1
+7.295615E+9	+8.333757E-1	-4.122274E-1
+7.295630E+9	+8.335146E-1	-4.129973E-1
+7.295645E+9	+8.334438E-1	-4.130081E-1
+7.295660E+9	+8.332286E-1	-4.133817E-1
+7.295675E+9	+8.336356E-1	-4.131241E-1
+7.295690E+9	+8.327647E-1	-4.133826E-1
+7.295705E+9	+8.324404E-1	-4.134729E-1
+7.295720E+9	+8.325909E-1	-4.134094E-1
+7.295735E+9	+8.324916E-1	-4.136526E-1
+7.295750E+9	+8.325723E-1	-4.140591E-1
+7.295765E+9	+8.317518E-1	-4.140219E-1
+7.295780E+9	+8.312423E-1	-4.143050E-1
+7.295795E+9	+8.325966E-1	-4.145493E-1
+7.295810E+9	+8.324541E-1	-4.146154E-1
+7.295825E+9	+8.323364E-1	-4.145884E-1
+7.295840E+9	+8.321566E-1	-4.145523E-1
+7.295855E+9	+8.317799E-1	-4.149534E-1
+7.295870E+9	+8.315186E-1	-4.150841E-1
+7.295885E+9	+8.319685E-1	-4.156003E-1
+7.295900E+9	+8.322909E-1	-4.146309E-1
+7.295915E+9	+8.318953E-1	-4.151010E-1
+7.295930E+9	+8.310905E-1	-4.165665E-1
+7.295945E+9	+8.305058E-1	-4.160621E-1
+7.295960E+9	+8.304837E-1	-4.163946E-1
+7.295975E+9	+8.296035E-1	-4.170149E-1
+7.295990E+9	+8.297841E-1	-4.173055E-1
+7.296005E+9	+8.305715E-1	-4.174593E-1
+7.296020E+9	+8.302633E-1	-4.179201E-1
+7.296035E+9	+8.312352E-1	-4.175238E-1
+7.296050E+9	+8.311170E-1	-4.177786E-1
+7.296065E+9	+8.301375E-1	-4.188059E-1
+7.296080E+9	+8.303229E-1	-4.182602E-1
+7.296095E+9	+8.296160E-1	-4.173447E-1
+7.296110E+9	+8.293063E-1	-4.179924E-1
+7.296125E+9	+8.298311E-1	-4.186016E-1
+7.296140E+9	+8.304812E-1	-4.188892E-1
+7.296155E+9	+8.301213E-1	-4.188169E-1
+7.296170E+9	+8.289288E-1	-4.193020E-1
+7.296185E+9	+8.288656E-1	-4.189375E-1
+7.296200E+9	+8.295514E-1	-4.190386E-1
+7.296215E+9	+8.300289E-1	-4.191648E-1
+7.296230E+9	+8.293623E-1	-4.197683E-1
+7.296245E+9	+8.297121E-1	-4.207098E-1
+7.296260E+9	+8.298199E-1	-4.197012E-1
+7.296275E+9	+8.284668E-1	-4.204164E-1
+7.296290E+9	+8.292933E-1	-4.206050E-1
+7.296305E+9	+8.289533E-1	-4.200157E-1
+7.296320E+9	+8.282062E-1	-4.198153E-1
+7.296335E+9	+8.282148E-1	-4.198490E-1
+7.296350E+9	+8.270980E-1	-4.208937E-1
+7.296365E+9	+8.276822E-1	-4.211809E-1
+7.296380E+9	+8.277503E-1	-4.214459E-1
+7.296395E+9	+8.277068E-1	-4.210639E-1
+7.296410E+9	+8.277038E-1	-4.204286E-1
+7.296425E+9	+8.290954E-1	-4.220802E-1
+7.296440E+9	+8.301248E-1	-4.222342E-1
+7.296455E+9	+8.285450E-1	-4.206142E-1
+7.296470E+9	+8.273064E-1	-4.218392E-1
+7.296485E+9	+8.270170E-1	-4.223840E-1
+7.296500E+9	+8.264268E-1	-4.223882E-1
+7.296515E+9	+8.273742E-1	-4.228633E-1
+7.296530E+9	+8.277702E-1	-4.226063E-1
+7.296545E+9	+8.276771E-1	-4.233977E-1
+7.296560E+9	+8.275536E-1	-4.227454E-1
+7.296575E+9	+8.266224E-1	-4.240096E-1
+7.296590E+9	+8.268582E-1	-4.236719E-1
+7.296605E+9	+8.267826E-1	-4.237737E-1
+7.296620E+9	+8.262731E-1	-4.240006E-1
+7.296635E+9	+8.260845E-1	-4.247062E-1
+7.296650E+9	+8.263426E-1	-4.246668E-1
+7.296665E+9	+8.263893E-1	-4.247243E-1
+7.296680E+9	+8.269386E-1	-4.236141E-1
+7.296695E+9	+8.263606E-1	-4.235266E-1
+7.296710E+9	+8.267989E-1	-4.250739E-1
+7.296725E+9	+8.267178E-1	-4.253648E-1
+7.296740E+9	+8.270834E-1	-4.264355E-1
+7.296755E+9	+8.270438E-1	-4.265495E-1
+7.296770E+9	+8.262171E-1	-4.258020E-1
+7.296785E+9	+8.258782E-1	-4.247473E-1
+7.296800E+9	+8.264644E-1	-4.250428E-1
+7.296815E+9	+8.264038E-1	-4.253362E-1
+7.296830E+9	+8.255098E-1	-4.259125E-1
+7.296845E+9	+8.253367E-1	-4.257598E-1
+7.296860E+9	+8.252053E-1	-4.268461E-1
+7.296875E+9	+8.259161E-1	-4.272267E-1
+7.296890E+9	+8.254254E-1	-4.275771E-1
+7.296905E+9	+8.255461E-1	-4.268912E-1
+7.296920E+9	+8.245485E-1	-4.268657E-1
+7.296935E+9	+8.250321E-1	-4.267824E-1
+7.296950E+9	+8.258787E-1	-4.278648E-1
+7.296965E+9	+8.250406E-1	-4.283344E-1
+7.296980E+9	+8.241878E-1	-4.287062E-1
+7.296995E+9	+8.242257E-1	-4.292866E-1
+7.297010E+9	+8.246493E-1	-4.288117E-1
+7.297025E+9	+8.250526E-1	-4.280403E-1
+7.297040E+9	+8.247535E-1	-4.285888E-1
+7.297055E+9	+8.247417E-1	-4.294717E-1
+7.297070E+9	+8.242876E-1	-4.304317E-1
+7.297085E+9	+8.243840E-1	-4.299642E-1
+7.297100E+9	+8.236930E-1	-4.284919E-1
+7.297115E+9	+8.235608E-1	-4.291326E-1
+7.297130E+9	+8.232674E-1	-4.296041E-1
+7.297145E+9	+8.230781E-1	-4.297490E-1
+7.297160E+9	+8.226054E-1	-4.301607E-1
+7.297175E+9	+8.221674E-1	-4.314188E-1
+7.297190E+9	+8.220406E-1	-4.308514E-1
+7.297205E+9	+8.225952E-1	-4.300468E-1
+7.297220E+9	+8.230689E-1	-4.303773E-1
+7.297235E+9	+8.228232E-1	-4.313235E-1
+7.297250E+9	+8.238082E-1	-4.298680E-1
+7.297265E+9	+8.234269E-1	-4.300865E-1
+7.297280E+9	+8.224216E-1	-4.305275E-1
+7.297295E+9	+8.213550E-1	-4.306276E-1
+7.297310E+9	+8.221775E-1	-4.318197E-1
+7.297325E+9	+8.237494E-1	-4.319927E-1
+7.297340E+9	+8.227758E-1	-4.326204E-1
+7.297355E+9	+8.227379E-1	-4.332403E-1
+7.297370E+9	+8.228689E-1	-4.331742E-1
+7.297385E+9	+8.220636E-1	-4.330716E-1
+7.297400E+9	+8.213512E-1	-4.317181E-1
+7.297415E+9	+8.210666E-1	-4.324432E-1
+7.297430E+9	+8.215238E-1	-4.330348E-1
+7.297445E+9	+8.226066E-1	-4.334781E-1
+7.297460E+9	+8.221941E-1	-4.334853E-1
+7.297475E+9	+8.217597E-1	-4.341755E-1
+7.297490E+9	+8.225689E-1	-4.344923E-1
+7.297505E+9	+8.221885E-1	-4.349869E-1
+7.297520E+9	+8.211590E-1	-4.346605E-1
+7.297535E+9	+8.207708E-1	-4.348806E-1
+7.297550E+9	+8.209694E-1	-4.350452E-1
+7.297565E+9	+8.203259E-1	-4.349841E-1
+7.297580E+9	+8.208428E-1	-4.348673E-1
+7.297595E+9	+8.217106E-1	-4.349297E-1
+7.297610E+9	+8.211425E-1	-4.358941E-1
+7.297625E+9	+8.211536E-1	-4.354659E-1
+7.297640E+9	+8.208529E-1	-4.363955E-1
+7.297655E+9	+8.209064E-1	-4.357426E-1
+7.297670E+9	+8.209664E-1	-4.355175E-1
+7.297685E+9	+8.213364E-1	-4.361191E-1
+7.297700E+9	+8.211541E-1	-4.358504E-1
+7.297715E+9	+8.207070E-1	-4.363672E-1
+7.297730E+9	+8.194755E-1	-4.368553E-1
+7.297745E+9	+8.202565E-1	-4.370203E-1
+7.297760E+9	+8.196295E-1	-4.367649E-1
+7.297775E+9	+8.200183E-1	-4.360820E-1
+7.297790E+9	+8.203684E-1	-4.370857E-1
+7.297805E+9	+8.202665E-1	-4.376764E-1
+7.297820E+9	+8.197411E-1	-4.382921E-1
+7.297835E+9	+8.190860E-1	-4.385295E-1
+7.297850E+9	+8.185538E-1	-4.374682E-1
+7.297865E+9	+8.187614E-1	-4.379208E-1
+7.297880E+9	+8.184551E-1	-4.380336E-1
+7.297895E+9	+8.190810E-1	-4.382361E-1
+7.297910E+9	+8.191558E-1	-4.385016E-1
+7.297925E+9	+8.184768E-1	-4.384684E-1
+7.297940E+9	+8.180965E-1	-4.381756E-1
+7.297955E+9	+8.188464E-1	-4.383017E-1
+7.297970E+9	+8.192014E-1	-4.391762E-1
+7.297985E+9	+8.193263E-1	-4.396289E-1
+7.298000E+9	+8.186573E-1	-4.385000E-1
+7.298015E+9	+8.189168E-1	-4.390767E-1
+7.298030E+9	+8.186229E-1	-4.399377E-1
+7.298045E+9	+8.177930E-1	-4.402452E-1
+7.298060E+9	+8.171752E-1	-4.403891E-1
+7.298075E+9	+8.184239E-1	-4.390178E-1
+7.298090E+9	+8.182120E-1	-4.402577E-1
+7.298105E+9	+8.177819E-1	-4.403156E-1
+7.298120E+9	+8.184189E-1	-4.401333E-1
+7.298135E+9	+8.178461E-1	-4.402295E-1
+7.298150E+9	+8.168792E-1	-4.410599E-1
+7.298165E+9	+8.170873E-1	-4.411325E-1
+7.298180E+9	+8.178605E-1	-4.415473E-1
+7.298195E+9	+8.174688E-1	-4.416617E-1
+7.298210E+9	+8.168071E-1	-4.422423E-1
+7.298225E+9	+8.173874E-1	-4.422487E-1
+7.298240E+9	+8.169262E-1	-4.421338E-1
+7.298255E+9	+8.169881E-1	-4.423785E-1
+7.298270E+9	+8.170872E-1	-4.422512E-1
+7.298285E+9	+8.173988E-1	-4.433186E-1
+7.298300E+9	+8.169396E-1	-4.427267E-1
+7.298315E+9	+8.163542E-1	-4.427795E-1
+7.298330E+9	+8.155964E-1	-4.426669E-1
+7.298345E+9	+8.155657E-1	-4.432276E-1
+7.298360E+9	+8.160416E-1	-4.430681E-1
+7.298375E+9	+8.169747E-1	-4.427910E-1
+7.298390E+9	+8.160126E-1	-4.435914E-1
+7.298405E+9	+8.155252E-1	-4.441378E-1
+7.298420E+9	+8.164451E-1	-4.442196E-1
+7.298435E+9	+8.162310E-1	-4.443272E-1
+7.298450E+9	+8.158658E-1	-4.441222E-1
+7.298465E+9	+8.160075E-1	-4.445153E-1
+7.298480E+9	+8.161744E-1	-4.445312E-1
+7.298495E+9	+8.150768E-1	-4.448236E-1
+7.298510E+9	+8.142452E-1	-4.449062E-1
+7.298525E+9	+8.156957E-1	-4.458001E-1
+7.298540E+9	+8.160314E-1	-4.450238E-1
+7.298555E+9	+8.158495E-1	-4.446417E-1
+7.298570E+9	+8.151566E-1	-4.448667E-1
+7.298585E+9	+8.151257E-1	-4.454272E-1
+7.298600E+9	+8.155233E-1	-4.450378E-1
+7.298615E+9	+8.150544E-1	-4.443567E-1
+7.298630E+9	+8.148666E-1	-4.445762E-1
+7.298645E+9	+8.149517E-1	-4.455090E-1
+7.298660E+9	+8.136465E-1	-4.462592E-1
+7.298675E+9	+8.136775E-1	-4.456071E-1
+7.298690E+9	+8.149293E-1	-4.462280E-1
+7.298705E+9	+8.145772E-1	-4.475776E-1
+7.298720E+9	+8.139962E-1	-4.481835E-1
+7.298735E+9	+8.134007E-1	-4.478123E-1
+7.298750E+9	+8.133622E-1	-4.476785E-1
+7.298765E+9	+8.132511E-1	-4.476695E-1
+7.298780E+9	+8.137982E-1	-4.483690E-1
+7.298795E+9	+8.140635E-1	-4.481542E-1
+7.298810E+9	+8.133881E-1	-4.478304E-1
+7.298825E+9	+8.140456E-1	-4.481662E-1
+7.298840E+9	+8.136481E-1	-4.484947E-1
+7.298855E+9	+8.133942E-1	-4.487651E-1
+7.298870E+9	+8.126070E-1	-4.481185E-1
+7.298885E+9	+8.130767E-1	-4.486676E-1
+7.298900E+9	+8.133290E-1	-4.502270E-1
+7.298915E+9	+8.131000E-1	-4.500565E-1
+7.298930E+9	+8.125090E-1	-4.498808E-1
+7.298945E+9	+8.125830E-1	-4.501132E-1
+7.298960E+9	+8.122338E-1	-4.495314E-1
+7.298975E+9	+8.124679E-1	-4.495137E-1
+7.298990E+9	+8.121628E-1	-4.509522E-1
+7.299005E+9	+8.111696E-1	-4.514353E-1
+7.299020E+9	+8.113988E-1	-4.513771E-1
+7.299035E+9	+8.117043E-1	-4.512229E-1
+7.299050E+9	+8.124188E-1	-4.517883E-1
+7.299065E+9	+8.122023E-1	-4.518422E-1
+7.299080E+9	+8.117338E-1	-4.517062E-1
+7.299095E+9	+8.104608E-1	-4.524006E-1
+7.299110E+9	+8.104069E-1	-4.515471E-1
+7.299125E+9	+8.106635E-1	-4.527173E-1
+7.299140E+9	+8.104139E-1	-4.522780E-1
+7.299155E+9	+8.108899E-1	-4.523040E-1
+7.299170E+9	+8.108928E-1	-4.525125E-1
+7.299185E+9	+8.102977E-1	-4.516677E-1
+7.299200E+9	+8.098494E-1	-4.507587E-1
+7.299215E+9	+8.101886E-1	-4.511931E-1
+7.299230E+9	+8.105750E-1	-4.522423E-1
+7.299245E+9	+8.096707E-1	-4.527711E-1
+7.299260E+9	+8.091559E-1	-4.534505E-1
+7.299275E+9	+8.102296E-1	-4.542497E-1
+7.299290E+9	+8.099893E-1	-4.538697E-1
+7.299305E+9	+8.097369E-1	-4.539298E-1
+7.299320E+9	+8.093702E-1	-4.546156E-1
+7.299335E+9	+8.090046E-1	-4.542636E-1
+7.299350E+9	+8.088148E-1	-4.523804E-1
+7.299365E+9	+8.099966E-1	-4.530424E-1
+7.299380E+9	+8.098303E-1	-4.542302E-1
+7.299395E+9	+8.098026E-1	-4.542673E-1
+7.299410E+9	+8.099787E-1	-4.549580E-1
+7.299425E+9	+8.102776E-1	-4.556301E-1
+7.299440E+9	+8.090895E-1	-4.554938E-1
+7.299455E+9	+8.085490E-1	-4.554317E-1
+7.299470E+9	+8.089274E-1	-4.553192E-1
+7.299485E+9	+8.083859E-1	-4.558456E-1
+7.299500E+9	+8.072584E-1	-4.554281E-1
+7.299515E+9	+8.084800E-1	-4.560968E-1
+7.299530E+9	+8.092410E-1	-4.561277E-1
+7.299545E+9	+8.085459E-1	-4.556836E-1
+7.299560E+9	+8.080332E-1	-4.558729E-1
+7.299575E+9	+8.083160E-1	-4.557992E-1
+7.299590E+9	+8.087296E-1	-4.557914E-1
+7.299605E+9	+8.088615E-1	-4.560082E-1
+7.299620E+9	+8.090875E-1	-4.566699E-1
+7.299635E+9	+8.084645E-1	-4.560266E-1
+7.299650E+9	+8.082133E-1	-4.556540E-1
+7.299665E+9	+8.076429E-1	-4.566501E-1
+7.299680E+9	+8.074472E-1	-4.575719E-1
+7.299695E+9	+8.082490E-1	-4.582795E-1
+7.299710E+9	+8.070207E-1	-4.582382E-1
+7.299725E+9	+8.056956E-1	-4.579761E-1
+7.299740E+9	+8.061726E-1	-4.579647E-1
+7.299755E+9	+8.067864E-1	-4.583388E-1
+7.299770E+9	+8.068196E-1	-4.589472E-1
+7.299785E+9	+8.062548E-1	-4.585059E-1
+7.299800E+9	+8.068939E-1	-4.578517E-1
+7.299815E+9	+8.069526E-1	-4.581187E-1
+7.299830E+9	+8.071001E-1	-4.586171E-1
+7.299845E+9	+8.073278E-1	-4.591381E-1
+7.299860E+9	+8.077500E-1	-4.596271E-1
+7.299875E+9	+8.078845E-1	-4.602337E-1
+7.299890E+9	+8.065896E-1	-4.598372E-1
+7.299905E+9	+8.062571E-1	-4.588748E-1
+7.299920E+9	+8.062742E-1	-4.592068E-1
+7.299935E+9	+8.063627E-1	-4.602515E-1
+7.299950E+9	+8.060807E-1	-4.607854E-1
+7.299965E+9	+8.055824E-1	-4.603721E-1
+7.299980E+9	+8.054872E-1	-4.606090E-1
+7.299995E+9	+8.053359E-1	-4.610712E-1
+7.300010E+9	+8.053456E-1	-4.616098E-1
+7.300025E+9	+8.064150E-1	-4.624391E-1
+7.300040E+9	+8.060383E-1	-4.623006E-1
+7.300055E+9	+8.033311E-1	-4.614676E-1
+7.300070E+9	+8.047999E-1	-4.624291E-1
+7.300085E+9	+8.051908E-1	-4.621287E-1
+7.300100E+9	+8.050744E-1	-4.631158E-1
+7.300115E+9	+8.044434E-1	-4.626379E-1
+7.300130E+9	+8.040412E-1	-4.622672E-1
+7.300145E+9	+8.050044E-1	-4.622911E-1
+7.300160E+9	+8.049053E-1	-4.613799E-1
+7.300175E+9	+8.042114E-1	-4.613353E-1
+7.300190E+9	+8.039524E-1	-4.621445E-1
+7.300205E+9	+8.043191E-1	-4.639044E-1
+7.300220E+9	+8.044577E-1	-4.630372E-1
+7.300235E+9	+8.038816E-1	-4.634968E-1
+7.300250E+9	+8.033785E-1	-4.652517E-1
+7.300265E+9	+8.028129E-1	-4.650847E-1
+7.300280E+9	+8.029677E-1	-4.651245E-1
+7.300295E+9	+8.030351E-1	-4.649076E-1
+7.300310E+9	+8.033026E-1	-4.645834E-1
+7.300325E+9	+8.031141E-1	-4.642990E-1
+7.300340E+9	+8.027220E-1	-4.646768E-1
+7.300355E+9	+8.024521E-1	-4.651795E-1
+7.300370E+9	+8.030949E-1	-4.653970E-1
+7.300385E+9	+8.036072E-1	-4.658842E-1
+7.300400E+9	+8.035323E-1	-4.645712E-1
+7.300415E+9	+8.032551E-1	-4.654437E-1
+7.300430E+9	+8.025624E-1	-4.657501E-1
+7.300445E+9	+8.036117E-1	-4.658877E-1
+7.300460E+9	+8.031083E-1	-4.657070E-1
+7.300475E+9	+8.021658E-1	-4.666554E-1
+7.300490E+9	+8.024733E-1	-4.662407E-1
+7.300505E+9	+8.025193E-1	-4.660289E-1
+7.300520E+9	+8.025515E-1	-4.669878E-1
+7.300535E+9	+8.024878E-1	-4.677285E-1
+7.300550E+9	+8.018290E-1	-4.679167E-1
+7.300565E+9	+8.006082E-1	-4.676719E-1
+7.300580E+9	+8.003035E-1	-4.675352E-1
+7.300595E+9	+8.012976E-1	-4.666917E-1
+7.300610E+9	+8.021577E-1	-4.675848E-1
+7.300625E+9	+8.011034E-1	-4.678305E-1
+7.300640E+9	+8.016854E-1	-4.677946E-1
+7.300655E+9	+8.014470E-1	-4.679382E-1
+7.300670E+9	+8.008795E-1	-4.682918E-1
+7.300685E+9	+8.001312E-1	-4.687354E-1
+7.300700E+9	+8.001284E-1	-4.693529E-1
+7.300715E+9	+8.001957E-1	-4.696435E-1
+7.300730E+9	+8.005437E-1	-4.687892E-1
+7.300745E+9	+7.997308E-1	-4.695466E-1
+7.300760E+9	+8.008505E-1	-4.694820E-1
+7.300775E+9	+8.013329E-1	-4.692524E-1
+7.300790E+9	+8.001967E-1	-4.698241E-1
+7.300805E+9	+7.998959E-1	-4.704868E-1
+7.300820E+9	+7.989980E-1	-4.705127E-1
+7.300835E+9	+7.985860E-1	-4.708044E-1
+7.300850E+9	+7.993387E-1	-4.704683E-1
+7.300865E+9	+7.989588E-1	-4.706340E-1
+7.300880E+9	+7.987550E-1	-4.708080E-1
+7.300895E+9	+7.995859E-1	-4.701213E-1
+7.300910E+9	+8.001267E-1	-4.710124E-1
+7.300925E+9	+7.996754E-1	-4.719470E-1
+7.300940E+9	+7.998305E-1	-4.718287E-1
+7.300955E+9	+7.990667E-1	-4.716945E-1
+7.300970E+9	+7.978398E-1	-4.720490E-1
+7.300985E+9	+7.969783E-1	-4.710962E-1
+7.301000E+9	+7.980768E-1	-4.716219E-1
+7.301015E+9	+7.988786E-1	-4.713437E-1
+7.301030E+9	+7.984440E-1	-4.710654E-1
+7.301045E+9	+7.979692E-1	-4.721483E-1
+7.301060E+9	+7.983494E-1	-4.723136E-1
+7.301075E+9	+7.997217E-1	-4.726114E-1
+7.301090E+9	+7.986619E-1	-4.734707E-1
+7.301105E+9	+7.982992E-1	-4.740458E-1
+7.301120E+9	+7.978520E-1	-4.741460E-1
+7.301135E+9	+7.978559E-1	-4.742800E-1
+7.301150E+9	+7.980172E-1	-4.741292E-1
+7.301165E+9	+7.979148E-1	-4.745499E-1
+7.301180E+9	+7.973844E-1	-4.740594E-1
+7.301195E+9	+7.977264E-1	-4.730423E-1
+7.301210E+9	+7.978544E-1	-4.732521E-1
+7.301225E+9	+7.975280E-1	-4.740050E-1
+7.301240E+9	+7.966910E-1	-4.745084E-1
+7.301255E+9	+7.969290E-1	-4.739619E-1
+7.301270E+9	+7.969836E-1	-4.743158E-1
+7.301285E+9	+7.966828E-1	-4.747207E-1
+7.301300E+9	+7.972306E-1	-4.745710E-1
+7.301315E+9	+7.966578E-1	-4.752655E-1
+7.301330E+9	+7.961096E-1	-4.755634E-1
+7.301345E+9	+7.967867E-1	-4.754838E-1
+7.301360E+9	+7.970294E-1	-4.756561E-1
+7.301375E+9	+7.973593E-1	-4.770065E-1
+7.301390E+9	+7.962528E-1	-4.766946E-1
+7.301405E+9	+7.960124E-1	-4.760764E-1
+7.301420E+9	+7.955900E-1	-4.758596E-1
+7.301435E+9	+7.957088E-1	-4.753747E-1
+7.301450E+9	+7.970579E-1	-4.754030E-1
+7.301465E+9	+7.961303E-1	-4.766189E-1
+7.301480E+9	+7.955310E-1	-4.777386E-1
+7.301495E+9	+7.956374E-1	-4.777088E-1
+7.301510E+9	+7.961099E-1	-4.768913E-1
+7.301525E+9	+7.942484E-1	-4.774053E-1
+7.301540E+9	+7.944418E-1	-4.778968E-1
+7.301555E+9	+7.942148E-1	-4.785188E-1
+7.301570E+9	+7.946384E-1	-4.789307E-1
+7.301585E+9	+7.946581E-1	-4.787129E-1
+7.301600E+9	+7.939982E-1	-4.783369E-1
+7.301615E+9	+7.937483E-1	-4.785745E-1
+7.301630E+9	+7.939997E-1	-4.788315E-1
+7.301645E+9	+7.939855E-1	-4.793986E-1
+7.301660E+9	+7.942058E-1	-4.800325E-1
+7.301675E+9	+7.949705E-1	-4.802893E-1
+7.301690E+9	+7.934955E-1	-4.792890E-1
+7.301705E+9	+7.927895E-1	-4.798218E-1
+7.301720E+9	+7.925041E-1	-4.800874E-1
+7.301735E+9	+7.926358E-1	-4.806196E-1
+7.301750E+9	+7.931956E-1	-4.809619E-1
+7.301765E+9	+7.936274E-1	-4.810407E-1
+7.301780E+9	+7.940064E-1	-4.815654E-1
+7.301795E+9	+7.932624E-1	-4.819002E-1
+7.301810E+9	+7.934100E-1	-4.813661E-1
+7.301825E+9	+7.927179E-1	-4.811059E-1
+7.301840E+9	+7.923048E-1	-4.815165E-1
+7.301855E+9	+7.922028E-1	-4.815878E-1
+7.301870E+9	+7.925275E-1	-4.811807E-1
+7.301885E+9	+7.926312E-1	-4.811085E-1
+7.301900E+9	+7.917926E-1	-4.816403E-1
+7.301915E+9	+7.922839E-1	-4.830519E-1
+7.301930E+9	+7.925758E-1	-4.832583E-1
+7.301945E+9	+7.931776E-1	-4.823027E-1
+7.301960E+9	+7.936696E-1	-4.830247E-1
+7.301975E+9	+7.906872E-1	-4.824426E-1
+7.301990E+9	+7.908338E-1	-4.832230E-1
+7.302005E+9	+7.906964E-1	-4.833749E-1
+7.302020E+9	+7.908701E-1	-4.832318E-1
+7.302035E+9	+7.908278E-1	-4.832060E-1
+7.302050E+9	+7.903909E-1	-4.839896E-1
+7.302065E+9	+7.901247E-1	-4.835313E-1
+7.302080E+9	+7.904012E-1	-4.833746E-1
+7.302095E+9	+7.908162E-1	-4.841666E-1
+7.302110E+9	+7.904337E-1	-4.850790E-1
+7.302125E+9	+7.903755E-1	-4.851687E-1
+7.302140E+9	+7.907620E-1	-4.849324E-1
+7.302155E+9	+7.912368E-1	-4.848358E-1
+7.302170E+9	+7.904251E-1	-4.842970E-1
+7.302185E+9	+7.901439E-1	-4.843611E-1
+7.302200E+9	+7.910449E-1	-4.854494E-1
+7.302215E+9	+7.901202E-1	-4.857547E-1
+7.302230E+9	+7.893626E-1	-4.869336E-1
+7.302245E+9	+7.898764E-1	-4.865025E-1
+7.302260E+9	+7.907865E-1	-4.862210E-1
+7.302275E+9	+7.905923E-1	-4.864132E-1
+7.302290E+9	+7.899743E-1	-4.867137E-1
+7.302305E+9	+7.901022E-1	-4.864315E-1
+7.302320E+9	+7.899304E-1	-4.866071E-1
+7.302335E+9	+7.900229E-1	-4.862751E-1
+7.302350E+9	+7.895705E-1	-4.859163E-1
+7.302365E+9	+7.889778E-1	-4.864204E-1
+7.302380E+9	+7.888687E-1	-4.870191E-1
+7.302395E+9	+7.884775E-1	-4.882345E-1
+7.302410E+9	+7.899658E-1	-4.880993E-1
+7.302425E+9	+7.892138E-1	-4.874302E-1
+7.302440E+9	+7.885483E-1	-4.882088E-1
+7.302455E+9	+7.890862E-1	-4.891738E-1
+7.302470E+9	+7.891912E-1	-4.888608E-1
+7.302485E+9	+7.881855E-1	-4.892061E-1
+7.302500E+9	+7.874484E-1	-4.878360E-1
+7.302515E+9	+7.873088E-1	-4.885905E-1
+7.302530E+9	+7.870956E-1	-4.891882E-1
+7.302545E+9	+7.874342E-1	-4.890933E-1
+7.302560E+9	+7.881168E-1	-4.892553E-1
+7.302575E+9	+7.877539E-1	-4.891757E-1
+7.302590E+9	+7.877104E-1	-4.894690E-1
+7.302605E+9	+7.878784E-1	-4.900123E-1
+7.302620E+9	+7.881946E-1	-4.897063E-1
+7.302635E+9	+7.875289E-1	-4.896185E-1
+7.302650E+9	+7.876483E-1	-4.895971E-1
+7.302665E+9	+7.872731E-1	-4.907571E-1
+7.302680E+9	+7.871827E-1	-4.915224E-1
+7.302695E+9	+7.860645E-1	-4.908702E-1
+7.302710E+9	+7.869285E-1	-4.906380E-1
+7.302725E+9	+7.874794E-1	-4.901699E-1
+7.302740E+9	+7.857115E-1	-4.909767E-1
+7.302755E+9	+7.846115E-1	-4.905231E-1
+7.302770E+9	+7.847480E-1	-4.913624E-1
+7.302785E+9	+7.860626E-1	-4.915246E-1
+7.302800E+9	+7.860806E-1	-4.915678E-1
+7.302815E+9	+7.859143E-1	-4.913166E-1
+7.302830E+9	+7.852330E-1	-4.915780E-1
+7.302845E+9	+7.855004E-1	-4.914917E-1
+7.302860E+9	+7.856324E-1	-4.915652E-1
+7.302875E+9	+7.856033E-1	-4.923650E-1
+7.302890E+9	+7.853267E-1	-4.928117E-1
+7.302905E+9	+7.853036E-1	-4.935957E-1
+7.302920E+9	+7.857053E-1	-4.937689E-1
+7.302935E+9	+7.858889E-1	-4.934317E-1
+7.302950E+9	+7.855318E-1	-4.935224E-1
+7.302965E+9	+7.842841E-1	-4.936117E-1
+7.302980E+9	+7.844275E-1	-4.937153E-1
+7.302995E+9	+7.853148E-1	-4.933746E-1
+7.303010E+9	+7.854085E-1	-4.940746E-1
+7.303025E+9	+7.841466E-1	-4.945105E-1
+7.303040E+9	+7.838046E-1	-4.950713E-1
+7.303055E+9	+7.833985E-1	-4.952973E-1
+7.303070E+9	+7.831553E-1	-4.953912E-1
+7.303085E+9	+7.832230E-1	-4.962777E-1
+7.303100E+9	+7.833429E-1	-4.965272E-1
+7.303115E+9	+7.837612E-1	-4.960455E-1
+7.303130E+9	+7.844869E-1	-4.952080E-1
+7.303145E+9	+7.838078E-1	-4.955709E-1
+7.303160E+9	+7.831937E-1	-4.958856E-1
+7.303175E+9	+7.824022E-1	-4.955695E-1
+7.303190E+9	+7.835432E-1	-4.949539E-1
+7.303205E+9	+7.837581E-1	-4.957000E-1
+7.303220E+9	+7.836886E-1	-4.963051E-1
+7.303235E+9	+7.825536E-1	-4.970116E-1
+7.303250E+9	+7.821179E-1	-4.948222E-1
+7.303265E+9	+7.817626E-1	-4.964062E-1
+7.303280E+9	+7.824807E-1	-4.977070E-1
+7.303295E+9	+7.829280E-1	-4.975894E-1
+7.303310E+9	+7.833797E-1	-4.980027E-1
+7.303325E+9	+7.826002E-1	-4.978518E-1
+7.303340E+9	+7.827779E-1	-4.981305E-1
+7.303355E+9	+7.822369E-1	-4.984540E-1
+7.303370E+9	+7.817996E-1	-4.976410E-1
+7.303385E+9	+7.809619E-1	-4.973799E-1
+7.303400E+9	+7.815439E-1	-4.992908E-1
+7.303415E+9	+7.820716E-1	-4.988305E-1
+7.303430E+9	+7.819987E-1	-4.983035E-1
+7.303445E+9	+7.822535E-1	-4.992125E-1
+7.303460E+9	+7.820490E-1	-4.988527E-1
+7.303475E+9	+7.813917E-1	-4.987236E-1
+7.303490E+9	+7.799951E-1	-4.987968E-1
+7.303505E+9	+7.797825E-1	-4.988735E-1
+7.303520E+9	+7.789199E-1	-4.999746E-1
+7.303535E+9	+7.801809E-1	-4.999799E-1
+7.303550E+9	+7.808565E-1	-4.988871E-1
+7.303565E+9	+7.805197E-1	-4.999849E-1
+7.303580E+9	+7.792424E-1	-5.009946E-1
+7.303595E+9	+7.789434E-1	-5.012181E-1
+7.303610E+9	+7.796051E-1	-5.004056E-1
+7.303625E+9	+7.792520E-1	-4.999252E-1
+7.303640E+9	+7.793947E-1	-5.003049E-1
+7.303655E+9	+7.790620E-1	-5.012622E-1
+7.303670E+9	+7.785434E-1	-5.011642E-1
+7.303685E+9	+7.788917E-1	-5.011658E-1
+7.303700E+9	+7.788291E-1	-5.005519E-1
+7.303715E+9	+7.776598E-1	-5.020615E-1
+7.303730E+9	+7.777753E-1	-5.022696E-1
+7.303745E+9	+7.792015E-1	-5.019449E-1
+7.303760E+9	+7.794092E-1	-5.022086E-1
+7.303775E+9	+7.789581E-1	-5.026822E-1
+7.303790E+9	+7.780353E-1	-5.033050E-1
+7.303805E+9	+7.777761E-1	-5.029937E-1
+7.303820E+9	+7.782396E-1	-5.034053E-1
+7.303835E+9	+7.790462E-1	-5.031373E-1
+7.303850E+9	+7.774084E-1	-5.023968E-1
+7.303865E+9	+7.784204E-1	-5.027440E-1
+7.303880E+9	+7.787606E-1	-5.034152E-1
+7.303895E+9	+7.782420E-1	-5.037000E-1
+7.303910E+9	+7.781526E-1	-5.036525E-1
+7.303925E+9	+7.780221E-1	-5.037793E-1
+7.303940E+9	+7.775931E-1	-5.034918E-1
+7.303955E+9	+7.774102E-1	-5.031671E-1
+7.303970E+9	+7.765572E-1	-5.039742E-1
+7.303985E+9	+7.766298E-1	-5.054617E-1
+7.304000E+9	+7.770691E-1	-5.050854E-1
+7.304015E+9	+7.770826E-1	-5.057064E-1
+7.304030E+9	+7.767577E-1	-5.056301E-1
+7.304045E+9	+7.770154E-1	-5.051883E-1
+7.304060E+9	+7.753536E-1	-5.049926E-1
+7.304075E+9	+7.767544E-1	-5.055694E-1
+7.304090E+9	+7.761669E-1	-5.060239E-1
+7.304105E+9	+7.760300E-1	-5.066873E-1
+7.304120E+9	+7.762268E-1	-5.084400E-1
+7.304135E+9	+7.753125E-1	-5.076587E-1
+7.304150E+9	+7.758395E-1	-5.056397E-1
+7.304165E+9	+7.761605E-1	-5.066672E-1
+7.304180E+9	+7.754942E-1	-5.078697E-1
+7.304195E+9	+7.743207E-1	-5.081475E-1
+7.304210E+9	+7.745372E-1	-5.069180E-1
+7.304225E+9	+7.743081E-1	-5.069118E-1
+7.304240E+9	+7.746491E-1	-5.076190E-1
+7.304255E+9	+7.759913E-1	-5.078263E-1
+7.304270E+9	+7.753034E-1	-5.066085E-1
+7.304285E+9	+7.752218E-1	-5.059405E-1
+7.304300E+9	+7.751217E-1	-5.080170E-1
+7.304315E+9	+7.753329E-1	-5.091839E-1
+7.304330E+9	+7.743845E-1	-5.093863E-1
+7.304345E+9	+7.738918E-1	-5.087526E-1
+7.304360E+9	+7.739149E-1	-5.087223E-1
+7.304375E+9	+7.740251E-1	-5.087353E-1
+7.304390E+9	+7.733230E-1	-5.089522E-1
+7.304405E+9	+7.728629E-1	-5.089333E-1
+7.304420E+9	+7.725800E-1	-5.100710E-1
+7.304435E+9	+7.737727E-1	-5.106050E-1
+7.304450E+9	+7.735704E-1	-5.108312E-1
+7.304465E+9	+7.737999E-1	-5.097414E-1
+7.304480E+9	+7.732129E-1	-5.089674E-1
+7.304495E+9	+7.733245E-1	-5.085773E-1
+7.304510E+9	+7.732762E-1	-5.097243E-1
+7.304525E+9	+7.728088E-1	-5.108143E-1
+7.304540E+9	+7.726209E-1	-5.114761E-1
+7.304555E+9	+7.722492E-1	-5.114392E-1
+7.304570E+9	+7.721730E-1	-5.107606E-1
+7.304585E+9	+7.715530E-1	-5.096800E-1
+7.304600E+9	+7.719312E-1	-5.120309E-1
+7.304615E+9	+7.725808E-1	-5.116326E-1
+7.304630E+9	+7.729100E-1	-5.115045E-1
+7.304645E+9	+7.729778E-1	-5.116470E-1
+7.304660E+9	+7.727242E-1	-5.119214E-1
+7.304675E+9	+7.726917E-1	-5.123516E-1
+7.304690E+9	+7.726602E-1	-5.123349E-1
+7.304705E+9	+7.722567E-1	-5.100236E-1
+7.304720E+9	+7.717699E-1	-5.105493E-1
+7.304735E+9	+7.713579E-1	-5.126322E-1
+7.304750E+9	+7.728340E-1	-5.120501E-1
+7.304765E+9	+7.726116E-1	-5.128737E-1
+7.304780E+9	+7.721160E-1	-5.132948E-1
+7.304795E+9	+7.706920E-1	-5.135758E-1
+7.304810E+9	+7.706757E-1	-5.141342E-1
+7.304825E+9	+7.708322E-1	-5.140118E-1
+7.304840E+9	+7.704594E-1	-5.131934E-1
+7.304855E+9	+7.701884E-1	-5.128942E-1
+7.304870E+9	+7.694709E-1	-5.140558E-1
+7.304885E+9	+7.694377E-1	-5.149045E-1
+7.304900E+9	+7.716681E-1	-5.142357E-1
+7.304915E+9	+7.708843E-1	-5.152126E-1
+7.304930E+9	+7.703534E-1	-5.156153E-1
+7.304945E+9	+7.701580E-1	-5.161100E-1
+7.304960E+9	+7.698813E-1	-5.142093E-1
+7.304975E+9	+7.691862E-1	-5.151380E-1
+7.304990E+9	+7.692559E-1	-5.153867E-1
+7.305005E+9	+7.695685E-1	-5.151490E-1
+7.305020E+9	+7.696834E-1	-5.149194E-1
+7.305035E+9	+7.692437E-1	-5.152572E-1
+7.305050E+9	+7.683073E-1	-5.155092E-1
+7.305065E+9	+7.679270E-1	-5.158560E-1
+7.305080E+9	+7.685185E-1	-5.159634E-1
+7.305095E+9	+7.684568E-1	-5.165735E-1
+7.305110E+9	+7.678216E-1	-5.168074E-1
+7.305125E+9	+7.689420E-1	-5.173745E-1
+7.305140E+9	+7.686685E-1	-5.177925E-1
+7.305155E+9	+7.684389E-1	-5.180841E-1
+7.305170E+9	+7.668875E-1	-5.180622E-1
+7.305185E+9	+7.669366E-1	-5.179948E-1
+7.305200E+9	+7.689420E-1	-5.176184E-1
+7.305215E+9	+7.687560E-1	-5.182026E-1
+7.305230E+9	+7.667017E-1	-5.181818E-1
+7.305245E+9	+7.663004E-1	-5.174807E-1
+7.305260E+9	+7.666297E-1	-5.182682E-1
+7.305275E+9	+7.669650E-1	-5.188434E-1
+7.305290E+9	+7.671858E-1	-5.188161E-1
+7.305305E+9	+7.675993E-1	-5.187415E-1
+7.305320E+9	+7.670703E-1	-5.194227E-1
+7.305335E+9	+7.665069E-1	-5.187952E-1
+7.305350E+9	+7.669267E-1	-5.183499E-1
+7.305365E+9	+7.670781E-1	-5.192564E-1
+7.305380E+9	+7.650474E-1	-5.209192E-1
+7.305395E+9	+7.643029E-1	-5.198108E-1
+7.305410E+9	+7.646605E-1	-5.195812E-1
+7.305425E+9	+7.654447E-1	-5.212863E-1
+7.305440E+9	+7.655158E-1	-5.204930E-1
+7.305455E+9	+7.659408E-1	-5.197338E-1
+7.305470E+9	+7.653582E-1	-5.200025E-1
+7.305485E+9	+7.652810E-1	-5.198464E-1
+7.305500E+9	+7.664497E-1	-5.216597E-1
+7.305515E+9	+7.657175E-1	-5.227241E-1
+7.305530E+9	+7.650104E-1	-5.226472E-1
+7.305545E+9	+7.647273E-1	-5.223355E-1
+7.305560E+9	+7.655314E-1	-5.221831E-1
+7.305575E+9	+7.647278E-1	-5.225051E-1
+7.305590E+9	+7.649161E-1	-5.234016E-1
+7.305605E+9	+7.646400E-1	-5.237879E-1
+7.305620E+9	+7.634098E-1	-5.235105E-1
+7.305635E+9	+7.630654E-1	-5.225673E-1
+7.305650E+9	+7.655488E-1	-5.229071E-1
+7.305665E+9	+7.646949E-1	-5.232255E-1
+7.305680E+9	+7.641211E-1	-5.241324E-1
+7.305695E+9	+7.631957E-1	-5.246809E-1
+7.305710E+9	+7.637192E-1	-5.242919E-1
+7.305725E+9	+7.636925E-1	-5.236074E-1
+7.305740E+9	+7.634237E-1	-5.244083E-1
+7.305755E+9	+7.633862E-1	-5.231471E-1
+7.305770E+9	+7.621139E-1	-5.227595E-1
+7.305785E+9	+7.614397E-1	-5.231072E-1
+7.305800E+9	+7.633395E-1	-5.247936E-1
+7.305815E+9	+7.634749E-1	-5.247480E-1
+7.305830E+9	+7.635123E-1	-5.255097E-1
+7.305845E+9	+7.631908E-1	-5.264135E-1
+7.305860E+9	+7.633955E-1	-5.253051E-1
+7.305875E+9	+7.639683E-1	-5.236842E-1
+7.305890E+9	+7.626681E-1	-5.244454E-1
+7.305905E+9	+7.619060E-1	-5.250979E-1
+7.305920E+9	+7.620482E-1	-5.259322E-1
+7.305935E+9	+7.621370E-1	-5.271224E-1
+7.305950E+9	+7.624072E-1	-5.275089E-1
+7.305965E+9	+7.627338E-1	-5.273880E-1
+7.305980E+9	+7.613849E-1	-5.264046E-1
+7.305995E+9	+7.616314E-1	-5.263356E-1
+7.306010E+9	+7.613139E-1	-5.260797E-1
+7.306025E+9	+7.614859E-1	-5.259349E-1
+7.306040E+9	+7.611926E-1	-5.271771E-1
+7.306055E+9	+7.616831E-1	-5.280690E-1
+7.306070E+9	+7.614952E-1	-5.275934E-1
+7.306085E+9	+7.602434E-1	-5.269352E-1
+7.306100E+9	+7.587604E-1	-5.268470E-1
+7.306115E+9	+7.592643E-1	-5.272295E-1
+7.306130E+9	+7.594138E-1	-5.269679E-1
+7.306145E+9	+7.606146E-1	-5.276810E-1
+7.306160E+9	+7.608437E-1	-5.282494E-1
+7.306175E+9	+7.607084E-1	-5.281550E-1
+7.306190E+9	+7.603637E-1	-5.285302E-1
+7.306205E+9	+7.598043E-1	-5.286000E-1
+7.306220E+9	+7.595827E-1	-5.285973E-1
+7.306235E+9	+7.593135E-1	-5.288481E-1
+7.306250E+9	+7.598375E-1	-5.291673E-1
+7.306265E+9	+7.600570E-1	-5.294577E-1
+7.306280E+9	+7.598647E-1	-5.295897E-1
+7.306295E+9	+7.594390E-1	-5.296880E-1
+7.306310E+9	+7.587007E-1	-5.300626E-1
+7.306325E+9	+7.580076E-1	-5.299487E-1
+7.306340E+9	+7.576825E-1	-5.308596E-1
+7.306355E+9	+7.573030E-1	-5.307047E-1
+7.306370E+9	+7.568315E-1	-5.302207E-1
+7.306385E+9	+7.576113E-1	-5.305376E-1
+7.306400E+9	+7.585958E-1	-5.318251E-1
+7.306415E+9	+7.583655E-1	-5.315030E-1
+7.306430E+9	+7.582299E-1	-5.306568E-1
+7.306445E+9	+7.589758E-1	-5.301041E-1
+7.306460E+9	+7.592373E-1	-5.308975E-1
+7.306475E+9	+7.585515E-1	-5.311106E-1
+7.306490E+9	+7.585350E-1	-5.314339E-1
+7.306505E+9	+7.572093E-1	-5.318109E-1
+7.306520E+9	+7.572194E-1	-5.326434E-1
+7.306535E+9	+7.581953E-1	-5.329747E-1
+7.306550E+9	+7.590293E-1	-5.325562E-1
+7.306565E+9	+7.569882E-1	-5.329562E-1
+7.306580E+9	+7.559039E-1	-5.310613E-1
+7.306595E+9	+7.558604E-1	-5.315433E-1
+7.306610E+9	+7.565265E-1	-5.337708E-1
+7.306625E+9	+7.555122E-1	-5.329278E-1
+7.306640E+9	+7.555421E-1	-5.337840E-1
+7.306655E+9	+7.564060E-1	-5.338768E-1
+7.306670E+9	+7.560120E-1	-5.338359E-1
+7.306685E+9	+7.549474E-1	-5.335255E-1
+7.306700E+9	+7.549467E-1	-5.338336E-1
+7.306715E+9	+7.551578E-1	-5.339900E-1
+7.306730E+9	+7.564861E-1	-5.339405E-1
+7.306745E+9	+7.555394E-1	-5.342523E-1
+7.306760E+9	+7.546320E-1	-5.346131E-1
+7.306775E+9	+7.544058E-1	-5.355079E-1
+7.306790E+9	+7.540214E-1	-5.352474E-1
+7.306805E+9	+7.545663E-1	-5.347188E-1
+7.306820E+9	+7.545541E-1	-5.347402E-1
+7.306835E+9	+7.540409E-1	-5.354481E-1
+7.306850E+9	+7.537825E-1	-5.361847E-1
+7.306865E+9	+7.542080E-1	-5.361085E-1
+7.306880E+9	+7.547220E-1	-5.355915E-1
+7.306895E+9	+7.548752E-1	-5.353881E-1
+7.306910E+9	+7.543338E-1	-5.353865E-1
+7.306925E+9	+7.529628E-1	-5.373358E-1
+7.306940E+9	+7.539207E-1	-5.367846E-1
+7.306955E+9	+7.548295E-1	-5.361170E-1
+7.306970E+9	+7.544101E-1	-5.367044E-1
+7.306985E+9	+7.534753E-1	-5.377928E-1
+7.307000E+9	+7.537717E-1	-5.381742E-1
+7.307015E+9	+7.528535E-1	-5.380133E-1
+7.307030E+9	+7.536180E-1	-5.376681E-1
+7.307045E+9	+7.528922E-1	-5.383376E-1
+7.307060E+9	+7.528050E-1	-5.390115E-1
+7.307075E+9	+7.533407E-1	-5.390042E-1
+7.307090E+9	+7.524801E-1	-5.401096E-1
+7.307105E+9	+7.526294E-1	-5.393524E-1
+7.307120E+9	+7.517092E-1	-5.382294E-1
+7.307135E+9	+7.520898E-1	-5.383969E-1
+7.307150E+9	+7.517866E-1	-5.388452E-1
+7.307165E+9	+7.512496E-1	-5.386463E-1
+7.307180E+9	+7.517012E-1	-5.388265E-1
+7.307195E+9	+7.518731E-1	-5.394180E-1
+7.307210E+9	+7.530614E-1	-5.400856E-1
+7.307225E+9	+7.528491E-1	-5.400760E-1
+7.307240E+9	+7.517612E-1	-5.396320E-1
+7.307255E+9	+7.514853E-1	-5.393288E-1
+7.307270E+9	+7.517225E-1	-5.393107E-1
+7.307285E+9	+7.500950E-1	-5.395600E-1
+7.307300E+9	+7.513740E-1	-5.401706E-1
+7.307315E+9	+7.505330E-1	-5.403484E-1
+7.307330E+9	+7.500187E-1	-5.407142E-1
+7.307345E+9	+7.498914E-1	-5.409468E-1
+7.307360E+9	+7.493033E-1	-5.417139E-1
+7.307375E+9	+7.499147E-1	-5.422272E-1
+7.307390E+9	+7.502375E-1	-5.423406E-1
+7.307405E+9	+7.508730E-1	-5.420319E-1
+7.307420E+9	+7.496046E-1	-5.429254E-1
+7.307435E+9	+7.493156E-1	-5.430596E-1
+7.307450E+9	+7.488272E-1	-5.432469E-1
+7.307465E+9	+7.485179E-1	-5.438642E-1
+7.307480E+9	+7.483421E-1	-5.434696E-1
+7.307495E+9	+7.488820E-1	-5.425704E-1
+7.307510E+9	+7.490111E-1	-5.420668E-1
+7.307525E+9	+7.482708E-1	-5.420104E-1
+7.307540E+9	+7.484351E-1	-5.420753E-1
+7.307555E+9	+7.476809E-1	-5.432614E-1
+7.307570E+9	+7.479409E-1	-5.432708E-1
+7.307585E+9	+7.481666E-1	-5.428693E-1
+7.307600E+9	+7.471864E-1	-5.441350E-1
+7.307615E+9	+7.465978E-1	-5.438701E-1
+7.307630E+9	+7.480880E-1	-5.431257E-1
+7.307645E+9	+7.480420E-1	-5.437216E-1
+7.307660E+9	+7.472729E-1	-5.448766E-1
+7.307675E+9	+7.467052E-1	-5.451355E-1
+7.307690E+9	+7.462727E-1	-5.452579E-1
+7.307705E+9	+7.479015E-1	-5.454456E-1
+7.307720E+9	+7.482761E-1	-5.455184E-1
+7.307735E+9	+7.480806E-1	-5.453721E-1
+7.307750E+9	+7.473158E-1	-5.454379E-1
+7.307765E+9	+7.473148E-1	-5.455865E-1
+7.307780E+9	+7.479451E-1	-5.464507E-1
+7.307795E+9	+7.470108E-1	-5.454621E-1
+7.307810E+9	+7.471768E-1	-5.458062E-1
+7.307825E+9	+7.470998E-1	-5.464079E-1
+7.307840E+9	+7.467506E-1	-5.463190E-1
+7.307855E+9	+7.457289E-1	-5.467588E-1
+7.307870E+9	+7.458716E-1	-5.469500E-1
+7.307885E+9	+7.464582E-1	-5.473321E-1
+7.307900E+9	+7.459063E-1	-5.468031E-1
+7.307915E+9	+7.463753E-1	-5.473005E-1
+7.307930E+9	+7.453492E-1	-5.475222E-1
+7.307945E+9	+7.450812E-1	-5.480194E-1
+7.307960E+9	+7.452282E-1	-5.472726E-1
+7.307975E+9	+7.449568E-1	-5.475805E-1
+7.307990E+9	+7.452453E-1	-5.481889E-1
+7.308005E+9	+7.465235E-1	-5.479080E-1
+7.308020E+9	+7.461581E-1	-5.480704E-1
+7.308035E+9	+7.449670E-1	-5.474947E-1
+7.308050E+9	+7.454092E-1	-5.475420E-1
+7.308065E+9	+7.454581E-1	-5.481720E-1
+7.308080E+9	+7.446004E-1	-5.484017E-1
+7.308095E+9	+7.440555E-1	-5.482127E-1
+7.308110E+9	+7.438065E-1	-5.490691E-1
+7.308125E+9	+7.436648E-1	-5.495788E-1
+7.308140E+9	+7.432852E-1	-5.490966E-1
+7.308155E+9	+7.429260E-1	-5.487170E-1
+7.308170E+9	+7.427815E-1	-5.488846E-1
+7.308185E+9	+7.444846E-1	-5.505918E-1
+7.308200E+9	+7.429201E-1	-5.509354E-1
+7.308215E+9	+7.423714E-1	-5.508219E-1
+7.308230E+9	+7.416387E-1	-5.508870E-1
+7.308245E+9	+7.417633E-1	-5.506445E-1
+7.308260E+9	+7.419870E-1	-5.510460E-1
+7.308275E+9	+7.448984E-1	-5.509989E-1
+7.308290E+9	+7.423818E-1	-5.516739E-1
+7.308305E+9	+7.416522E-1	-5.517974E-1
+7.308320E+9	+7.423921E-1	-5.521321E-1
+7.308335E+9	+7.422200E-1	-5.517666E-1
+7.308350E+9	+7.419894E-1	-5.500475E-1
+7.308365E+9	+7.412061E-1	-5.511941E-1
+7.308380E+9	+7.407258E-1	-5.520794E-1
+7.308395E+9	+7.406941E-1	-5.516760E-1
+7.308410E+9	+7.419771E-1	-5.517433E-1
+7.308425E+9	+7.423491E-1	-5.522313E-1
+7.308440E+9	+7.418348E-1	-5.531039E-1
+7.308455E+9	+7.416221E-1	-5.533295E-1
+7.308470E+9	+7.410581E-1	-5.532391E-1
+7.308485E+9	+7.409163E-1	-5.528214E-1
+7.308500E+9	+7.413742E-1	-5.523660E-1
+7.308515E+9	+7.405827E-1	-5.524661E-1
+7.308530E+9	+7.402995E-1	-5.536106E-1
+7.308545E+9	+7.405432E-1	-5.544851E-1
+7.308560E+9	+7.400997E-1	-5.547785E-1
+7.308575E+9	+7.395434E-1	-5.557300E-1
+7.308590E+9	+7.404272E-1	-5.555198E-1
+7.308605E+9	+7.403947E-1	-5.548950E-1
+7.308620E+9	+7.400149E-1	-5.545442E-1
+7.308635E+9	+7.395809E-1	-5.549934E-1
+7.308650E+9	+7.389592E-1	-5.559546E-1
+7.308665E+9	+7.394179E-1	-5.553132E-1
+7.308680E+9	+7.395519E-1	-5.553609E-1
+7.308695E+9	+7.392950E-1	-5.560621E-1
+7.308710E+9	+7.393595E-1	-5.560657E-1
+7.308725E+9	+7.397594E-1	-5.557929E-1
+7.308740E+9	+7.387417E-1	-5.567450E-1
+7.308755E+9	+7.377770E-1	-5.565513E-1
+7.308770E+9	+7.377551E-1	-5.568145E-1
+7.308785E+9	+7.378059E-1	-5.576108E-1
+7.308800E+9	+7.389251E-1	-5.575416E-1
+7.308815E+9	+7.381371E-1	-5.583244E-1
+7.308830E+9	+7.382364E-1	-5.562417E-1
+7.308845E+9	+7.371563E-1	-5.569538E-1
+7.308860E+9	+7.369245E-1	-5.574436E-1
+7.308875E+9	+7.379881E-1	-5.569751E-1
+7.308890E+9	+7.372240E-1	-5.575268E-1
+7.308905E+9	+7.368830E-1	-5.581181E-1
+7.308920E+9	+7.374293E-1	-5.586249E-1
+7.308935E+9	+7.374830E-1	-5.576925E-1
+7.308950E+9	+7.371207E-1	-5.575759E-1
+7.308965E+9	+7.370422E-1	-5.585275E-1
+7.308980E+9	+7.367882E-1	-5.593414E-1
+7.308995E+9	+7.367409E-1	-5.592027E-1
+7.309010E+9	+7.370147E-1	-5.589770E-1
+7.309025E+9	+7.364822E-1	-5.572230E-1
+7.309040E+9	+7.359192E-1	-5.579836E-1
+7.309055E+9	+7.353858E-1	-5.591884E-1
+7.309070E+9	+7.360148E-1	-5.594058E-1
+7.309085E+9	+7.368479E-1	-5.589402E-1
+7.309100E+9	+7.351068E-1	-5.580817E-1
+7.309115E+9	+7.342208E-1	-5.587628E-1
+7.309130E+9	+7.342317E-1	-5.599410E-1
+7.309145E+9	+7.354765E-1	-5.609059E-1
+7.309160E+9	+7.346698E-1	-5.612262E-1
+7.309175E+9	+7.340005E-1	-5.607685E-1
+7.309190E+9	+7.337229E-1	-5.612837E-1
+7.309205E+9	+7.348932E-1	-5.609498E-1
+7.309220E+9	+7.352485E-1	-5.616927E-1
+7.309235E+9	+7.347148E-1	-5.612322E-1
+7.309250E+9	+7.340084E-1	-5.608925E-1
+7.309265E+9	+7.335283E-1	-5.610536E-1
+7.309280E+9	+7.340272E-1	-5.627429E-1
+7.309295E+9	+7.344337E-1	-5.625400E-1
+7.309310E+9	+7.334461E-1	-5.624773E-1
+7.309325E+9	+7.323876E-1	-5.616916E-1
+7.309340E+9	+7.330728E-1	-5.629494E-1
+7.309355E+9	+7.333668E-1	-5.629161E-1
+7.309370E+9	+7.334203E-1	-5.624092E-1
+7.309385E+9	+7.335391E-1	-5.626845E-1
+7.309400E+9	+7.326465E-1	-5.617897E-1
+7.309415E+9	+7.322807E-1	-5.629445E-1
+7.309430E+9	+7.322437E-1	-5.635156E-1
+7.309445E+9	+7.325283E-1	-5.637525E-1
+7.309460E+9	+7.328955E-1	-5.640471E-1
+7.309475E+9	+7.317465E-1	-5.624836E-1
+7.309490E+9	+7.317067E-1	-5.630049E-1
+7.309505E+9	+7.325368E-1	-5.640924E-1
+7.309520E+9	+7.312240E-1	-5.632224E-1
+7.309535E+9	+7.306356E-1	-5.637575E-1
+7.309550E+9	+7.310396E-1	-5.642401E-1
+7.309565E+9	+7.310174E-1	-5.647106E-1
+7.309580E+9	+7.309471E-1	-5.646510E-1
+7.309595E+9	+7.311307E-1	-5.646512E-1
+7.309610E+9	+7.316562E-1	-5.652538E-1
+7.309625E+9	+7.312924E-1	-5.661123E-1
+7.309640E+9	+7.316860E-1	-5.646740E-1
+7.309655E+9	+7.314922E-1	-5.647458E-1
+7.309670E+9	+7.319259E-1	-5.651681E-1
+7.309685E+9	+7.309389E-1	-5.670713E-1
+7.309700E+9	+7.319067E-1	-5.673697E-1
+7.309715E+9	+7.298691E-1	-5.677875E-1
+7.309730E+9	+7.299233E-1	-5.671673E-1
+7.309745E+9	+7.304363E-1	-5.679306E-1
+7.309760E+9	+7.309268E-1	-5.680547E-1
+7.309775E+9	+7.306458E-1	-5.663823E-1
+7.309790E+9	+7.299323E-1	-5.669944E-1
+7.309805E+9	+7.295060E-1	-5.671777E-1
+7.309820E+9	+7.301078E-1	-5.672844E-1
+7.309835E+9	+7.293200E-1	-5.674974E-1
+7.309850E+9	+7.297268E-1	-5.691688E-1
+7.309865E+9	+7.290967E-1	-5.698669E-1
+7.309880E+9	+7.287882E-1	-5.691303E-1
+7.309895E+9	+7.276127E-1	-5.695524E-1
+7.309910E+9	+7.269726E-1	-5.691275E-1
+7.309925E+9	+7.287545E-1	-5.691368E-1
+7.309940E+9	+7.290815E-1	-5.697668E-1
+7.309955E+9	+7.283454E-1	-5.698350E-1
+7.309970E+9	+7.274415E-1	-5.705504E-1
+7.309985E+9	+7.260324E-1	-5.703414E-1
+7.310000E+9	+7.281654E-1	-5.691943E-1
+7.310015E+9	+7.279382E-1	-5.694369E-1
+7.310030E+9	+7.283870E-1	-5.694566E-1
+7.310045E+9	+7.278291E-1	-5.699585E-1
+7.310060E+9	+7.272285E-1	-5.703835E-1
+7.310075E+9	+7.264417E-1	-5.700889E-1
+7.310090E+9	+7.261060E-1	-5.699635E-1
+7.310105E+9	+7.252571E-1	-5.702511E-1
+7.310120E+9	+7.255608E-1	-5.702543E-1
+7.310135E+9	+7.255470E-1	-5.714136E-1
+7.310150E+9	+7.264449E-1	-5.707924E-1
+7.310165E+9	+7.259929E-1	-5.712461E-1
+7.310180E+9	+7.259406E-1	-5.717823E-1
+7.310195E+9	+7.249746E-1	-5.717889E-1
+7.310210E+9	+7.244213E-1	-5.716293E-1
+7.310225E+9	+7.251024E-1	-5.717795E-1
+7.310240E+9	+7.257326E-1	-5.724050E-1
+7.310255E+9	+7.255383E-1	-5.722223E-1
+7.310270E+9	+7.246592E-1	-5.721715E-1
+7.310285E+9	+7.238930E-1	-5.721321E-1
+7.310300E+9	+7.249991E-1	-5.718481E-1
+7.310315E+9	+7.255004E-1	-5.730854E-1
+7.310330E+9	+7.255862E-1	-5.740598E-1
+7.310345E+9	+7.255301E-1	-5.736756E-1
+7.310360E+9	+7.248561E-1	-5.733992E-1
+7.310375E+9	+7.240968E-1	-5.726830E-1
+7.310390E+9	+7.239400E-1	-5.729415E-1
+7.310405E+9	+7.239790E-1	-5.732499E-1
+7.310420E+9	+7.241309E-1	-5.741339E-1
+7.310435E+9	+7.247966E-1	-5.747803E-1
+7.310450E+9	+7.249682E-1	-5.738795E-1
+7.310465E+9	+7.233682E-1	-5.735151E-1
+7.310480E+9	+7.225656E-1	-5.733545E-1
+7.310495E+9	+7.225778E-1	-5.740976E-1
+7.310510E+9	+7.226166E-1	-5.742973E-1
+7.310525E+9	+7.227290E-1	-5.752255E-1
+7.310540E+9	+7.224228E-1	-5.747350E-1
+7.310555E+9	+7.223724E-1	-5.751371E-1
+7.310570E+9	+7.221442E-1	-5.751419E-1
+7.310585E+9	+7.222775E-1	-5.759665E-1
+7.310600E+9	+7.218678E-1	-5.773736E-1
+7.310615E+9	+7.214463E-1	-5.768078E-1
+7.310630E+9	+7.213043E-1	-5.764351E-1
+7.310645E+9	+7.216780E-1	-5.762638E-1
+7.310660E+9	+7.213829E-1	-5.767619E-1
+7.310675E+9	+7.207079E-1	-5.776975E-1
+7.310690E+9	+7.198258E-1	-5.775020E-1
+7.310705E+9	+7.192053E-1	-5.753286E-1
+7.310720E+9	+7.194394E-1	-5.748342E-1
+7.310735E+9	+7.212735E-1	-5.776834E-1
+7.310750E+9	+7.203163E-1	-5.790667E-1
+7.310765E+9	+7.212062E-1	-5.790113E-1
+7.310780E+9	+7.214844E-1	-5.784473E-1
+7.310795E+9	+7.211473E-1	-5.786003E-1
+7.310810E+9	+7.192012E-1	-5.785569E-1
+7.310825E+9	+7.197473E-1	-5.791076E-1
+7.310840E+9	+7.187798E-1	-5.780903E-1
+7.310855E+9	+7.195270E-1	-5.775581E-1
+7.310870E+9	+7.190457E-1	-5.779679E-1
+7.310885E+9	+7.190989E-1	-5.790218E-1
+7.310900E+9	+7.203191E-1	-5.801276E-1
+7.310915E+9	+7.192243E-1	-5.808050E-1
+7.310930E+9	+7.182570E-1	-5.791701E-1
+7.310945E+9	+7.188208E-1	-5.792772E-1
+7.310960E+9	+7.188600E-1	-5.795140E-1
+7.310975E+9	+7.189328E-1	-5.803134E-1
+7.310990E+9	+7.191339E-1	-5.796769E-1
+7.311005E+9	+7.189279E-1	-5.797939E-1
+7.311020E+9	+7.182497E-1	-5.802393E-1
+7.311035E+9	+7.180221E-1	-5.807167E-1
+7.311050E+9	+7.179862E-1	-5.805054E-1
+7.311065E+9	+7.178355E-1	-5.802054E-1
+7.311080E+9	+7.178903E-1	-5.801345E-1
+7.311095E+9	+7.175353E-1	-5.798364E-1
+7.311110E+9	+7.164812E-1	-5.815722E-1
+7.311125E+9	+7.172979E-1	-5.823468E-1
+7.311140E+9	+7.171020E-1	-5.819569E-1
+7.311155E+9	+7.166652E-1	-5.814910E-1
+7.311170E+9	+7.159959E-1	-5.813262E-1
+7.311185E+9	+7.154751E-1	-5.813317E-1
+7.311200E+9	+7.159143E-1	-5.817189E-1
+7.311215E+9	+7.153475E-1	-5.822240E-1
+7.311230E+9	+7.149921E-1	-5.828094E-1
+7.311245E+9	+7.151660E-1	-5.832057E-1
+7.311260E+9	+7.156221E-1	-5.830143E-1
+7.311275E+9	+7.148834E-1	-5.828431E-1
+7.311290E+9	+7.148145E-1	-5.824391E-1
+7.311305E+9	+7.156056E-1	-5.821550E-1
+7.311320E+9	+7.154784E-1	-5.827648E-1
+7.311335E+9	+7.154820E-1	-5.841822E-1
+7.311350E+9	+7.154741E-1	-5.834494E-1
+7.311365E+9	+7.147912E-1	-5.833593E-1
+7.311380E+9	+7.145960E-1	-5.834673E-1
+7.311395E+9	+7.143166E-1	-5.834970E-1
+7.311410E+9	+7.153615E-1	-5.835274E-1
+7.311425E+9	+7.152025E-1	-5.841866E-1
+7.311440E+9	+7.155027E-1	-5.845362E-1
+7.311455E+9	+7.154914E-1	-5.851101E-1
+7.311470E+9	+7.147776E-1	-5.855577E-1
+7.311485E+9	+7.132553E-1	-5.853160E-1
+7.311500E+9	+7.132820E-1	-5.858906E-1
+7.311515E+9	+7.127580E-1	-5.863101E-1
+7.311530E+9	+7.130107E-1	-5.856409E-1
+7.311545E+9	+7.122396E-1	-5.861407E-1
+7.311560E+9	+7.122501E-1	-5.869258E-1
+7.311575E+9	+7.127042E-1	-5.871287E-1
+7.311590E+9	+7.128280E-1	-5.871736E-1
+7.311605E+9	+7.127588E-1	-5.873959E-1
+7.311620E+9	+7.115712E-1	-5.874568E-1
+7.311635E+9	+7.124950E-1	-5.872792E-1
+7.311650E+9	+7.136058E-1	-5.867035E-1
+7.311665E+9	+7.129876E-1	-5.870487E-1
+7.311680E+9	+7.118320E-1	-5.871598E-1
+7.311695E+9	+7.119177E-1	-5.870539E-1
+7.311710E+9	+7.122040E-1	-5.877758E-1
+7.311725E+9	+7.124920E-1	-5.878292E-1
+7.311740E+9	+7.123927E-1	-5.882069E-1
+7.311755E+9	+7.109246E-1	-5.878407E-1
+7.311770E+9	+7.097238E-1	-5.875655E-1
+7.311785E+9	+7.101905E-1	-5.878425E-1
+7.311800E+9	+7.108589E-1	-5.883898E-1
+7.311815E+9	+7.099782E-1	-5.883584E-1
+7.311830E+9	+7.096253E-1	-5.880473E-1
+7.311845E+9	+7.095547E-1	-5.881437E-1
+7.311860E+9	+7.100947E-1	-5.894430E-1
+7.311875E+9	+7.108305E-1	-5.895891E-1
+7.311890E+9	+7.095216E-1	-5.908096E-1
+7.311905E+9	+7.086956E-1	-5.906586E-1
+7.311920E+9	+7.094254E-1	-5.913189E-1
+7.311935E+9	+7.106363E-1	-5.906075E-1
+7.311950E+9	+7.095302E-1	-5.912527E-1
+7.311965E+9	+7.085464E-1	-5.909905E-1
+7.311980E+9	+7.088225E-1	-5.899142E-1
+7.311995E+9	+7.093942E-1	-5.900346E-1
+7.312010E+9	+7.097011E-1	-5.899915E-1
+7.312025E+9	+7.094397E-1	-5.899655E-1
+7.312040E+9	+7.087334E-1	-5.916209E-1
+7.312055E+9	+7.083579E-1	-5.921809E-1
+7.312070E+9	+7.089039E-1	-5.922907E-1
+7.312085E+9	+7.086073E-1	-5.922961E-1
+7.312100E+9	+7.079518E-1	-5.912838E-1
+7.312115E+9	+7.073338E-1	-5.918437E-1
+7.312130E+9	+7.076508E-1	-5.923547E-1
+7.312145E+9	+7.076650E-1	-5.927206E-1
+7.312160E+9	+7.078205E-1	-5.913849E-1
+7.312175E+9	+7.076733E-1	-5.916710E-1
+7.312190E+9	+7.073490E-1	-5.923411E-1
+7.312205E+9	+7.068839E-1	-5.935975E-1
+7.312220E+9	+7.062957E-1	-5.933354E-1
+7.312235E+9	+7.063774E-1	-5.930424E-1
+7.312250E+9	+7.061940E-1	-5.931411E-1
+7.312265E+9	+7.067032E-1	-5.925709E-1
+7.312280E+9	+7.074008E-1	-5.927109E-1
+7.312295E+9	+7.060641E-1	-5.932368E-1
+7.312310E+9	+7.051061E-1	-5.944356E-1
+7.312325E+9	+7.063009E-1	-5.938261E-1
+7.312340E+9	+7.054676E-1	-5.943575E-1
+7.312355E+9	+7.050825E-1	-5.942370E-1
+7.312370E+9	+7.044445E-1	-5.949481E-1
+7.312385E+9	+7.045176E-1	-5.948298E-1
+7.312400E+9	+7.050545E-1	-5.942409E-1
+7.312415E+9	+7.046105E-1	-5.941894E-1
+7.312430E+9	+7.044698E-1	-5.966710E-1
+7.312445E+9	+7.049726E-1	-5.962747E-1
+7.312460E+9	+7.046833E-1	-5.949772E-1
+7.312475E+9	+7.039596E-1	-5.949707E-1
+7.312490E+9	+7.028549E-1	-5.950859E-1
+7.312505E+9	+7.034938E-1	-5.958310E-1
+7.312520E+9	+7.043153E-1	-5.961215E-1
+7.312535E+9	+7.046630E-1	-5.958289E-1
+7.312550E+9	+7.039899E-1	-5.961141E-1
+7.312565E+9	+7.033235E-1	-5.967269E-1
+7.312580E+9	+7.031160E-1	-5.976814E-1
+7.312595E+9	+7.036793E-1	-5.987581E-1
+7.312610E+9	+7.031416E-1	-5.976044E-1
+7.312625E+9	+7.018770E-1	-5.966848E-1
+7.312640E+9	+7.023327E-1	-5.973308E-1
+7.312655E+9	+7.022559E-1	-5.963833E-1
+7.312670E+9	+7.018486E-1	-5.963947E-1
+7.312685E+9	+7.019315E-1	-5.964323E-1
+7.312700E+9	+7.024259E-1	-5.968579E-1
+7.312715E+9	+7.018630E-1	-5.973514E-1
+7.312730E+9	+7.013889E-1	-5.986442E-1
+7.312745E+9	+7.017349E-1	-5.988236E-1
+7.312760E+9	+7.019964E-1	-5.984120E-1
+7.312775E+9	+7.010010E-1	-5.983186E-1
+7.312790E+9	+7.008059E-1	-5.988418E-1
+7.312805E+9	+7.010497E-1	-5.998213E-1
+7.312820E+9	+7.004719E-1	-6.001109E-1
+7.312835E+9	+7.001216E-1	-6.000404E-1
+7.312850E+9	+7.006293E-1	-6.003178E-1
+7.312865E+9	+7.000229E-1	-5.997888E-1
+7.312880E+9	+6.998727E-1	-5.996591E-1
+7.312895E+9	+6.994095E-1	-6.000615E-1
+7.312910E+9	+6.991612E-1	-6.000153E-1
+7.312925E+9	+6.992635E-1	-6.002269E-1
+7.312940E+9	+6.985017E-1	-5.998452E-1
+7.312955E+9	+6.985879E-1	-5.996859E-1
+7.312970E+9	+6.993742E-1	-6.016137E-1
+7.312985E+9	+7.000333E-1	-6.026604E-1
+7.313000E+9	+7.002432E-1	-6.008910E-1
+7.313015E+9	+6.985896E-1	-6.008917E-1
+7.313030E+9	+6.977806E-1	-6.008649E-1
+7.313045E+9	+6.980886E-1	-6.012102E-1
+7.313060E+9	+6.984933E-1	-6.011716E-1
+7.313075E+9	+6.978503E-1	-6.013407E-1
+7.313090E+9	+6.976046E-1	-6.019066E-1
+7.313105E+9	+6.975558E-1	-6.023444E-1
+7.313120E+9	+6.974930E-1	-6.029803E-1
+7.313135E+9	+6.975493E-1	-6.030649E-1
+7.313150E+9	+6.980981E-1	-6.027520E-1
+7.313165E+9	+6.973994E-1	-6.022362E-1
+7.313180E+9	+6.969055E-1	-6.022025E-1
+7.313195E+9	+6.970968E-1	-6.031420E-1
+7.313210E+9	+6.987532E-1	-6.037504E-1
+7.313225E+9	+6.968056E-1	-6.022625E-1
+7.313240E+9	+6.958638E-1	-6.029806E-1
+7.313255E+9	+6.953869E-1	-6.036217E-1
+7.313270E+9	+6.963254E-1	-6.035188E-1
+7.313285E+9	+6.965574E-1	-6.040181E-1
+7.313300E+9	+6.961168E-1	-6.046590E-1
+7.313315E+9	+6.963533E-1	-6.045256E-1
+7.313330E+9	+6.950395E-1	-6.036177E-1
+7.313345E+9	+6.943045E-1	-6.035773E-1
+7.313360E+9	+6.942822E-1	-6.044676E-1
+7.313375E+9	+6.958818E-1	-6.054378E-1
+7.313390E+9	+6.950809E-1	-6.057352E-1
+7.313405E+9	+6.938454E-1	-6.048129E-1
+7.313420E+9	+6.935781E-1	-6.042554E-1
+7.313435E+9	+6.954111E-1	-6.053520E-1
+7.313450E+9	+6.964743E-1	-6.061929E-1
+7.313465E+9	+6.957259E-1	-6.063558E-1
+7.313480E+9	+6.950493E-1	-6.050826E-1
+7.313495E+9	+6.943370E-1	-6.056092E-1
+7.313510E+9	+6.936159E-1	-6.064041E-1
+7.313525E+9	+6.933796E-1	-6.070140E-1
+7.313540E+9	+6.928601E-1	-6.066816E-1
+7.313555E+9	+6.933702E-1	-6.059863E-1
+7.313570E+9	+6.926503E-1	-6.066917E-1
+7.313585E+9	+6.924394E-1	-6.075418E-1
+7.313600E+9	+6.931930E-1	-6.074687E-1
+7.313615E+9	+6.936210E-1	-6.070460E-1
+7.313630E+9	+6.934269E-1	-6.072406E-1
+7.313645E+9	+6.927816E-1	-6.076515E-1
+7.313660E+9	+6.925541E-1	-6.081736E-1
+7.313675E+9	+6.925302E-1	-6.085479E-1
+7.313690E+9	+6.934033E-1	-6.095862E-1
+7.313705E+9	+6.934661E-1	-6.095489E-1
+7.313720E+9	+6.930175E-1	-6.094288E-1
+7.313735E+9	+6.912487E-1	-6.075997E-1
+7.313750E+9	+6.913604E-1	-6.094518E-1
+7.313765E+9	+6.915006E-1	-6.093941E-1
+7.313780E+9	+6.915731E-1	-6.096103E-1
+7.313795E+9	+6.920495E-1	-6.102993E-1
+7.313810E+9	+6.910116E-1	-6.091060E-1
+7.313825E+9	+6.912468E-1	-6.097870E-1
+7.313840E+9	+6.911395E-1	-6.102832E-1
+7.313855E+9	+6.915472E-1	-6.106269E-1
+7.313870E+9	+6.918102E-1	-6.102975E-1
+7.313885E+9	+6.913076E-1	-6.108417E-1
+7.313900E+9	+6.898021E-1	-6.101951E-1
+7.313915E+9	+6.899881E-1	-6.111590E-1
+7.313930E+9	+6.899303E-1	-6.116533E-1
+7.313945E+9	+6.905042E-1	-6.120201E-1
+7.313960E+9	+6.907926E-1	-6.111498E-1
+7.313975E+9	+6.901015E-1	-6.097653E-1
+7.313990E+9	+6.900219E-1	-6.106383E-1
+7.314005E+9	+6.895119E-1	-6.113761E-1
+7.314020E+9	+6.888148E-1	-6.126269E-1
+7.314035E+9	+6.886707E-1	-6.132250E-1
+7.314050E+9	+6.898074E-1	-6.124302E-1
+7.314065E+9	+6.890880E-1	-6.127964E-1
+7.314080E+9	+6.887345E-1	-6.115151E-1
+7.314095E+9	+6.875148E-1	-6.128250E-1
+7.314110E+9	+6.878745E-1	-6.129380E-1
+7.314125E+9	+6.883441E-1	-6.121552E-1
+7.314140E+9	+6.879865E-1	-6.125037E-1
+7.314155E+9	+6.878044E-1	-6.123643E-1
+7.314170E+9	+6.872945E-1	-6.135004E-1
+7.314185E+9	+6.861886E-1	-6.135432E-1
+7.314200E+9	+6.858166E-1	-6.141494E-1
+7.314215E+9	+6.858751E-1	-6.146682E-1
+7.314230E+9	+6.863367E-1	-6.147274E-1
+7.314245E+9	+6.861439E-1	-6.145311E-1
+7.314260E+9	+6.858036E-1	-6.149966E-1
+7.314275E+9	+6.846481E-1	-6.146424E-1
+7.314290E+9	+6.846250E-1	-6.152920E-1
+7.314305E+9	+6.850756E-1	-6.156969E-1
+7.314320E+9	+6.856834E-1	-6.152713E-1
+7.314335E+9	+6.858121E-1	-6.152153E-1
+7.314350E+9	+6.856124E-1	-6.156181E-1
+7.314365E+9	+6.848271E-1	-6.159321E-1
+7.314380E+9	+6.859220E-1	-6.147252E-1
+7.314395E+9	+6.864449E-1	-6.163463E-1
+7.314410E+9	+6.855430E-1	-6.172082E-1
+7.314425E+9	+6.826314E-1	-6.156752E-1
+7.314440E+9	+6.826026E-1	-6.164117E-1
+7.314455E+9	+6.845395E-1	-6.185162E-1
+7.314470E+9	+6.850525E-1	-6.177164E-1
+7.314485E+9	+6.843948E-1	-6.176633E-1
+7.314500E+9	+6.835168E-1	-6.181175E-1
+7.314515E+9	+6.827397E-1	-6.175691E-1
+7.314530E+9	+6.839491E-1	-6.169509E-1
+7.314545E+9	+6.845508E-1	-6.161495E-1
+7.314560E+9	+6.838809E-1	-6.164925E-1
+7.314575E+9	+6.822713E-1	-6.189516E-1
+7.314590E+9	+6.821768E-1	-6.190256E-1
+7.314605E+9	+6.831389E-1	-6.172833E-1
+7.314620E+9	+6.827919E-1	-6.184307E-1
+7.314635E+9	+6.826943E-1	-6.193144E-1
+7.314650E+9	+6.818742E-1	-6.198563E-1
+7.314665E+9	+6.822293E-1	-6.198269E-1
+7.314680E+9	+6.825481E-1	-6.196611E-1
+7.314695E+9	+6.817983E-1	-6.199637E-1
+7.314710E+9	+6.819259E-1	-6.185653E-1
+7.314725E+9	+6.811363E-1	-6.188615E-1
+7.314740E+9	+6.812509E-1	-6.195089E-1
+7.314755E+9	+6.811604E-1	-6.195910E-1
+7.314770E+9	+6.811845E-1	-6.198257E-1
+7.314785E+9	+6.811231E-1	-6.192502E-1
+7.314800E+9	+6.811581E-1	-6.188016E-1
+7.314815E+9	+6.809101E-1	-6.199432E-1
+7.314830E+9	+6.803319E-1	-6.206964E-1
+7.314845E+9	+6.796376E-1	-6.204487E-1
+7.314860E+9	+6.801718E-1	-6.217843E-1
+7.314875E+9	+6.808074E-1	-6.217372E-1
+7.314890E+9	+6.802828E-1	-6.219471E-1
+7.314905E+9	+6.803486E-1	-6.219417E-1
+7.314920E+9	+6.804165E-1	-6.220026E-1
+7.314935E+9	+6.801086E-1	-6.222259E-1
+7.314950E+9	+6.788127E-1	-6.215249E-1
+7.314965E+9	+6.785563E-1	-6.218010E-1
+7.314980E+9	+6.793360E-1	-6.212786E-1
+7.314995E+9	+6.787050E-1	-6.219176E-1
+7.315010E+9	+6.772588E-1	-6.220141E-1
+7.315025E+9	+6.777936E-1	-6.226607E-1
+7.315040E+9	+6.785870E-1	-6.237063E-1
+7.315055E+9	+6.794017E-1	-6.217623E-1
+7.315070E+9	+6.766961E-1	-6.230027E-1
+7.315085E+9	+6.758812E-1	-6.229693E-1
+7.315100E+9	+6.777477E-1	-6.221954E-1
+7.315115E+9	+6.781867E-1	-6.234820E-1
+7.315130E+9	+6.781551E-1	-6.241052E-1
+7.315145E+9	+6.778883E-1	-6.237103E-1
+7.315160E+9	+6.771643E-1	-6.233885E-1
+7.315175E+9	+6.753374E-1	-6.236085E-1
+7.315190E+9	+6.755944E-1	-6.237407E-1
+7.315205E+9	+6.759755E-1	-6.236330E-1
+7.315220E+9	+6.754947E-1	-6.240450E-1
+7.315235E+9	+6.751890E-1	-6.247455E-1
+7.315250E+9	+6.759998E-1	-6.247957E-1
+7.315265E+9	+6.764960E-1	-6.251008E-1
+7.315280E+9	+6.761907E-1	-6.251841E-1
+7.315295E+9	+6.756349E-1	-6.256928E-1
+7.315310E+9	+6.754233E-1	-6.260718E-1
+7.315325E+9	+6.758040E-1	-6.255648E-1
+7.315340E+9	+6.749966E-1	-6.259312E-1
+7.315355E+9	+6.744894E-1	-6.266058E-1
+7.315370E+9	+6.743944E-1	-6.269862E-1
+7.315385E+9	+6.740332E-1	-6.266950E-1
+7.315400E+9	+6.750977E-1	-6.252302E-1
+7.315415E+9	+6.745275E-1	-6.255566E-1
+7.315430E+9	+6.739776E-1	-6.257449E-1
+7.315445E+9	+6.731581E-1	-6.261978E-1
+7.315460E+9	+6.734920E-1	-6.257302E-1
+7.315475E+9	+6.747964E-1	-6.263487E-1
+7.315490E+9	+6.750939E-1	-6.276570E-1
+7.315505E+9	+6.752169E-1	-6.282662E-1
+7.315520E+9	+6.755380E-1	-6.275597E-1
+7.315535E+9	+6.732436E-1	-6.272166E-1
+7.315550E+9	+6.723973E-1	-6.282429E-1
+7.315565E+9	+6.717066E-1	-6.283304E-1
+7.315580E+9	+6.715960E-1	-6.284167E-1
+7.315595E+9	+6.720982E-1	-6.287323E-1
+7.315610E+9	+6.710292E-1	-6.283194E-1
+7.315625E+9	+6.710177E-1	-6.282306E-1
+7.315640E+9	+6.706155E-1	-6.289296E-1
+7.315655E+9	+6.715236E-1	-6.288645E-1
+7.315670E+9	+6.712480E-1	-6.297508E-1
+7.315685E+9	+6.710578E-1	-6.302112E-1
+7.315700E+9	+6.712343E-1	-6.302341E-1
+7.315715E+9	+6.710999E-1	-6.296175E-1
+7.315730E+9	+6.704089E-1	-6.294414E-1
+7.315745E+9	+6.695321E-1	-6.297887E-1
+7.315760E+9	+6.695051E-1	-6.296419E-1
+7.315775E+9	+6.705991E-1	-6.297753E-1
+7.315790E+9	+6.702311E-1	-6.306168E-1
+7.315805E+9	+6.697795E-1	-6.312340E-1
+7.315820E+9	+6.697148E-1	-6.312697E-1
+7.315835E+9	+6.690626E-1	-6.312293E-1
+7.315850E+9	+6.686853E-1	-6.313165E-1
+7.315865E+9	+6.685078E-1	-6.318317E-1
+7.315880E+9	+6.688111E-1	-6.313758E-1
+7.315895E+9	+6.681797E-1	-6.315633E-1
+7.315910E+9	+6.692729E-1	-6.319585E-1
+7.315925E+9	+6.684616E-1	-6.318267E-1
+7.315940E+9	+6.688201E-1	-6.323709E-1
+7.315955E+9	+6.687623E-1	-6.322435E-1
+7.315970E+9	+6.683832E-1	-6.317802E-1
+7.315985E+9	+6.673757E-1	-6.311972E-1
+7.316000E+9	+6.679518E-1	-6.315528E-1
+7.316015E+9	+6.677256E-1	-6.317582E-1
+7.316030E+9	+6.674613E-1	-6.322028E-1
+7.316045E+9	+6.669221E-1	-6.328676E-1
+7.316060E+9	+6.661803E-1	-6.326709E-1
+7.316075E+9	+6.655662E-1	-6.330925E-1
+7.316090E+9	+6.668908E-1	-6.338072E-1
+7.316105E+9	+6.671346E-1	-6.343835E-1
+7.316120E+9	+6.667323E-1	-6.347146E-1
+7.316135E+9	+6.662416E-1	-6.332391E-1
+7.316150E+9	+6.665533E-1	-6.342680E-1
+7.316165E+9	+6.663969E-1	-6.341371E-1
+7.316180E+9	+6.666569E-1	-6.339997E-1
+7.316195E+9	+6.662491E-1	-6.343241E-1
+7.316210E+9	+6.657995E-1	-6.345794E-1
+7.316225E+9	+6.652070E-1	-6.348651E-1
+7.316240E+9	+6.645900E-1	-6.346458E-1
+7.316255E+9	+6.639171E-1	-6.346297E-1
+7.316270E+9	+6.638176E-1	-6.350764E-1
+7.316285E+9	+6.645880E-1	-6.366391E-1
+7.316300E+9	+6.646357E-1	-6.360187E-1
+7.316315E+9	+6.647785E-1	-6.356482E-1
+7.316330E+9	+6.651381E-1	-6.354558E-1
+7.316345E+9	+6.642719E-1	-6.359175E-1
+7.316360E+9	+6.647964E-1	-6.357801E-1
+7.316375E+9	+6.648548E-1	-6.369880E-1
+7.316390E+9	+6.642128E-1	-6.367375E-1
+7.316405E+9	+6.631320E-1	-6.366410E-1
+7.316420E+9	+6.628545E-1	-6.366446E-1
+7.316435E+9	+6.626387E-1	-6.374032E-1
+7.316450E+9	+6.636301E-1	-6.376230E-1
+7.316465E+9	+6.631539E-1	-6.380244E-1
+7.316480E+9	+6.632356E-1	-6.383283E-1
+7.316495E+9	+6.636393E-1	-6.389333E-1
+7.316510E+9	+6.627243E-1	-6.391216E-1
+7.316525E+9	+6.618408E-1	-6.385511E-1
+7.316540E+9	+6.618973E-1	-6.381460E-1
+7.316555E+9	+6.622581E-1	-6.378683E-1
+7.316570E+9	+6.625523E-1	-6.388288E-1
+7.316585E+9	+6.622082E-1	-6.395878E-1
+7.316600E+9	+6.602051E-1	-6.384796E-1
+7.316615E+9	+6.594171E-1	-6.382228E-1
+7.316630E+9	+6.608498E-1	-6.382787E-1
+7.316645E+9	+6.611621E-1	-6.391599E-1
+7.316660E+9	+6.608020E-1	-6.399887E-1
+7.316675E+9	+6.606436E-1	-6.408502E-1
+7.316690E+9	+6.616361E-1	-6.405634E-1
+7.316705E+9	+6.612584E-1	-6.392280E-1
+7.316720E+9	+6.595083E-1	-6.398778E-1
+7.316735E+9	+6.582555E-1	-6.399267E-1
+7.316750E+9	+6.588628E-1	-6.396096E-1
+7.316765E+9	+6.593623E-1	-6.402463E-1
+7.316780E+9	+6.593555E-1	-6.408499E-1
+7.316795E+9	+6.592022E-1	-6.412009E-1
+7.316810E+9	+6.583159E-1	-6.411799E-1
+7.316825E+9	+6.577252E-1	-6.408889E-1
+7.316840E+9	+6.583725E-1	-6.418836E-1
+7.316855E+9	+6.585866E-1	-6.421732E-1
+7.316870E+9	+6.580578E-1	-6.422094E-1
+7.316885E+9	+6.570423E-1	-6.415686E-1
+7.316900E+9	+6.574775E-1	-6.424009E-1
+7.316915E+9	+6.572037E-1	-6.422978E-1
+7.316930E+9	+6.574034E-1	-6.422693E-1
+7.316945E+9	+6.572618E-1	-6.428153E-1
+7.316960E+9	+6.570190E-1	-6.426976E-1
+7.316975E+9	+6.572401E-1	-6.421713E-1
+7.316990E+9	+6.566237E-1	-6.423210E-1
+7.317005E+9	+6.565362E-1	-6.426658E-1
+7.317020E+9	+6.563924E-1	-6.423465E-1
+7.317035E+9	+6.569329E-1	-6.422788E-1
+7.317050E+9	+6.566293E-1	-6.434292E-1
+7.317065E+9	+6.568240E-1	-6.431120E-1
+7.317080E+9	+6.559071E-1	-6.442326E-1
+7.317095E+9	+6.558494E-1	-6.434273E-1
+7.317110E+9	+6.551844E-1	-6.435936E-1
+7.317125E+9	+6.549110E-1	-6.437876E-1
+7.317140E+9	+6.555537E-1	-6.437221E-1
+7.317155E+9	+6.552953E-1	-6.430955E-1
+7.317170E+9	+6.545555E-1	-6.433345E-1
+7.317185E+9	+6.542518E-1	-6.436867E-1
+7.317200E+9	+6.535657E-1	-6.444928E-1
+7.317215E+9	+6.530293E-1	-6.451082E-1
+7.317230E+9	+6.529575E-1	-6.458284E-1
+7.317245E+9	+6.532817E-1	-6.461579E-1
+7.317260E+9	+6.546173E-1	-6.465012E-1
+7.317275E+9	+6.539193E-1	-6.476670E-1
+7.317290E+9	+6.540844E-1	-6.470152E-1
+7.317305E+9	+6.541171E-1	-6.465558E-1
+7.317320E+9	+6.540237E-1	-6.469406E-1
+7.317335E+9	+6.531643E-1	-6.458313E-1
+7.317350E+9	+6.528830E-1	-6.464263E-1
+7.317365E+9	+6.523765E-1	-6.467810E-1
+7.317380E+9	+6.524238E-1	-6.471080E-1
+7.317395E+9	+6.528552E-1	-6.472024E-1
+7.317410E+9	+6.534333E-1	-6.471948E-1
+7.317425E+9	+6.526686E-1	-6.480154E-1
+7.317440E+9	+6.520128E-1	-6.478560E-1
+7.317455E+9	+6.512538E-1	-6.476694E-1
+7.317470E+9	+6.508394E-1	-6.471048E-1
+7.317485E+9	+6.507427E-1	-6.470932E-1
+7.317500E+9	+6.512364E-1	-6.473969E-1
+7.317515E+9	+6.512398E-1	-6.477803E-1
+7.317530E+9	+6.519662E-1	-6.480088E-1
+7.317545E+9	+6.522017E-1	-6.479568E-1
+7.317560E+9	+6.510955E-1	-6.469367E-1
+7.317575E+9	+6.495242E-1	-6.479971E-1
+7.317590E+9	+6.500740E-1	-6.485457E-1
+7.317605E+9	+6.502882E-1	-6.492103E-1
+7.317620E+9	+6.502038E-1	-6.494639E-1
+7.317635E+9	+6.486098E-1	-6.499386E-1
+7.317650E+9	+6.496607E-1	-6.507632E-1
+7.317665E+9	+6.494631E-1	-6.499688E-1
+7.317680E+9	+6.487493E-1	-6.490633E-1
+7.317695E+9	+6.490567E-1	-6.495197E-1
+7.317710E+9	+6.492008E-1	-6.498490E-1
+7.317725E+9	+6.490640E-1	-6.502065E-1
+7.317740E+9	+6.481891E-1	-6.504361E-1
+7.317755E+9	+6.471021E-1	-6.510477E-1
+7.317770E+9	+6.460493E-1	-6.520206E-1
+7.317785E+9	+6.455792E-1	-6.520915E-1
+7.317800E+9	+6.464374E-1	-6.502038E-1
+7.317815E+9	+6.465804E-1	-6.508329E-1
+7.317830E+9	+6.469024E-1	-6.512449E-1
+7.317845E+9	+6.475863E-1	-6.512474E-1
+7.317860E+9	+6.474803E-1	-6.516014E-1
+7.317875E+9	+6.475272E-1	-6.526963E-1
+7.317890E+9	+6.466797E-1	-6.526419E-1
+7.317905E+9	+6.458471E-1	-6.525265E-1
+7.317920E+9	+6.451133E-1	-6.521877E-1
+7.317935E+9	+6.450917E-1	-6.522961E-1
+7.317950E+9	+6.460134E-1	-6.518383E-1
+7.317965E+9	+6.460929E-1	-6.518772E-1
+7.317980E+9	+6.456473E-1	-6.522895E-1
+7.317995E+9	+6.446909E-1	-6.532292E-1
+7.318010E+9	+6.441025E-1	-6.533098E-1
+7.318025E+9	+6.451493E-1	-6.526311E-1
+7.318040E+9	+6.446156E-1	-6.533879E-1
+7.318055E+9	+6.444960E-1	-6.543519E-1
+7.318070E+9	+6.450490E-1	-6.550286E-1
+7.318085E+9	+6.460454E-1	-6.544906E-1
+7.318100E+9	+6.454956E-1	-6.536239E-1
+7.318115E+9	+6.450700E-1	-6.537354E-1
+7.318130E+9	+6.438466E-1	-6.537808E-1
+7.318145E+9	+6.437539E-1	-6.543025E-1
+7.318160E+9	+6.427771E-1	-6.544155E-1
+7.318175E+9	+6.420954E-1	-6.540091E-1
+7.318190E+9	+6.422806E-1	-6.543409E-1
+7.318205E+9	+6.428971E-1	-6.550389E-1
+7.318220E+9	+6.422597E-1	-6.552986E-1
+7.318235E+9	+6.422981E-1	-6.552993E-1
+7.318250E+9	+6.420763E-1	-6.559880E-1
+7.318265E+9	+6.419431E-1	-6.549199E-1
+7.318280E+9	+6.424419E-1	-6.546271E-1
+7.318295E+9	+6.422817E-1	-6.550747E-1
+7.318310E+9	+6.417392E-1	-6.550880E-1
+7.318325E+9	+6.418846E-1	-6.558977E-1
+7.318340E+9	+6.415690E-1	-6.561367E-1
+7.318355E+9	+6.412980E-1	-6.564889E-1
+7.318370E+9	+6.410903E-1	-6.562611E-1
+7.318385E+9	+6.403767E-1	-6.565680E-1
+7.318400E+9	+6.394669E-1	-6.575041E-1
+7.318415E+9	+6.404443E-1	-6.579456E-1
+7.318430E+9	+6.410510E-1	-6.564270E-1
+7.318445E+9	+6.408731E-1	-6.573558E-1
+7.318460E+9	+6.407437E-1	-6.581189E-1
+7.318475E+9	+6.407574E-1	-6.583465E-1
+7.318490E+9	+6.395668E-1	-6.575994E-1
+7.318505E+9	+6.388039E-1	-6.572610E-1
+7.318520E+9	+6.386430E-1	-6.572856E-1
+7.318535E+9	+6.382564E-1	-6.578162E-1
+7.318550E+9	+6.386583E-1	-6.584496E-1
+7.318565E+9	+6.383030E-1	-6.584056E-1
+7.318580E+9	+6.384325E-1	-6.583311E-1
+7.318595E+9	+6.381520E-1	-6.587811E-1
+7.318610E+9	+6.378920E-1	-6.598282E-1
+7.318625E+9	+6.376227E-1	-6.598082E-1
+7.318640E+9	+6.378437E-1	-6.593613E-1
+7.318655E+9	+6.382153E-1	-6.597949E-1
+7.318670E+9	+6.384095E-1	-6.603972E-1
+7.318685E+9	+6.380780E-1	-6.612277E-1
+7.318700E+9	+6.372359E-1	-6.601850E-1
+7.318715E+9	+6.362265E-1	-6.605504E-1
+7.318730E+9	+6.355222E-1	-6.612755E-1
+7.318745E+9	+6.354090E-1	-6.617051E-1
+7.318760E+9	+6.351174E-1	-6.625165E-1
+7.318775E+9	+6.351371E-1	-6.611679E-1
+7.318790E+9	+6.346340E-1	-6.617633E-1
+7.318805E+9	+6.353336E-1	-6.629623E-1
+7.318820E+9	+6.346768E-1	-6.622291E-1
+7.318835E+9	+6.338768E-1	-6.623216E-1
+7.318850E+9	+6.337050E-1	-6.622422E-1
+7.318865E+9	+6.346065E-1	-6.629112E-1
+7.318880E+9	+6.348791E-1	-6.626650E-1
+7.318895E+9	+6.346711E-1	-6.622365E-1
+7.318910E+9	+6.339195E-1	-6.616961E-1
+7.318925E+9	+6.335961E-1	-6.620310E-1
+7.318940E+9	+6.329776E-1	-6.618580E-1
+7.318955E+9	+6.340918E-1	-6.625956E-1
+7.318970E+9	+6.342689E-1	-6.626943E-1
+7.318985E+9	+6.333721E-1	-6.632694E-1
+7.319000E+9	+6.317841E-1	-6.644452E-1
+7.319015E+9	+6.321904E-1	-6.645861E-1
+7.319030E+9	+6.328260E-1	-6.644544E-1
+7.319045E+9	+6.322855E-1	-6.649434E-1
+7.319060E+9	+6.321415E-1	-6.654489E-1
+7.319075E+9	+6.325106E-1	-6.644848E-1
+7.319090E+9	+6.321929E-1	-6.643108E-1
+7.319105E+9	+6.320397E-1	-6.640649E-1
+7.319120E+9	+6.319316E-1	-6.639841E-1
+7.319135E+9	+6.319645E-1	-6.645705E-1
+7.319150E+9	+6.325940E-1	-6.644866E-1
+7.319165E+9	+6.317877E-1	-6.646367E-1
+7.319180E+9	+6.314846E-1	-6.650482E-1
+7.319195E+9	+6.313322E-1	-6.659114E-1
+7.319210E+9	+6.307229E-1	-6.658836E-1
+7.319225E+9	+6.311848E-1	-6.650605E-1
+7.319240E+9	+6.308044E-1	-6.656225E-1
+7.319255E+9	+6.309533E-1	-6.665955E-1
+7.319270E+9	+6.308201E-1	-6.685409E-1
+7.319285E+9	+6.311143E-1	-6.679528E-1
+7.319300E+9	+6.293425E-1	-6.657618E-1
+7.319315E+9	+6.306047E-1	-6.665535E-1
+7.319330E+9	+6.306798E-1	-6.664662E-1
+7.319345E+9	+6.300534E-1	-6.664801E-1
+7.319360E+9	+6.289412E-1	-6.671591E-1
+7.319375E+9	+6.276443E-1	-6.678579E-1
+7.319390E+9	+6.283072E-1	-6.670674E-1
+7.319405E+9	+6.285914E-1	-6.669337E-1
+7.319420E+9	+6.281523E-1	-6.676099E-1
+7.319435E+9	+6.278197E-1	-6.684683E-1
+7.319450E+9	+6.282321E-1	-6.690623E-1
+7.319465E+9	+6.284430E-1	-6.693100E-1
+7.319480E+9	+6.271290E-1	-6.682916E-1
+7.319495E+9	+6.268240E-1	-6.681637E-1
+7.319510E+9	+6.265243E-1	-6.680949E-1
+7.319525E+9	+6.254769E-1	-6.679541E-1
+7.319540E+9	+6.255949E-1	-6.682475E-1
+7.319555E+9	+6.257374E-1	-6.687756E-1
+7.319570E+9	+6.248842E-1	-6.692818E-1
+7.319585E+9	+6.259730E-1	-6.693689E-1
+7.319600E+9	+6.255672E-1	-6.703452E-1
+7.319615E+9	+6.246335E-1	-6.701055E-1
+7.319630E+9	+6.246690E-1	-6.709187E-1
+7.319645E+9	+6.254179E-1	-6.716840E-1
+7.319660E+9	+6.254302E-1	-6.703960E-1
+7.319675E+9	+6.242909E-1	-6.687744E-1
+7.319690E+9	+6.242277E-1	-6.697838E-1
+7.319705E+9	+6.251694E-1	-6.704462E-1
+7.319720E+9	+6.242642E-1	-6.711320E-1
+7.319735E+9	+6.255336E-1	-6.717568E-1
+7.319750E+9	+6.244790E-1	-6.708569E-1
+7.319765E+9	+6.244720E-1	-6.715035E-1
+7.319780E+9	+6.236803E-1	-6.719125E-1
+7.319795E+9	+6.224497E-1	-6.717299E-1
+7.319810E+9	+6.225461E-1	-6.718925E-1
+7.319825E+9	+6.235501E-1	-6.717420E-1
+7.319840E+9	+6.231832E-1	-6.716469E-1
+7.319855E+9	+6.209002E-1	-6.716799E-1
+7.319870E+9	+6.205569E-1	-6.727605E-1
+7.319885E+9	+6.214324E-1	-6.734569E-1
+7.319900E+9	+6.217598E-1	-6.734308E-1
+7.319915E+9	+6.212490E-1	-6.719153E-1
+7.319930E+9	+6.212210E-1	-6.712893E-1
+7.319945E+9	+6.204051E-1	-6.721061E-1
+7.319960E+9	+6.205805E-1	-6.732404E-1
+7.319975E+9	+6.210824E-1	-6.734387E-1
+7.319990E+9	+6.203677E-1	-6.733755E-1
+7.320005E+9	+6.204419E-1	-6.737117E-1
+7.320020E+9	+6.207204E-1	-6.737526E-1
+7.320035E+9	+6.204125E-1	-6.734837E-1
+7.320050E+9	+6.194097E-1	-6.745534E-1
+7.320065E+9	+6.190610E-1	-6.747169E-1
+7.320080E+9	+6.193388E-1	-6.743551E-1
+7.320095E+9	+6.185586E-1	-6.742734E-1
+7.320110E+9	+6.200779E-1	-6.738627E-1
+7.320125E+9	+6.202620E-1	-6.742839E-1
+7.320140E+9	+6.191713E-1	-6.750660E-1
+7.320155E+9	+6.187264E-1	-6.758913E-1
+7.320170E+9	+6.187655E-1	-6.755145E-1
+7.320185E+9	+6.184267E-1	-6.751736E-1
+7.320200E+9	+6.182265E-1	-6.750375E-1
+7.320215E+9	+6.178942E-1	-6.750349E-1
+7.320230E+9	+6.174145E-1	-6.751079E-1
+7.320245E+9	+6.174051E-1	-6.759687E-1
+7.320260E+9	+6.179772E-1	-6.765552E-1
+7.320275E+9	+6.185089E-1	-6.766725E-1
+7.320290E+9	+6.172792E-1	-6.757972E-1
+7.320305E+9	+6.166163E-1	-6.751691E-1
+7.320320E+9	+6.171412E-1	-6.756281E-1
+7.320335E+9	+6.178763E-1	-6.770969E-1
+7.320350E+9	+6.175993E-1	-6.778160E-1
+7.320365E+9	+6.173691E-1	-6.785037E-1
+7.320380E+9	+6.166137E-1	-6.787675E-1
+7.320395E+9	+6.157013E-1	-6.783083E-1
+7.320410E+9	+6.152009E-1	-6.780794E-1
+7.320425E+9	+6.149857E-1	-6.768832E-1
+7.320440E+9	+6.159025E-1	-6.776334E-1
+7.320455E+9	+6.162699E-1	-6.778146E-1
+7.320470E+9	+6.155234E-1	-6.782149E-1
+7.320485E+9	+6.147991E-1	-6.778074E-1
+7.320500E+9	+6.146148E-1	-6.779906E-1
+7.320515E+9	+6.143715E-1	-6.783900E-1
+7.320530E+9	+6.150403E-1	-6.793902E-1
+7.320545E+9	+6.148192E-1	-6.799502E-1
+7.320560E+9	+6.131218E-1	-6.796159E-1
+7.320575E+9	+6.136568E-1	-6.796020E-1
+7.320590E+9	+6.137897E-1	-6.805254E-1
+7.320605E+9	+6.138941E-1	-6.810822E-1
+7.320620E+9	+6.138678E-1	-6.807773E-1
+7.320635E+9	+6.124832E-1	-6.788789E-1
+7.320650E+9	+6.130389E-1	-6.791741E-1
+7.320665E+9	+6.123567E-1	-6.802313E-1
+7.320680E+9	+6.115403E-1	-6.806986E-1
+7.320695E+9	+6.116119E-1	-6.797174E-1
+7.320710E+9	+6.109879E-1	-6.798687E-1
+7.320725E+9	+6.113945E-1	-6.815163E-1
+7.320740E+9	+6.116732E-1	-6.814525E-1
+7.320755E+9	+6.115649E-1	-6.804890E-1
+7.320770E+9	+6.115143E-1	-6.818117E-1
+7.320785E+9	+6.109217E-1	-6.828087E-1
+7.320800E+9	+6.091036E-1	-6.803267E-1
+7.320815E+9	+6.087976E-1	-6.808560E-1
+7.320830E+9	+6.098787E-1	-6.808206E-1
+7.320845E+9	+6.098001E-1	-6.814624E-1
+7.320860E+9	+6.099183E-1	-6.815637E-1
+7.320875E+9	+6.107180E-1	-6.822990E-1
+7.320890E+9	+6.105364E-1	-6.832981E-1
+7.320905E+9	+6.104454E-1	-6.837934E-1
+7.320920E+9	+6.103591E-1	-6.835706E-1
+7.320935E+9	+6.098842E-1	-6.831097E-1
+7.320950E+9	+6.088953E-1	-6.832069E-1
+7.320965E+9	+6.089792E-1	-6.836164E-1
+7.320980E+9	+6.089401E-1	-6.842572E-1
+7.320995E+9	+6.086422E-1	-6.840989E-1
+7.321010E+9	+6.088773E-1	-6.837125E-1
+7.321025E+9	+6.085576E-1	-6.833420E-1
+7.321040E+9	+6.079202E-1	-6.841181E-1
+7.321055E+9	+6.068681E-1	-6.848199E-1
+7.321070E+9	+6.067229E-1	-6.848450E-1
+7.321085E+9	+6.065623E-1	-6.846536E-1
+7.321100E+9	+6.075146E-1	-6.838483E-1
+7.321115E+9	+6.064493E-1	-6.839735E-1
+7.321130E+9	+6.058703E-1	-6.847011E-1
+7.321145E+9	+6.056428E-1	-6.854173E-1
+7.321160E+9	+6.050356E-1	-6.852968E-1
+7.321175E+9	+6.064206E-1	-6.842507E-1
+7.321190E+9	+6.067151E-1	-6.847434E-1
+7.321205E+9	+6.062178E-1	-6.863954E-1
+7.321220E+9	+6.057591E-1	-6.863907E-1
+7.321235E+9	+6.044412E-1	-6.863979E-1
+7.321250E+9	+6.048546E-1	-6.866073E-1
+7.321265E+9	+6.049660E-1	-6.880141E-1
+7.321280E+9	+6.052168E-1	-6.880278E-1
+7.321295E+9	+6.039196E-1	-6.866669E-1
+7.321310E+9	+6.034907E-1	-6.862247E-1
+7.321325E+9	+6.039179E-1	-6.863138E-1
+7.321340E+9	+6.033940E-1	-6.872035E-1
+7.321355E+9	+6.029560E-1	-6.876603E-1
+7.321370E+9	+6.024229E-1	-6.879061E-1
+7.321385E+9	+6.016759E-1	-6.879445E-1
+7.321400E+9	+6.022173E-1	-6.872098E-1
+7.321415E+9	+6.024908E-1	-6.874347E-1
+7.321430E+9	+6.023483E-1	-6.883425E-1
+7.321445E+9	+6.017093E-1	-6.894054E-1
+7.321460E+9	+6.020063E-1	-6.902039E-1
+7.321475E+9	+6.031220E-1	-6.890419E-1
+7.321490E+9	+6.024510E-1	-6.881854E-1
+7.321505E+9	+6.015366E-1	-6.884273E-1
+7.321520E+9	+6.008575E-1	-6.888498E-1
+7.321535E+9	+6.005095E-1	-6.889823E-1
+7.321550E+9	+6.012311E-1	-6.887035E-1
+7.321565E+9	+6.003012E-1	-6.895196E-1
+7.321580E+9	+5.998560E-1	-6.900765E-1
+7.321595E+9	+6.000095E-1	-6.902823E-1
+7.321610E+9	+5.997636E-1	-6.904124E-1
+7.321625E+9	+5.994785E-1	-6.907272E-1
+7.321640E+9	+5.985824E-1	-6.909247E-1
+7.321655E+9	+5.982330E-1	-6.909054E-1
+7.321670E+9	+5.974931E-1	-6.910027E-1
+7.321685E+9	+5.994742E-1	-6.914379E-1
+7.321700E+9	+5.988307E-1	-6.922335E-1
+7.321715E+9	+5.983260E-1	-6.920229E-1
+7.321730E+9	+5.977391E-1	-6.919382E-1
+7.321745E+9	+5.968938E-1	-6.919512E-1
+7.321760E+9	+5.974245E-1	-6.912934E-1
+7.321775E+9	+5.989773E-1	-6.911450E-1
+7.321790E+9	+5.982442E-1	-6.914843E-1
+7.321805E+9	+5.977861E-1	-6.920571E-1
+7.321820E+9	+5.968389E-1	-6.927424E-1
+7.321835E+9	+5.965498E-1	-6.922331E-1
+7.321850E+9	+5.963281E-1	-6.914866E-1
+7.321865E+9	+5.960870E-1	-6.918152E-1
+7.321880E+9	+5.965157E-1	-6.921904E-1
+7.321895E+9	+5.971773E-1	-6.925078E-1
+7.321910E+9	+5.965736E-1	-6.927825E-1
+7.321925E+9	+5.953164E-1	-6.930398E-1
+7.321940E+9	+5.936867E-1	-6.934517E-1
+7.321955E+9	+5.935608E-1	-6.929992E-1
+7.321970E+9	+5.955932E-1	-6.933350E-1
+7.321985E+9	+5.954556E-1	-6.936012E-1
+7.322000E+9	+5.939204E-1	-6.941815E-1
+7.322015E+9	+5.941274E-1	-6.950895E-1
+7.322030E+9	+5.947667E-1	-6.951624E-1
+7.322045E+9	+5.950567E-1	-6.949532E-1
+7.322060E+9	+5.944231E-1	-6.952380E-1
+7.322075E+9	+5.938072E-1	-6.955920E-1
+7.322090E+9	+5.935981E-1	-6.957141E-1
+7.322105E+9	+5.941402E-1	-6.953938E-1
+7.322120E+9	+5.931604E-1	-6.956136E-1
+7.322135E+9	+5.926515E-1	-6.952498E-1
+7.322150E+9	+5.925866E-1	-6.946624E-1
+7.322165E+9	+5.917864E-1	-6.946116E-1
+7.322180E+9	+5.917567E-1	-6.944022E-1
+7.322195E+9	+5.928889E-1	-6.944451E-1
+7.322210E+9	+5.926865E-1	-6.954417E-1
+7.322225E+9	+5.921029E-1	-6.972548E-1
+7.322240E+9	+5.918962E-1	-6.964344E-1
+7.322255E+9	+5.920359E-1	-6.962270E-1
+7.322270E+9	+5.917324E-1	-6.967557E-1
+7.322285E+9	+5.906628E-1	-6.965963E-1
+7.322300E+9	+5.891011E-1	-6.969685E-1
+7.322315E+9	+5.890224E-1	-6.965125E-1
+7.322330E+9	+5.891493E-1	-6.969419E-1
+7.322345E+9	+5.889066E-1	-6.977990E-1
+7.322360E+9	+5.898159E-1	-6.985339E-1
+7.322375E+9	+5.894883E-1	-6.975447E-1
+7.322390E+9	+5.899325E-1	-6.977719E-1
+7.322405E+9	+5.890793E-1	-6.983332E-1
+7.322420E+9	+5.883876E-1	-6.980324E-1
+7.322435E+9	+5.884950E-1	-6.976453E-1
+7.322450E+9	+5.884670E-1	-6.978528E-1
+7.322465E+9	+5.885439E-1	-6.986920E-1
+7.322480E+9	+5.882498E-1	-6.992618E-1
+7.322495E+9	+5.872079E-1	-6.988419E-1
+7.322510E+9	+5.874308E-1	-6.992812E-1
+7.322525E+9	+5.895454E-1	-6.998732E-1
+7.322540E+9	+5.882372E-1	-7.000622E-1
+7.322555E+9	+5.875377E-1	-6.993553E-1
+7.322570E+9	+5.882486E-1	-6.995474E-1
+7.322585E+9	+5.878639E-1	-6.996541E-1
+7.322600E+9	+5.874914E-1	-6.998254E-1
+7.322615E+9	+5.875976E-1	-7.005238E-1
+7.322630E+9	+5.865958E-1	-6.997852E-1
+7.322645E+9	+5.858118E-1	-7.000811E-1
+7.322660E+9	+5.851963E-1	-7.000153E-1
+7.322675E+9	+5.854590E-1	-6.988414E-1
+7.322690E+9	+5.851314E-1	-6.997849E-1
+7.322705E+9	+5.847294E-1	-7.005647E-1
+7.322720E+9	+5.844968E-1	-7.011565E-1
+7.322735E+9	+5.850488E-1	-7.012604E-1
+7.322750E+9	+5.852404E-1	-7.020768E-1
+7.322765E+9	+5.847018E-1	-7.022225E-1
+7.322780E+9	+5.845344E-1	-7.025225E-1
+7.322795E+9	+5.844522E-1	-7.028742E-1
+7.322810E+9	+5.839244E-1	-7.026269E-1
+7.322825E+9	+5.830641E-1	-7.022818E-1
+7.322840E+9	+5.826213E-1	-7.016758E-1
+7.322855E+9	+5.822769E-1	-7.014642E-1
+7.322870E+9	+5.822118E-1	-7.023438E-1
+7.322885E+9	+5.825994E-1	-7.029765E-1
+7.322900E+9	+5.828600E-1	-7.036521E-1
+7.322915E+9	+5.831970E-1	-7.039487E-1
+7.322930E+9	+5.830055E-1	-7.041676E-1
+7.322945E+9	+5.817037E-1	-7.037055E-1
+7.322960E+9	+5.806725E-1	-7.035419E-1
+7.322975E+9	+5.809404E-1	-7.041305E-1
+7.322990E+9	+5.806531E-1	-7.043278E-1
+7.323005E+9	+5.803205E-1	-7.045976E-1
+7.323020E+9	+5.798698E-1	-7.049439E-1
+7.323035E+9	+5.808859E-1	-7.053460E-1
+7.323050E+9	+5.807659E-1	-7.048153E-1
+7.323065E+9	+5.802965E-1	-7.051203E-1
+7.323080E+9	+5.796480E-1	-7.054462E-1
+7.323095E+9	+5.788140E-1	-7.058832E-1
+7.323110E+9	+5.779083E-1	-7.058547E-1
+7.323125E+9	+5.786686E-1	-7.070649E-1
+7.323140E+9	+5.783474E-1	-7.065330E-1
+7.323155E+9	+5.773778E-1	-7.035846E-1
+7.323170E+9	+5.769457E-1	-7.036018E-1
+7.323185E+9	+5.766403E-1	-7.054896E-1
+7.323200E+9	+5.770681E-1	-7.052479E-1
+7.323215E+9	+5.771278E-1	-7.051274E-1
+7.323230E+9	+5.772523E-1	-7.054470E-1
+7.323245E+9	+5.771795E-1	-7.059696E-1
+7.323260E+9	+5.768202E-1	-7.066373E-1
+7.323275E+9	+5.763569E-1	-7.073039E-1
+7.323290E+9	+5.771222E-1	-7.070267E-1
+7.323305E+9	+5.778119E-1	-7.061678E-1
+7.323320E+9	+5.773417E-1	-7.070999E-1
+7.323335E+9	+5.768951E-1	-7.075431E-1
+7.323350E+9	+5.759595E-1	-7.071287E-1
+7.323365E+9	+5.757038E-1	-7.079834E-1
+7.323380E+9	+5.749766E-1	-7.078791E-1
+7.323395E+9	+5.735462E-1	-7.088651E-1
+7.323410E+9	+5.737420E-1	-7.080896E-1
+7.323425E+9	+5.754279E-1	-7.080410E-1
+7.323440E+9	+5.764642E-1	-7.079690E-1
+7.323455E+9	+5.762948E-1	-7.091856E-1
+7.323470E+9	+5.748775E-1	-7.107826E-1
+7.323485E+9	+5.731578E-1	-7.108217E-1
+7.323500E+9	+5.724887E-1	-7.088638E-1
+7.323515E+9	+5.725739E-1	-7.092651E-1
+7.323530E+9	+5.732962E-1	-7.092328E-1
+7.323545E+9	+5.732335E-1	-7.101400E-1
+7.323560E+9	+5.738636E-1	-7.104058E-1
+7.323575E+9	+5.744962E-1	-7.094222E-1
+7.323590E+9	+5.726855E-1	-7.091324E-1
+7.323605E+9	+5.718501E-1	-7.090357E-1
+7.323620E+9	+5.714837E-1	-7.092521E-1
+7.323635E+9	+5.720058E-1	-7.096577E-1
+7.323650E+9	+5.708307E-1	-7.099449E-1
+7.323665E+9	+5.702999E-1	-7.101184E-1
+7.323680E+9	+5.697680E-1	-7.102978E-1
+7.323695E+9	+5.696586E-1	-7.106506E-1
+7.323710E+9	+5.705077E-1	-7.115713E-1
+7.323725E+9	+5.691921E-1	-7.116263E-1
+7.323740E+9	+5.687459E-1	-7.110669E-1
+7.323755E+9	+5.691036E-1	-7.111467E-1
+7.323770E+9	+5.693655E-1	-7.118342E-1
+7.323785E+9	+5.688887E-1	-7.119760E-1
+7.323800E+9	+5.684475E-1	-7.114049E-1
+7.323815E+9	+5.691977E-1	-7.122783E-1
+7.323830E+9	+5.694849E-1	-7.125846E-1
+7.323845E+9	+5.686654E-1	-7.127656E-1
+7.323860E+9	+5.679030E-1	-7.123760E-1
+7.323875E+9	+5.670952E-1	-7.124795E-1
+7.323890E+9	+5.673897E-1	-7.129433E-1
+7.323905E+9	+5.678071E-1	-7.127478E-1
+7.323920E+9	+5.676677E-1	-7.123766E-1
+7.323935E+9	+5.669974E-1	-7.121034E-1
+7.323950E+9	+5.661117E-1	-7.122424E-1
+7.323965E+9	+5.663503E-1	-7.124277E-1
+7.323980E+9	+5.665810E-1	-7.125691E-1
+7.323995E+9	+5.669223E-1	-7.136231E-1
+7.324010E+9	+5.671049E-1	-7.144766E-1
+7.324025E+9	+5.650914E-1	-7.136742E-1
+7.324040E+9	+5.649934E-1	-7.139913E-1
+7.324055E+9	+5.661406E-1	-7.141678E-1
+7.324070E+9	+5.650926E-1	-7.141068E-1
+7.324085E+9	+5.651355E-1	-7.148838E-1
+7.324100E+9	+5.655266E-1	-7.149694E-1
+7.324115E+9	+5.646005E-1	-7.155036E-1
+7.324130E+9	+5.637348E-1	-7.152265E-1
+7.324145E+9	+5.633246E-1	-7.148183E-1
+7.324160E+9	+5.645117E-1	-7.152971E-1
+7.324175E+9	+5.641248E-1	-7.150590E-1
+7.324190E+9	+5.632125E-1	-7.152952E-1
+7.324205E+9	+5.622384E-1	-7.154163E-1
+7.324220E+9	+5.621234E-1	-7.158190E-1
+7.324235E+9	+5.618898E-1	-7.165383E-1
+7.324250E+9	+5.612227E-1	-7.171900E-1
+7.324265E+9	+5.606667E-1	-7.167149E-1
+7.324280E+9	+5.612206E-1	-7.167901E-1
+7.324295E+9	+5.600404E-1	-7.173556E-1
+7.324310E+9	+5.601976E-1	-7.175207E-1
+7.324325E+9	+5.609320E-1	-7.171368E-1
+7.324340E+9	+5.606193E-1	-7.176022E-1
+7.324355E+9	+5.601858E-1	-7.178025E-1
+7.324370E+9	+5.599238E-1	-7.173740E-1
+7.324385E+9	+5.585984E-1	-7.170754E-1
+7.324400E+9	+5.590716E-1	-7.181419E-1
+7.324415E+9	+5.587954E-1	-7.178405E-1
+7.324430E+9	+5.589646E-1	-7.181165E-1
+7.324445E+9	+5.595386E-1	-7.184164E-1
+7.324460E+9	+5.591818E-1	-7.183648E-1
+7.324475E+9	+5.581361E-1	-7.178868E-1
+7.324490E+9	+5.573761E-1	-7.175499E-1
+7.324505E+9	+5.569990E-1	-7.177090E-1
+7.324520E+9	+5.569119E-1	-7.188235E-1
+7.324535E+9	+5.579623E-1	-7.198325E-1
+7.324550E+9	+5.584658E-1	-7.183796E-1
+7.324565E+9	+5.582019E-1	-7.185160E-1
+7.324580E+9	+5.567981E-1	-7.188817E-1
+7.324595E+9	+5.566791E-1	-7.189960E-1
+7.324610E+9	+5.569193E-1	-7.203251E-1
+7.324625E+9	+5.567621E-1	-7.201432E-1
+7.324640E+9	+5.566893E-1	-7.203142E-1
+7.324655E+9	+5.567691E-1	-7.206792E-1
+7.324670E+9	+5.560363E-1	-7.205826E-1
+7.324685E+9	+5.557794E-1	-7.208470E-1
+7.324700E+9	+5.552457E-1	-7.199419E-1
+7.324715E+9	+5.550477E-1	-7.200375E-1
+7.324730E+9	+5.551770E-1	-7.207161E-1
+7.324745E+9	+5.552272E-1	-7.209062E-1
+7.324760E+9	+5.544718E-1	-7.211585E-1
+7.324775E+9	+5.532892E-1	-7.216041E-1
+7.324790E+9	+5.536421E-1	-7.206084E-1
+7.324805E+9	+5.539669E-1	-7.207774E-1
+7.324820E+9	+5.533158E-1	-7.218997E-1
+7.324835E+9	+5.527555E-1	-7.223539E-1
+7.324850E+9	+5.539398E-1	-7.218617E-1
+7.324865E+9	+5.536206E-1	-7.218791E-1
+7.324880E+9	+5.518245E-1	-7.220822E-1
+7.324895E+9	+5.517086E-1	-7.228010E-1
+7.324910E+9	+5.515805E-1	-7.229537E-1
+7.324925E+9	+5.529938E-1	-7.226096E-1
+7.324940E+9	+5.525870E-1	-7.226710E-1
+7.324955E+9	+5.511355E-1	-7.237036E-1
+7.324970E+9	+5.506481E-1	-7.233205E-1
+7.324985E+9	+5.511116E-1	-7.237705E-1
+7.325000E+9	+5.512236E-1	-7.248446E-1
+7.325015E+9	+5.503794E-1	-7.247764E-1
+7.325030E+9	+5.503524E-1	-7.243534E-1
+7.325045E+9	+5.506806E-1	-7.242537E-1
+7.325060E+9	+5.500015E-1	-7.241218E-1
+7.325075E+9	+5.493896E-1	-7.245016E-1
+7.325090E+9	+5.489402E-1	-7.246169E-1
+7.325105E+9	+5.499160E-1	-7.254347E-1
+7.325120E+9	+5.486817E-1	-7.249523E-1
+7.325135E+9	+5.480730E-1	-7.252033E-1
+7.325150E+9	+5.484900E-1	-7.259423E-1
+7.325165E+9	+5.483201E-1	-7.259734E-1
+7.325180E+9	+5.475077E-1	-7.257659E-1
+7.325195E+9	+5.472982E-1	-7.257515E-1
+7.325210E+9	+5.474391E-1	-7.260078E-1
+7.325225E+9	+5.474571E-1	-7.257655E-1
+7.325240E+9	+5.472120E-1	-7.255990E-1
+7.325255E+9	+5.468854E-1	-7.259329E-1
+7.325270E+9	+5.461417E-1	-7.263130E-1
+7.325285E+9	+5.458023E-1	-7.266551E-1
+7.325300E+9	+5.458767E-1	-7.263654E-1
+7.325315E+9	+5.456222E-1	-7.269504E-1
+7.325330E+9	+5.455556E-1	-7.271469E-1
+7.325345E+9	+5.458118E-1	-7.268851E-1
+7.325360E+9	+5.462665E-1	-7.273109E-1
+7.325375E+9	+5.451780E-1	-7.278914E-1
+7.325390E+9	+5.446529E-1	-7.275983E-1
+7.325405E+9	+5.441544E-1	-7.273727E-1
+7.325420E+9	+5.438086E-1	-7.273960E-1
+7.325435E+9	+5.435598E-1	-7.277208E-1
+7.325450E+9	+5.426029E-1	-7.287609E-1
+7.325465E+9	+5.429416E-1	-7.282517E-1
+7.325480E+9	+5.431180E-1	-7.282658E-1
+7.325495E+9	+5.427050E-1	-7.285621E-1
+7.325510E+9	+5.428985E-1	-7.292983E-1
+7.325525E+9	+5.427502E-1	-7.288287E-1
+7.325540E+9	+5.420118E-1	-7.291330E-1
+7.325555E+9	+5.416561E-1	-7.292023E-1
+7.325570E+9	+5.415683E-1	-7.288289E-1
+7.325585E+9	+5.414484E-1	-7.288783E-1
+7.325600E+9	+5.410638E-1	-7.289686E-1
+7.325615E+9	+5.405089E-1	-7.294152E-1
+7.325630E+9	+5.404505E-1	-7.295786E-1
+7.325645E+9	+5.413033E-1	-7.297668E-1
+7.325660E+9	+5.409020E-1	-7.298223E-1
+7.325675E+9	+5.382171E-1	-7.308287E-1
+7.325690E+9	+5.383675E-1	-7.310738E-1
+7.325705E+9	+5.388065E-1	-7.302317E-1
+7.325720E+9	+5.381393E-1	-7.305625E-1
+7.325735E+9	+5.381457E-1	-7.304116E-1
+7.325750E+9	+5.384401E-1	-7.304968E-1
+7.325765E+9	+5.381874E-1	-7.311710E-1
+7.325780E+9	+5.386753E-1	-7.314291E-1
+7.325795E+9	+5.376742E-1	-7.315198E-1
+7.325810E+9	+5.371764E-1	-7.318823E-1
+7.325825E+9	+5.369267E-1	-7.329527E-1
+7.325840E+9	+5.363068E-1	-7.327072E-1
+7.325855E+9	+5.361857E-1	-7.323329E-1
+7.325870E+9	+5.366320E-1	-7.317454E-1
+7.325885E+9	+5.364744E-1	-7.320567E-1
+7.325900E+9	+5.362168E-1	-7.326492E-1
+7.325915E+9	+5.366568E-1	-7.328679E-1
+7.325930E+9	+5.359030E-1	-7.332016E-1
+7.325945E+9	+5.339346E-1	-7.339237E-1
+7.325960E+9	+5.337562E-1	-7.342905E-1
+7.325975E+9	+5.352721E-1	-7.329845E-1
+7.325990E+9	+5.352192E-1	-7.338221E-1
+7.326005E+9	+5.345502E-1	-7.344917E-1
+7.326020E+9	+5.340681E-1	-7.339779E-1
+7.326035E+9	+5.343231E-1	-7.341118E-1
+7.326050E+9	+5.346358E-1	-7.341935E-1
+7.326065E+9	+5.337392E-1	-7.347590E-1
+7.326080E+9	+5.329461E-1	-7.349237E-1
+7.326095E+9	+5.323684E-1	-7.351749E-1
+7.326110E+9	+5.320433E-1	-7.350452E-1
+7.326125E+9	+5.321020E-1	-7.350176E-1
+7.326140E+9	+5.315238E-1	-7.353599E-1
+7.326155E+9	+5.320540E-1	-7.355795E-1
+7.326170E+9	+5.309102E-1	-7.356032E-1
+7.326185E+9	+5.311640E-1	-7.354592E-1
+7.326200E+9	+5.317746E-1	-7.348964E-1
+7.326215E+9	+5.313432E-1	-7.345990E-1
+7.326230E+9	+5.308944E-1	-7.344680E-1
+7.326245E+9	+5.306280E-1	-7.345616E-1
+7.326260E+9	+5.303029E-1	-7.364624E-1
+7.326275E+9	+5.308479E-1	-7.362718E-1
+7.326290E+9	+5.300607E-1	-7.367920E-1
+7.326305E+9	+5.299794E-1	-7.360662E-1
+7.326320E+9	+5.301302E-1	-7.359685E-1
+7.326335E+9	+5.292901E-1	-7.356146E-1
+7.326350E+9	+5.277365E-1	-7.355936E-1
+7.326365E+9	+5.278598E-1	-7.360631E-1
+7.326380E+9	+5.291736E-1	-7.371643E-1
+7.326395E+9	+5.278089E-1	-7.376901E-1
+7.326410E+9	+5.272386E-1	-7.384625E-1
+7.326425E+9	+5.282155E-1	-7.385710E-1
+7.326440E+9	+5.272151E-1	-7.383446E-1
+7.326455E+9	+5.266390E-1	-7.379562E-1
+7.326470E+9	+5.269227E-1	-7.380779E-1
+7.326485E+9	+5.265836E-1	-7.384426E-1
+7.326500E+9	+5.270599E-1	-7.388586E-1
+7.326515E+9	+5.262361E-1	-7.385957E-1
+7.326530E+9	+5.257640E-1	-7.386724E-1
+7.326545E+9	+5.256821E-1	-7.394891E-1
+7.326560E+9	+5.258321E-1	-7.398766E-1
+7.326575E+9	+5.253471E-1	-7.398723E-1
+7.326590E+9	+5.249721E-1	-7.393653E-1
+7.326605E+9	+5.242993E-1	-7.384561E-1
+7.326620E+9	+5.237933E-1	-7.391426E-1
+7.326635E+9	+5.233026E-1	-7.394172E-1
+7.326650E+9	+5.247824E-1	-7.395262E-1
+7.326665E+9	+5.240191E-1	-7.394429E-1
+7.326680E+9	+5.236523E-1	-7.392773E-1
+7.326695E+9	+5.235924E-1	-7.400444E-1
+7.326710E+9	+5.233307E-1	-7.405917E-1
+7.326725E+9	+5.220152E-1	-7.407740E-1
+7.326740E+9	+5.224597E-1	-7.406151E-1
+7.326755E+9	+5.222960E-1	-7.409843E-1
+7.326770E+9	+5.216366E-1	-7.421359E-1
+7.326785E+9	+5.207527E-1	-7.419972E-1
+7.326800E+9	+5.209226E-1	-7.409595E-1
+7.326815E+9	+5.203146E-1	-7.410353E-1
+7.326830E+9	+5.197965E-1	-7.410327E-1
+7.326845E+9	+5.194290E-1	-7.409814E-1
+7.326860E+9	+5.193165E-1	-7.409133E-1
+7.326875E+9	+5.194402E-1	-7.406552E-1
+7.326890E+9	+5.183033E-1	-7.408189E-1
+7.326905E+9	+5.177276E-1	-7.412970E-1
+7.326920E+9	+5.176888E-1	-7.415337E-1
+7.326935E+9	+5.180075E-1	-7.426474E-1
+7.326950E+9	+5.182091E-1	-7.441935E-1
+7.326965E+9	+5.174558E-1	-7.433260E-1
+7.326980E+9	+5.177638E-1	-7.429977E-1
+7.326995E+9	+5.186709E-1	-7.436205E-1
+7.327010E+9	+5.182675E-1	-7.437547E-1
+7.327025E+9	+5.175487E-1	-7.434351E-1
+7.327040E+9	+5.166159E-1	-7.434901E-1
+7.327055E+9	+5.157432E-1	-7.430825E-1
+7.327070E+9	+5.153075E-1	-7.424367E-1
+7.327085E+9	+5.153686E-1	-7.428383E-1
+7.327100E+9	+5.163177E-1	-7.450023E-1
+7.327115E+9	+5.159497E-1	-7.443935E-1
+7.327130E+9	+5.154129E-1	-7.443142E-1
+7.327145E+9	+5.139284E-1	-7.447885E-1
+7.327160E+9	+5.143705E-1	-7.445728E-1
+7.327175E+9	+5.146417E-1	-7.446953E-1
+7.327190E+9	+5.139525E-1	-7.450732E-1
+7.327205E+9	+5.131176E-1	-7.450664E-1
+7.327220E+9	+5.123863E-1	-7.446825E-1
+7.327235E+9	+5.123192E-1	-7.447762E-1
+7.327250E+9	+5.135370E-1	-7.450694E-1
+7.327265E+9	+5.129277E-1	-7.450864E-1
+7.327280E+9	+5.122196E-1	-7.455851E-1
+7.327295E+9	+5.115402E-1	-7.464092E-1
+7.327310E+9	+5.111485E-1	-7.465093E-1
+7.327325E+9	+5.111533E-1	-7.463618E-1
+7.327340E+9	+5.111442E-1	-7.473914E-1
+7.327355E+9	+5.120641E-1	-7.470959E-1
+7.327370E+9	+5.108370E-1	-7.469473E-1
+7.327385E+9	+5.107589E-1	-7.465640E-1
+7.327400E+9	+5.115162E-1	-7.464691E-1
+7.327415E+9	+5.108411E-1	-7.459967E-1
+7.327430E+9	+5.104053E-1	-7.462365E-1
+7.327445E+9	+5.096914E-1	-7.471464E-1
+7.327460E+9	+5.092438E-1	-7.480853E-1
+7.327475E+9	+5.091414E-1	-7.486475E-1
+7.327490E+9	+5.086997E-1	-7.483572E-1
+7.327505E+9	+5.085819E-1	-7.475984E-1
+7.327520E+9	+5.088470E-1	-7.464862E-1
+7.327535E+9	+5.082522E-1	-7.467353E-1
+7.327550E+9	+5.077469E-1	-7.478045E-1
+7.327565E+9	+5.077569E-1	-7.481079E-1
+7.327580E+9	+5.071803E-1	-7.478595E-1
+7.327595E+9	+5.063257E-1	-7.470903E-1
+7.327610E+9	+5.059508E-1	-7.475344E-1
+7.327625E+9	+5.072413E-1	-7.490651E-1
+7.327640E+9	+5.062510E-1	-7.491601E-1
+7.327655E+9	+5.051886E-1	-7.491048E-1
+7.327670E+9	+5.049367E-1	-7.492766E-1
+7.327685E+9	+5.050201E-1	-7.486932E-1
+7.327700E+9	+5.046595E-1	-7.491709E-1
+7.327715E+9	+5.045460E-1	-7.494316E-1
+7.327730E+9	+5.045861E-1	-7.494613E-1
+7.327745E+9	+5.047763E-1	-7.495419E-1
+7.327760E+9	+5.045658E-1	-7.501636E-1
+7.327775E+9	+5.026482E-1	-7.512337E-1
+7.327790E+9	+5.022385E-1	-7.515551E-1
+7.327805E+9	+5.030095E-1	-7.500737E-1
+7.327820E+9	+5.029838E-1	-7.501812E-1
+7.327835E+9	+5.028058E-1	-7.504574E-1
+7.327850E+9	+5.025752E-1	-7.513696E-1
+7.327865E+9	+5.022514E-1	-7.516508E-1
+7.327880E+9	+5.018705E-1	-7.515409E-1
+7.327895E+9	+5.012160E-1	-7.510341E-1
+7.327910E+9	+5.007091E-1	-7.510368E-1
+7.327925E+9	+4.999636E-1	-7.511409E-1
+7.327940E+9	+4.995338E-1	-7.516817E-1
+7.327955E+9	+4.995101E-1	-7.519371E-1
+7.327970E+9	+4.995142E-1	-7.512579E-1
+7.327985E+9	+4.999481E-1	-7.510982E-1
+7.328000E+9	+5.008920E-1	-7.524685E-1
+7.328015E+9	+5.000249E-1	-7.522514E-1
+7.328030E+9	+4.983482E-1	-7.531578E-1
+7.328045E+9	+4.987347E-1	-7.532969E-1
+7.328060E+9	+4.984638E-1	-7.524942E-1
+7.328075E+9	+4.983890E-1	-7.531364E-1
+7.328090E+9	+4.979346E-1	-7.531781E-1
+7.328105E+9	+4.973830E-1	-7.530829E-1
+7.328120E+9	+4.968277E-1	-7.532359E-1
+7.328135E+9	+4.965097E-1	-7.534856E-1
+7.328150E+9	+4.966604E-1	-7.540133E-1
+7.328165E+9	+4.961519E-1	-7.540201E-1
+7.328180E+9	+4.965498E-1	-7.541941E-1
+7.328195E+9	+4.958674E-1	-7.546928E-1
+7.328210E+9	+4.956127E-1	-7.551057E-1
+7.328225E+9	+4.950682E-1	-7.555785E-1
+7.328240E+9	+4.944449E-1	-7.544458E-1
+7.328255E+9	+4.937620E-1	-7.541479E-1
+7.328270E+9	+4.936937E-1	-7.547603E-1
+7.328285E+9	+4.929723E-1	-7.552117E-1
+7.328300E+9	+4.930070E-1	-7.552275E-1
+7.328315E+9	+4.936518E-1	-7.554018E-1
+7.328330E+9	+4.932951E-1	-7.552604E-1
+7.328345E+9	+4.923792E-1	-7.559480E-1
+7.328360E+9	+4.927018E-1	-7.557993E-1
+7.328375E+9	+4.930417E-1	-7.562094E-1
+7.328390E+9	+4.925709E-1	-7.558423E-1
+7.328405E+9	+4.922459E-1	-7.543267E-1
+7.328420E+9	+4.925197E-1	-7.550719E-1
+7.328435E+9	+4.918806E-1	-7.558215E-1
+7.328450E+9	+4.902174E-1	-7.559684E-1
+7.328465E+9	+4.903801E-1	-7.566925E-1
+7.328480E+9	+4.902797E-1	-7.571389E-1
+7.328495E+9	+4.895113E-1	-7.574878E-1
+7.328510E+9	+4.889267E-1	-7.560665E-1
+7.328525E+9	+4.883235E-1	-7.564081E-1
+7.328540E+9	+4.881043E-1	-7.566810E-1
+7.328555E+9	+4.891875E-1	-7.571350E-1
+7.328570E+9	+4.879495E-1	-7.576584E-1
+7.328585E+9	+4.876875E-1	-7.585587E-1
+7.328600E+9	+4.884802E-1	-7.588118E-1
+7.328615E+9	+4.885529E-1	-7.584742E-1
+7.328630E+9	+4.882323E-1	-7.584554E-1
+7.328645E+9	+4.874400E-1	-7.587644E-1
+7.328660E+9	+4.862697E-1	-7.588569E-1
+7.328675E+9	+4.858751E-1	-7.576551E-1
+7.328690E+9	+4.862406E-1	-7.588791E-1
+7.328705E+9	+4.864429E-1	-7.588480E-1
+7.328720E+9	+4.864810E-1	-7.582111E-1
+7.328735E+9	+4.864658E-1	-7.592254E-1
+7.328750E+9	+4.856985E-1	-7.601007E-1
+7.328765E+9	+4.844691E-1	-7.600044E-1
+7.328780E+9	+4.842365E-1	-7.594873E-1
+7.328795E+9	+4.846135E-1	-7.597986E-1
+7.328810E+9	+4.837611E-1	-7.602527E-1
+7.328825E+9	+4.832616E-1	-7.600966E-1
+7.328840E+9	+4.827686E-1	-7.615855E-1
+7.328855E+9	+4.844459E-1	-7.621454E-1
+7.328870E+9	+4.843010E-1	-7.622225E-1
+7.328885E+9	+4.823567E-1	-7.593692E-1
+7.328900E+9	+4.816198E-1	-7.601716E-1
+7.328915E+9	+4.813734E-1	-7.610791E-1
+7.328930E+9	+4.831334E-1	-7.614014E-1
+7.328945E+9	+4.820339E-1	-7.611090E-1
+7.328960E+9	+4.806530E-1	-7.619334E-1
+7.328975E+9	+4.809103E-1	-7.620334E-1
+7.328990E+9	+4.800205E-1	-7.624752E-1
+7.329005E+9	+4.801310E-1	-7.607461E-1
+7.329020E+9	+4.792577E-1	-7.619042E-1
+7.329035E+9	+4.785803E-1	-7.624221E-1
+7.329050E+9	+4.785746E-1	-7.623391E-1
+7.329065E+9	+4.788283E-1	-7.626086E-1
+7.329080E+9	+4.789461E-1	-7.627380E-1
+7.329095E+9	+4.787883E-1	-7.631082E-1
+7.329110E+9	+4.782922E-1	-7.635278E-1
+7.329125E+9	+4.773881E-1	-7.632201E-1
+7.329140E+9	+4.772092E-1	-7.627080E-1
+7.329155E+9	+4.775231E-1	-7.634235E-1
+7.329170E+9	+4.767170E-1	-7.642051E-1
+7.329185E+9	+4.763127E-1	-7.645182E-1
+7.329200E+9	+4.761790E-1	-7.645153E-1
+7.329215E+9	+4.757362E-1	-7.636975E-1
+7.329230E+9	+4.759555E-1	-7.632161E-1
+7.329245E+9	+4.764542E-1	-7.629009E-1
+7.329260E+9	+4.759851E-1	-7.624675E-1
+7.329275E+9	+4.745957E-1	-7.638447E-1
+7.329290E+9	+4.743883E-1	-7.642505E-1
+7.329305E+9	+4.744471E-1	-7.643733E-1
+7.329320E+9	+4.742258E-1	-7.638607E-1
+7.329335E+9	+4.740521E-1	-7.637685E-1
+7.329350E+9	+4.733597E-1	-7.645262E-1
+7.329365E+9	+4.730900E-1	-7.644185E-1
+7.329380E+9	+4.733693E-1	-7.645464E-1
+7.329395E+9	+4.728813E-1	-7.657112E-1
+7.329410E+9	+4.726941E-1	-7.659716E-1
+7.329425E+9	+4.726110E-1	-7.657840E-1
+7.329440E+9	+4.717483E-1	-7.660319E-1
+7.329455E+9	+4.706818E-1	-7.652956E-1
+7.329470E+9	+4.706987E-1	-7.658842E-1
+7.329485E+9	+4.697340E-1	-7.661612E-1
+7.329500E+9	+4.696997E-1	-7.654036E-1
+7.329515E+9	+4.692732E-1	-7.661873E-1
+7.329530E+9	+4.694488E-1	-7.674557E-1
+7.329545E+9	+4.690055E-1	-7.676381E-1
+7.329560E+9	+4.695319E-1	-7.667236E-1
+7.329575E+9	+4.687914E-1	-7.668324E-1
+7.329590E+9	+4.687050E-1	-7.665642E-1
+7.329605E+9	+4.687731E-1	-7.665129E-1
+7.329620E+9	+4.687513E-1	-7.665595E-1
+7.329635E+9	+4.686878E-1	-7.667101E-1
+7.329650E+9	+4.673720E-1	-7.677945E-1
+7.329665E+9	+4.662800E-1	-7.676169E-1
+7.329680E+9	+4.663320E-1	-7.669345E-1
+7.329695E+9	+4.662954E-1	-7.673025E-1
+7.329710E+9	+4.659324E-1	-7.682550E-1
+7.329725E+9	+4.654815E-1	-7.686195E-1
+7.329740E+9	+4.654204E-1	-7.682906E-1
+7.329755E+9	+4.660850E-1	-7.690854E-1
+7.329770E+9	+4.653855E-1	-7.686801E-1
+7.329785E+9	+4.646729E-1	-7.686617E-1
+7.329800E+9	+4.641356E-1	-7.684320E-1
+7.329815E+9	+4.638961E-1	-7.683065E-1
+7.329830E+9	+4.639649E-1	-7.686387E-1
+7.329845E+9	+4.636457E-1	-7.691532E-1
+7.329860E+9	+4.628086E-1	-7.688765E-1
+7.329875E+9	+4.615560E-1	-7.696392E-1
+7.329890E+9	+4.620862E-1	-7.701437E-1
+7.329905E+9	+4.627280E-1	-7.702680E-1
+7.329920E+9	+4.627144E-1	-7.700054E-1
+7.329935E+9	+4.605307E-1	-7.695846E-1
+7.329950E+9	+4.611719E-1	-7.693465E-1
+7.329965E+9	+4.606451E-1	-7.696538E-1
+7.329980E+9	+4.601870E-1	-7.699806E-1
+7.329995E+9	+4.594439E-1	-7.703427E-1
+7.330010E+9	+4.592296E-1	-7.699909E-1
+7.330025E+9	+4.582375E-1	-7.701976E-1
+7.330040E+9	+4.592148E-1	-7.709716E-1
+7.330055E+9	+4.601631E-1	-7.710298E-1
+7.330070E+9	+4.597020E-1	-7.711598E-1
+7.330085E+9	+4.579789E-1	-7.711412E-1
+7.330100E+9	+4.580586E-1	-7.713344E-1
+7.330115E+9	+4.577243E-1	-7.719682E-1
+7.330130E+9	+4.569376E-1	-7.714959E-1
+7.330145E+9	+4.560359E-1	-7.717700E-1
+7.330160E+9	+4.560792E-1	-7.714059E-1
+7.330175E+9	+4.570700E-1	-7.709530E-1
+7.330190E+9	+4.569097E-1	-7.717902E-1
+7.330205E+9	+4.562262E-1	-7.724257E-1
+7.330220E+9	+4.557110E-1	-7.716540E-1
+7.330235E+9	+4.548769E-1	-7.718681E-1
+7.330250E+9	+4.539185E-1	-7.725410E-1
+7.330265E+9	+4.538738E-1	-7.727172E-1
+7.330280E+9	+4.530587E-1	-7.732472E-1
+7.330295E+9	+4.518678E-1	-7.736588E-1
+7.330310E+9	+4.527539E-1	-7.743673E-1
+7.330325E+9	+4.540904E-1	-7.721245E-1
+7.330340E+9	+4.532742E-1	-7.729905E-1
+7.330355E+9	+4.528293E-1	-7.738733E-1
+7.330370E+9	+4.526344E-1	-7.737148E-1
+7.330385E+9	+4.519987E-1	-7.734677E-1
+7.330400E+9	+4.504790E-1	-7.736849E-1
+7.330415E+9	+4.505412E-1	-7.746422E-1
+7.330430E+9	+4.506126E-1	-7.749476E-1
+7.330445E+9	+4.491323E-1	-7.751709E-1
+7.330460E+9	+4.491697E-1	-7.750022E-1
+7.330475E+9	+4.505190E-1	-7.754641E-1
+7.330490E+9	+4.503678E-1	-7.757769E-1
+7.330505E+9	+4.500534E-1	-7.753376E-1
+7.330520E+9	+4.495534E-1	-7.755640E-1
+7.330535E+9	+4.485600E-1	-7.758033E-1
+7.330550E+9	+4.483125E-1	-7.752507E-1
+7.330565E+9	+4.475275E-1	-7.751416E-1
+7.330580E+9	+4.467989E-1	-7.751697E-1
+7.330595E+9	+4.466882E-1	-7.758143E-1
+7.330610E+9	+4.465607E-1	-7.762033E-1
+7.330625E+9	+4.465812E-1	-7.765323E-1
+7.330640E+9	+4.462980E-1	-7.764019E-1
+7.330655E+9	+4.462041E-1	-7.769306E-1
+7.330670E+9	+4.451254E-1	-7.774474E-1
+7.330685E+9	+4.446233E-1	-7.770305E-1
+7.330700E+9	+4.455914E-1	-7.764289E-1
+7.330715E+9	+4.447493E-1	-7.766566E-1
+7.330730E+9	+4.444799E-1	-7.786474E-1
+7.330745E+9	+4.435984E-1	-7.781041E-1
+7.330760E+9	+4.433054E-1	-7.773971E-1
+7.330775E+9	+4.433154E-1	-7.767562E-1
+7.330790E+9	+4.430445E-1	-7.767284E-1
+7.330805E+9	+4.425806E-1	-7.770519E-1
+7.330820E+9	+4.414928E-1	-7.777950E-1
+7.330835E+9	+4.417777E-1	-7.777033E-1
+7.330850E+9	+4.425166E-1	-7.770008E-1
+7.330865E+9	+4.410280E-1	-7.773665E-1
+7.330880E+9	+4.399711E-1	-7.781374E-1
+7.330895E+9	+4.400066E-1	-7.786017E-1
+7.330910E+9	+4.401677E-1	-7.783501E-1
+7.330925E+9	+4.396220E-1	-7.772189E-1
+7.330940E+9	+4.385787E-1	-7.780021E-1
+7.330955E+9	+4.383355E-1	-7.800006E-1
+7.330970E+9	+4.383584E-1	-7.807104E-1
+7.330985E+9	+4.392766E-1	-7.799749E-1
+7.331000E+9	+4.388938E-1	-7.789427E-1
+7.331015E+9	+4.380692E-1	-7.792940E-1
+7.331030E+9	+4.375149E-1	-7.798044E-1
+7.331045E+9	+4.371373E-1	-7.798067E-1
+7.331060E+9	+4.365490E-1	-7.797196E-1
+7.331075E+9	+4.363375E-1	-7.796737E-1
+7.331090E+9	+4.361003E-1	-7.802858E-1
+7.331105E+9	+4.361999E-1	-7.806631E-1
+7.331120E+9	+4.360779E-1	-7.801473E-1
+7.331135E+9	+4.352913E-1	-7.800373E-1
+7.331150E+9	+4.344944E-1	-7.797767E-1
+7.331165E+9	+4.347070E-1	-7.795261E-1
+7.331180E+9	+4.354727E-1	-7.800148E-1
+7.331195E+9	+4.347448E-1	-7.798376E-1
+7.331210E+9	+4.326568E-1	-7.804050E-1
+7.331225E+9	+4.320326E-1	-7.814519E-1
+7.331240E+9	+4.320210E-1	-7.811647E-1
+7.331255E+9	+4.319642E-1	-7.813884E-1
+7.331270E+9	+4.313434E-1	-7.823668E-1
+7.331285E+9	+4.302666E-1	-7.827365E-1
+7.331300E+9	+4.307133E-1	-7.819526E-1
+7.331315E+9	+4.302741E-1	-7.818847E-1
+7.331330E+9	+4.304777E-1	-7.820244E-1
+7.331345E+9	+4.310970E-1	-7.819880E-1
+7.331360E+9	+4.303535E-1	-7.821256E-1
+7.331375E+9	+4.291475E-1	-7.825588E-1
+7.331390E+9	+4.291850E-1	-7.822961E-1
+7.331405E+9	+4.295649E-1	-7.838178E-1
+7.331420E+9	+4.288207E-1	-7.841052E-1
+7.331435E+9	+4.274655E-1	-7.832553E-1
+7.331450E+9	+4.283923E-1	-7.825041E-1
+7.331465E+9	+4.269377E-1	-7.828175E-1
+7.331480E+9	+4.262200E-1	-7.834517E-1
+7.331495E+9	+4.259663E-1	-7.842520E-1
+7.331510E+9	+4.263231E-1	-7.841974E-1
+7.331525E+9	+4.264237E-1	-7.831089E-1
+7.331540E+9	+4.257946E-1	-7.833594E-1
+7.331555E+9	+4.254335E-1	-7.831845E-1
+7.331570E+9	+4.250054E-1	-7.825940E-1
+7.331585E+9	+4.244256E-1	-7.829869E-1
+7.331600E+9	+4.231297E-1	-7.842303E-1
+7.331615E+9	+4.234350E-1	-7.837838E-1
+7.331630E+9	+4.237279E-1	-7.834856E-1
+7.331645E+9	+4.236446E-1	-7.847101E-1
+7.331660E+9	+4.230529E-1	-7.851633E-1
+7.331675E+9	+4.226875E-1	-7.848762E-1
+7.331690E+9	+4.219984E-1	-7.846516E-1
+7.331705E+9	+4.217129E-1	-7.847693E-1
+7.331720E+9	+4.219642E-1	-7.853205E-1
+7.331735E+9	+4.215180E-1	-7.855197E-1
+7.331750E+9	+4.204623E-1	-7.850420E-1
+7.331765E+9	+4.190847E-1	-7.852302E-1
+7.331780E+9	+4.190007E-1	-7.849879E-1
+7.331795E+9	+4.183823E-1	-7.858323E-1
+7.331810E+9	+4.190007E-1	-7.861458E-1
+7.331825E+9	+4.189156E-1	-7.855159E-1
+7.331840E+9	+4.188202E-1	-7.862895E-1
+7.331855E+9	+4.186173E-1	-7.867053E-1
+7.331870E+9	+4.180582E-1	-7.870045E-1
+7.331885E+9	+4.180044E-1	-7.872777E-1
+7.331900E+9	+4.165723E-1	-7.874038E-1
+7.331915E+9	+4.165800E-1	-7.868099E-1
+7.331930E+9	+4.170088E-1	-7.870195E-1
+7.331945E+9	+4.163067E-1	-7.873970E-1
+7.331960E+9	+4.159432E-1	-7.874936E-1
+7.331975E+9	+4.159669E-1	-7.863057E-1
+7.331990E+9	+4.156704E-1	-7.864939E-1
+7.332005E+9	+4.144550E-1	-7.878794E-1
+7.332020E+9	+4.141992E-1	-7.873400E-1
+7.332035E+9	+4.136960E-1	-7.874615E-1
+7.332050E+9	+4.139557E-1	-7.872837E-1
+7.332065E+9	+4.135761E-1	-7.869783E-1
+7.332080E+9	+4.130640E-1	-7.873975E-1
+7.332095E+9	+4.128961E-1	-7.877319E-1
+7.332110E+9	+4.112356E-1	-7.885739E-1
+7.332125E+9	+4.104316E-1	-7.875927E-1
+7.332140E+9	+4.100731E-1	-7.879262E-1
+7.332155E+9	+4.097662E-1	-7.885059E-1
+7.332170E+9	+4.096804E-1	-7.887042E-1
+7.332185E+9	+4.099490E-1	-7.894578E-1
+7.332200E+9	+4.098486E-1	-7.887016E-1
+7.332215E+9	+4.091945E-1	-7.883731E-1
+7.332230E+9	+4.088617E-1	-7.890058E-1
+7.332245E+9	+4.086949E-1	-7.890395E-1
+7.332260E+9	+4.080007E-1	-7.888915E-1
+7.332275E+9	+4.072671E-1	-7.890678E-1
+7.332290E+9	+4.079015E-1	-7.897066E-1
+7.332305E+9	+4.077062E-1	-7.904512E-1
+7.332320E+9	+4.069682E-1	-7.906073E-1
+7.332335E+9	+4.056400E-1	-7.904033E-1
+7.332350E+9	+4.051556E-1	-7.905198E-1
+7.332365E+9	+4.051339E-1	-7.898959E-1
+7.332380E+9	+4.050265E-1	-7.895267E-1
+7.332395E+9	+4.045583E-1	-7.894750E-1
+7.332410E+9	+4.051133E-1	-7.913845E-1
+7.332425E+9	+4.046511E-1	-7.912544E-1
+7.332440E+9	+4.048324E-1	-7.904249E-1
+7.332455E+9	+4.042872E-1	-7.897006E-1
+7.332470E+9	+4.042535E-1	-7.907413E-1
+7.332485E+9	+4.031969E-1	-7.915098E-1
+7.332500E+9	+4.028767E-1	-7.911295E-1
+7.332515E+9	+4.021834E-1	-7.913758E-1
+7.332530E+9	+4.017980E-1	-7.919719E-1
+7.332545E+9	+4.013504E-1	-7.924189E-1
+7.332560E+9	+4.013223E-1	-7.923840E-1
+7.332575E+9	+4.011092E-1	-7.923163E-1
+7.332590E+9	+4.005617E-1	-7.924489E-1
+7.332605E+9	+4.000863E-1	-7.922251E-1
+7.332620E+9	+3.993711E-1	-7.923425E-1
+7.332635E+9	+3.984815E-1	-7.914881E-1
+7.332650E+9	+3.975869E-1	-7.918508E-1
+7.332665E+9	+3.970608E-1	-7.925832E-1
+7.332680E+9	+3.973668E-1	-7.935087E-1
+7.332695E+9	+3.971540E-1	-7.937856E-1
+7.332710E+9	+3.969773E-1	-7.929848E-1
+7.332725E+9	+3.968567E-1	-7.937580E-1
+7.332740E+9	+3.962101E-1	-7.935173E-1
+7.332755E+9	+3.959604E-1	-7.932690E-1
+7.332770E+9	+3.948712E-1	-7.933739E-1
+7.332785E+9	+3.946637E-1	-7.930526E-1
+7.332800E+9	+3.943223E-1	-7.930182E-1
+7.332815E+9	+3.935760E-1	-7.938427E-1
+7.332830E+9	+3.930261E-1	-7.936951E-1
+7.332845E+9	+3.926934E-1	-7.937010E-1
+7.332860E+9	+3.922221E-1	-7.943141E-1
+7.332875E+9	+3.916366E-1	-7.944403E-1
+7.332890E+9	+3.911491E-1	-7.950560E-1
+7.332905E+9	+3.922206E-1	-7.941784E-1
+7.332920E+9	+3.916803E-1	-7.942572E-1
+7.332935E+9	+3.911594E-1	-7.943796E-1
+7.332950E+9	+3.908228E-1	-7.947631E-1
+7.332965E+9	+3.901890E-1	-7.946769E-1
+7.332980E+9	+3.897412E-1	-7.943025E-1
+7.332995E+9	+3.891532E-1	-7.944904E-1
+7.333010E+9	+3.890861E-1	-7.950334E-1
+7.333025E+9	+3.892532E-1	-7.945560E-1
+7.333040E+9	+3.883922E-1	-7.945142E-1
+7.333055E+9	+3.871804E-1	-7.951515E-1
+7.333070E+9	+3.867003E-1	-7.947234E-1
+7.333085E+9	+3.862850E-1	-7.946874E-1
+7.333100E+9	+3.861360E-1	-7.968166E-1
+7.333115E+9	+3.857719E-1	-7.960619E-1
+7.333130E+9	+3.859963E-1	-7.954069E-1
+7.333145E+9	+3.852889E-1	-7.957780E-1
+7.333160E+9	+3.844585E-1	-7.953654E-1
+7.333175E+9	+3.843751E-1	-7.946909E-1
+7.333190E+9	+3.839159E-1	-7.953923E-1
+7.333205E+9	+3.850815E-1	-7.958363E-1
+7.333220E+9	+3.841733E-1	-7.963529E-1
+7.333235E+9	+3.835258E-1	-7.965077E-1
+7.333250E+9	+3.823891E-1	-7.965211E-1
+7.333265E+9	+3.815684E-1	-7.969722E-1
+7.333280E+9	+3.816030E-1	-7.970031E-1
+7.333295E+9	+3.811289E-1	-7.975038E-1
+7.333310E+9	+3.812514E-1	-7.962993E-1
+7.333325E+9	+3.803367E-1	-7.962039E-1
+7.333340E+9	+3.797544E-1	-7.966042E-1
+7.333355E+9	+3.794416E-1	-7.969355E-1
+7.333370E+9	+3.794553E-1	-7.966788E-1
+7.333385E+9	+3.791773E-1	-7.965668E-1
+7.333400E+9	+3.781691E-1	-7.981316E-1
+7.333415E+9	+3.775124E-1	-7.982388E-1
+7.333430E+9	+3.782717E-1	-7.977818E-1
+7.333445E+9	+3.784269E-1	-7.984867E-1
+7.333460E+9	+3.771799E-1	-7.983644E-1
+7.333475E+9	+3.758305E-1	-7.977857E-1
+7.333490E+9	+3.757927E-1	-7.974183E-1
+7.333505E+9	+3.754129E-1	-7.976742E-1
+7.333520E+9	+3.745421E-1	-7.982335E-1
+7.333535E+9	+3.741600E-1	-7.984445E-1
+7.333550E+9	+3.738604E-1	-7.981353E-1
+7.333565E+9	+3.737529E-1	-7.985067E-1
+7.333580E+9	+3.739995E-1	-7.988992E-1
+7.333595E+9	+3.728650E-1	-7.988116E-1
+7.333610E+9	+3.722381E-1	-7.988570E-1
+7.333625E+9	+3.733636E-1	-7.983976E-1
+7.333640E+9	+3.727135E-1	-7.991604E-1
+7.333655E+9	+3.711078E-1	-8.001076E-1
+7.333670E+9	+3.703580E-1	-8.004038E-1
+7.333685E+9	+3.700456E-1	-7.994650E-1
+7.333700E+9	+3.696781E-1	-8.002623E-1
+7.333715E+9	+3.692161E-1	-8.006357E-1
+7.333730E+9	+3.691834E-1	-8.010546E-1
+7.333745E+9	+3.687359E-1	-8.010677E-1
+7.333760E+9	+3.688395E-1	-7.999676E-1
+7.333775E+9	+3.689937E-1	-8.002354E-1
+7.333790E+9	+3.680488E-1	-8.005844E-1
+7.333805E+9	+3.669850E-1	-8.008071E-1
+7.333820E+9	+3.665037E-1	-8.007551E-1
+7.333835E+9	+3.662608E-1	-8.001814E-1
+7.333850E+9	+3.653876E-1	-8.010679E-1
+7.333865E+9	+3.649700E-1	-8.013348E-1
+7.333880E+9	+3.647407E-1	-8.009789E-1
+7.333895E+9	+3.648099E-1	-8.004924E-1
+7.333910E+9	+3.640232E-1	-8.013785E-1
+7.333925E+9	+3.637577E-1	-8.022845E-1
+7.333940E+9	+3.630634E-1	-8.013157E-1
+7.333955E+9	+3.623946E-1	-8.004473E-1
+7.333970E+9	+3.620832E-1	-8.016637E-1
+7.333985E+9	+3.617468E-1	-8.021886E-1
+7.334000E+9	+3.615169E-1	-8.026372E-1
+7.334015E+9	+3.608627E-1	-8.027195E-1
+7.334030E+9	+3.597473E-1	-8.001080E-1
+7.334045E+9	+3.594642E-1	-7.996424E-1
+7.334060E+9	+3.602697E-1	-8.009570E-1
+7.334075E+9	+3.595855E-1	-8.017276E-1
+7.334090E+9	+3.592469E-1	-8.018786E-1
+7.334105E+9	+3.587461E-1	-8.021923E-1
+7.334120E+9	+3.576498E-1	-8.014152E-1
+7.334135E+9	+3.568140E-1	-8.014107E-1
+7.334150E+9	+3.574674E-1	-8.028197E-1
+7.334165E+9	+3.571037E-1	-8.027557E-1
+7.334180E+9	+3.568014E-1	-8.021640E-1
+7.334195E+9	+3.563718E-1	-8.017913E-1
+7.334210E+9	+3.557480E-1	-8.025625E-1
+7.334225E+9	+3.557282E-1	-8.029438E-1
+7.334240E+9	+3.551202E-1	-8.021925E-1
+7.334255E+9	+3.550295E-1	-8.022503E-1
+7.334270E+9	+3.541117E-1	-8.025928E-1
+7.334285E+9	+3.535412E-1	-8.027893E-1
+7.334300E+9	+3.532430E-1	-8.037454E-1
+7.334315E+9	+3.525479E-1	-8.034180E-1
+7.334330E+9	+3.514862E-1	-8.036602E-1
+7.334345E+9	+3.514408E-1	-8.036335E-1
+7.334360E+9	+3.507427E-1	-8.033142E-1
+7.334375E+9	+3.500044E-1	-8.028533E-1
+7.334390E+9	+3.491355E-1	-8.028511E-1
+7.334405E+9	+3.488392E-1	-8.029698E-1
+7.334420E+9	+3.493551E-1	-8.031359E-1
+7.334435E+9	+3.491188E-1	-8.038302E-1
+7.334450E+9	+3.482811E-1	-8.034837E-1
+7.334465E+9	+3.479241E-1	-8.042593E-1
+7.334480E+9	+3.474771E-1	-8.048505E-1
+7.334495E+9	+3.467757E-1	-8.039385E-1
+7.334510E+9	+3.465352E-1	-8.039176E-1
+7.334525E+9	+3.460223E-1	-8.040686E-1
+7.334540E+9	+3.459158E-1	-8.046310E-1
+7.334555E+9	+3.456823E-1	-8.047774E-1
+7.334570E+9	+3.448643E-1	-8.046148E-1
+7.334585E+9	+3.443555E-1	-8.048998E-1
+7.334600E+9	+3.440528E-1	-8.051807E-1
+7.334615E+9	+3.442787E-1	-8.044777E-1
+7.334630E+9	+3.446162E-1	-8.045457E-1
+7.334645E+9	+3.427872E-1	-8.046709E-1
+7.334660E+9	+3.412404E-1	-8.056559E-1
+7.334675E+9	+3.406339E-1	-8.060658E-1
+7.334690E+9	+3.402873E-1	-8.060913E-1
+7.334705E+9	+3.404115E-1	-8.052813E-1
+7.334720E+9	+3.403638E-1	-8.054323E-1
+7.334735E+9	+3.395005E-1	-8.062340E-1
+7.334750E+9	+3.386685E-1	-8.064564E-1
+7.334765E+9	+3.377660E-1	-8.059702E-1
+7.334780E+9	+3.376852E-1	-8.055982E-1
+7.334795E+9	+3.376362E-1	-8.054593E-1
+7.334810E+9	+3.376081E-1	-8.051362E-1
+7.334825E+9	+3.368884E-1	-8.056275E-1
+7.334840E+9	+3.364545E-1	-8.058240E-1
+7.334855E+9	+3.362061E-1	-8.055233E-1
+7.334870E+9	+3.354326E-1	-8.056401E-1
+7.334885E+9	+3.341578E-1	-8.060009E-1
+7.334900E+9	+3.342193E-1	-8.063309E-1
+7.334915E+9	+3.335548E-1	-8.067312E-1
+7.334930E+9	+3.333778E-1	-8.058463E-1
+7.334945E+9	+3.330759E-1	-8.059865E-1
+7.334960E+9	+3.325269E-1	-8.065238E-1
+7.334975E+9	+3.316856E-1	-8.067677E-1
+7.334990E+9	+3.311378E-1	-8.066454E-1
+7.335005E+9	+3.322421E-1	-8.067286E-1
+7.335020E+9	+3.314824E-1	-8.070485E-1
+7.335035E+9	+3.301949E-1	-8.077088E-1
+7.335050E+9	+3.291502E-1	-8.075211E-1
+7.335065E+9	+3.293563E-1	-8.064333E-1
+7.335080E+9	+3.292879E-1	-8.060002E-1
+7.335095E+9	+3.281959E-1	-8.071293E-1
+7.335110E+9	+3.270966E-1	-8.078251E-1
+7.335125E+9	+3.260563E-1	-8.087686E-1
+7.335140E+9	+3.258952E-1	-8.078782E-1
+7.335155E+9	+3.261695E-1	-8.073289E-1
+7.335170E+9	+3.254408E-1	-8.070098E-1
+7.335185E+9	+3.252713E-1	-8.074794E-1
+7.335200E+9	+3.252835E-1	-8.081105E-1
+7.335215E+9	+3.245392E-1	-8.084637E-1
+7.335230E+9	+3.237711E-1	-8.082037E-1
+7.335245E+9	+3.235254E-1	-8.079206E-1
+7.335260E+9	+3.227530E-1	-8.075666E-1
+7.335275E+9	+3.217460E-1	-8.079603E-1
+7.335290E+9	+3.215990E-1	-8.081307E-1
+7.335305E+9	+3.214241E-1	-8.084299E-1
+7.335320E+9	+3.210359E-1	-8.084561E-1
+7.335335E+9	+3.209612E-1	-8.082630E-1
+7.335350E+9	+3.200245E-1	-8.079911E-1
+7.335365E+9	+3.192116E-1	-8.089965E-1
+7.335380E+9	+3.182097E-1	-8.094430E-1
+7.335395E+9	+3.175722E-1	-8.093928E-1
+7.335410E+9	+3.180591E-1	-8.084576E-1
+7.335425E+9	+3.177591E-1	-8.085692E-1
+7.335440E+9	+3.169197E-1	-8.083384E-1
+7.335455E+9	+3.166640E-1	-8.089331E-1
+7.335470E+9	+3.158830E-1	-8.095867E-1
+7.335485E+9	+3.155810E-1	-8.095866E-1
+7.335500E+9	+3.149955E-1	-8.087532E-1
+7.335515E+9	+3.148101E-1	-8.094426E-1
+7.335530E+9	+3.142985E-1	-8.094323E-1
+7.335545E+9	+3.133199E-1	-8.098735E-1
+7.335560E+9	+3.127935E-1	-8.095439E-1
+7.335575E+9	+3.122183E-1	-8.087232E-1
+7.335590E+9	+3.120132E-1	-8.094585E-1
+7.335605E+9	+3.119437E-1	-8.098799E-1
+7.335620E+9	+3.114224E-1	-8.097406E-1
+7.335635E+9	+3.107554E-1	-8.098268E-1
+7.335650E+9	+3.099984E-1	-8.096603E-1
+7.335665E+9	+3.096146E-1	-8.096608E-1
+7.335680E+9	+3.082406E-1	-8.090874E-1
+7.335695E+9	+3.081939E-1	-8.093908E-1
+7.335710E+9	+3.085275E-1	-8.097973E-1
+7.335725E+9	+3.080702E-1	-8.100369E-1
+7.335740E+9	+3.077912E-1	-8.094051E-1
+7.335755E+9	+3.061582E-1	-8.084471E-1
+7.335770E+9	+3.061776E-1	-8.095669E-1
+7.335785E+9	+3.053752E-1	-8.101153E-1
+7.335800E+9	+3.044410E-1	-8.106320E-1
+7.335815E+9	+3.042161E-1	-8.103927E-1
+7.335830E+9	+3.040030E-1	-8.102258E-1
+7.335845E+9	+3.035374E-1	-8.108276E-1
+7.335860E+9	+3.030836E-1	-8.107792E-1
+7.335875E+9	+3.023621E-1	-8.104308E-1
+7.335890E+9	+3.013142E-1	-8.109505E-1
+7.335905E+9	+3.006615E-1	-8.108768E-1
+7.335920E+9	+3.001865E-1	-8.105296E-1
+7.335935E+9	+3.002391E-1	-8.103597E-1
+7.335950E+9	+3.002608E-1	-8.105828E-1
+7.335965E+9	+2.992697E-1	-8.110672E-1
+7.335980E+9	+2.983780E-1	-8.111576E-1
+7.335995E+9	+2.982809E-1	-8.108863E-1
+7.336010E+9	+2.974156E-1	-8.105827E-1
+7.336025E+9	+2.956093E-1	-8.110174E-1
+7.336040E+9	+2.958822E-1	-8.114870E-1
+7.336055E+9	+2.963478E-1	-8.112651E-1
+7.336070E+9	+2.959992E-1	-8.108716E-1
+7.336085E+9	+2.943905E-1	-8.104497E-1
+7.336100E+9	+2.935341E-1	-8.109214E-1
+7.336115E+9	+2.926614E-1	-8.110288E-1
+7.336130E+9	+2.922225E-1	-8.114218E-1
+7.336145E+9	+2.912829E-1	-8.115851E-1
+7.336160E+9	+2.909612E-1	-8.115744E-1
+7.336175E+9	+2.918700E-1	-8.108379E-1
+7.336190E+9	+2.912967E-1	-8.104774E-1
+7.336205E+9	+2.907654E-1	-8.103588E-1
+7.336220E+9	+2.899695E-1	-8.103556E-1
+7.336235E+9	+2.892365E-1	-8.108932E-1
+7.336250E+9	+2.887956E-1	-8.114794E-1
+7.336265E+9	+2.884564E-1	-8.114294E-1
+7.336280E+9	+2.878847E-1	-8.114908E-1
+7.336295E+9	+2.868885E-1	-8.111638E-1
+7.336310E+9	+2.859646E-1	-8.114974E-1
+7.336325E+9	+2.861536E-1	-8.119744E-1
+7.336340E+9	+2.853486E-1	-8.111194E-1
+7.336355E+9	+2.846578E-1	-8.102229E-1
+7.336370E+9	+2.843306E-1	-8.109884E-1
+7.336385E+9	+2.834496E-1	-8.114128E-1
+7.336400E+9	+2.838261E-1	-8.120490E-1
+7.336415E+9	+2.825408E-1	-8.111713E-1
+7.336430E+9	+2.817987E-1	-8.109190E-1
+7.336445E+9	+2.813640E-1	-8.115094E-1
+7.336460E+9	+2.808600E-1	-8.116127E-1
+7.336475E+9	+2.812175E-1	-8.117578E-1
+7.336490E+9	+2.802430E-1	-8.121309E-1
+7.336505E+9	+2.797393E-1	-8.122425E-1
+7.336520E+9	+2.795763E-1	-8.120428E-1
+7.336535E+9	+2.794499E-1	-8.116930E-1
+7.336550E+9	+2.779255E-1	-8.120998E-1
+7.336565E+9	+2.772463E-1	-8.125265E-1
+7.336580E+9	+2.782288E-1	-8.121679E-1
+7.336595E+9	+2.767163E-1	-8.120726E-1
+7.336610E+9	+2.753245E-1	-8.116570E-1
+7.336625E+9	+2.751410E-1	-8.119443E-1
+7.336640E+9	+2.745984E-1	-8.114942E-1
+7.336655E+9	+2.736719E-1	-8.118841E-1
+7.336670E+9	+2.734361E-1	-8.118601E-1
+7.336685E+9	+2.733071E-1	-8.116728E-1
+7.336700E+9	+2.723749E-1	-8.116334E-1
+7.336715E+9	+2.719356E-1	-8.119994E-1
+7.336730E+9	+2.711863E-1	-8.126780E-1
+7.336745E+9	+2.703939E-1	-8.124838E-1
+7.336760E+9	+2.700874E-1	-8.111073E-1
+7.336775E+9	+2.688925E-1	-8.122278E-1
+7.336790E+9	+2.687080E-1	-8.115589E-1
+7.336805E+9	+2.683699E-1	-8.115822E-1
+7.336820E+9	+2.678952E-1	-8.116229E-1
+7.336835E+9	+2.678283E-1	-8.129885E-1
+7.336850E+9	+2.663645E-1	-8.122637E-1
+7.336865E+9	+2.669095E-1	-8.123247E-1
+7.336880E+9	+2.667498E-1	-8.123388E-1
+7.336895E+9	+2.653992E-1	-8.121685E-1
+7.336910E+9	+2.645105E-1	-8.120706E-1
+7.336925E+9	+2.631342E-1	-8.127034E-1
+7.336940E+9	+2.631513E-1	-8.126262E-1
+7.336955E+9	+2.627675E-1	-8.127159E-1
+7.336970E+9	+2.621876E-1	-8.123253E-1
+7.336985E+9	+2.615004E-1	-8.126264E-1
+7.337000E+9	+2.608375E-1	-8.123068E-1
+7.337015E+9	+2.603160E-1	-8.122208E-1
+7.337030E+9	+2.596327E-1	-8.116105E-1
+7.337045E+9	+2.593973E-1	-8.120171E-1
+7.337060E+9	+2.579594E-1	-8.125998E-1
+7.337075E+9	+2.576602E-1	-8.117376E-1
+7.337090E+9	+2.577885E-1	-8.117229E-1
+7.337105E+9	+2.573628E-1	-8.118717E-1
+7.337120E+9	+2.568585E-1	-8.119887E-1
+7.337135E+9	+2.565972E-1	-8.128399E-1
+7.337150E+9	+2.553446E-1	-8.126893E-1
+7.337165E+9	+2.537792E-1	-8.126226E-1
+7.337180E+9	+2.527064E-1	-8.129816E-1
+7.337195E+9	+2.524764E-1	-8.128691E-1
+7.337210E+9	+2.525551E-1	-8.124467E-1
+7.337225E+9	+2.512146E-1	-8.121719E-1
+7.337240E+9	+2.509594E-1	-8.126040E-1
+7.337255E+9	+2.503618E-1	-8.122944E-1
+7.337270E+9	+2.502266E-1	-8.122972E-1
+7.337285E+9	+2.495548E-1	-8.124536E-1
+7.337300E+9	+2.486360E-1	-8.131756E-1
+7.337315E+9	+2.479505E-1	-8.125507E-1
+7.337330E+9	+2.472914E-1	-8.123437E-1
+7.337345E+9	+2.473502E-1	-8.123590E-1
+7.337360E+9	+2.468486E-1	-8.126063E-1
+7.337375E+9	+2.450172E-1	-8.131235E-1
+7.337390E+9	+2.443480E-1	-8.128636E-1
+7.337405E+9	+2.450316E-1	-8.115084E-1
+7.337420E+9	+2.445136E-1	-8.118574E-1
+7.337435E+9	+2.436476E-1	-8.126736E-1
+7.337450E+9	+2.435570E-1	-8.124838E-1
+7.337465E+9	+2.426224E-1	-8.120493E-1
+7.337480E+9	+2.414957E-1	-8.115117E-1
+7.337495E+9	+2.403957E-1	-8.119154E-1
+7.337510E+9	+2.396188E-1	-8.118174E-1
+7.337525E+9	+2.387299E-1	-8.120715E-1
+7.337540E+9	+2.382853E-1	-8.119339E-1
+7.337555E+9	+2.375044E-1	-8.130133E-1
+7.337570E+9	+2.371056E-1	-8.133648E-1
+7.337585E+9	+2.365423E-1	-8.123395E-1
+7.337600E+9	+2.352770E-1	-8.120693E-1
+7.337615E+9	+2.349115E-1	-8.114815E-1
+7.337630E+9	+2.348065E-1	-8.113977E-1
+7.337645E+9	+2.345389E-1	-8.109981E-1
+7.337660E+9	+2.338773E-1	-8.113305E-1
+7.337675E+9	+2.331096E-1	-8.119241E-1
+7.337690E+9	+2.333648E-1	-8.118242E-1
+7.337705E+9	+2.326401E-1	-8.118068E-1
+7.337720E+9	+2.309859E-1	-8.119199E-1
+7.337735E+9	+2.301611E-1	-8.111172E-1
+7.337750E+9	+2.296483E-1	-8.111685E-1
+7.337765E+9	+2.292901E-1	-8.118125E-1
+7.337780E+9	+2.289146E-1	-8.116422E-1
+7.337795E+9	+2.279155E-1	-8.114978E-1
+7.337810E+9	+2.272813E-1	-8.111843E-1
+7.337825E+9	+2.267475E-1	-8.107997E-1
+7.337840E+9	+2.260601E-1	-8.111390E-1
+7.337855E+9	+2.261036E-1	-8.113211E-1
+7.337870E+9	+2.245166E-1	-8.111258E-1
+7.337885E+9	+2.243524E-1	-8.113854E-1
+7.337900E+9	+2.236472E-1	-8.116387E-1
+7.337915E+9	+2.228679E-1	-8.115141E-1
+7.337930E+9	+2.224616E-1	-8.112995E-1
+7.337945E+9	+2.219106E-1	-8.113497E-1
+7.337960E+9	+2.211021E-1	-8.109091E-1
+7.337975E+9	+2.197052E-1	-8.100969E-1
+7.337990E+9	+2.189077E-1	-8.098832E-1
+7.338005E+9	+2.186975E-1	-8.110012E-1
+7.338020E+9	+2.181985E-1	-8.106792E-1
+7.338035E+9	+2.177220E-1	-8.110261E-1
+7.338050E+9	+2.173054E-1	-8.117027E-1
+7.338065E+9	+2.169466E-1	-8.111310E-1
+7.338080E+9	+2.162786E-1	-8.100241E-1
+7.338095E+9	+2.144130E-1	-8.096468E-1
+7.338110E+9	+2.136422E-1	-8.102032E-1
+7.338125E+9	+2.142324E-1	-8.109987E-1
+7.338140E+9	+2.129115E-1	-8.103408E-1
+7.338155E+9	+2.117872E-1	-8.097510E-1
+7.338170E+9	+2.115798E-1	-8.097141E-1
+7.338185E+9	+2.114546E-1	-8.102485E-1
+7.338200E+9	+2.111842E-1	-8.098517E-1
+7.338215E+9	+2.097260E-1	-8.097565E-1
+7.338230E+9	+2.086539E-1	-8.099484E-1
+7.338245E+9	+2.081150E-1	-8.092579E-1
+7.338260E+9	+2.075057E-1	-8.090418E-1
+7.338275E+9	+2.067613E-1	-8.096742E-1
+7.338290E+9	+2.064337E-1	-8.092065E-1
+7.338305E+9	+2.051380E-1	-8.099117E-1
+7.338320E+9	+2.045680E-1	-8.098697E-1
+7.338335E+9	+2.043285E-1	-8.092294E-1
+7.338350E+9	+2.034894E-1	-8.095763E-1
+7.338365E+9	+2.023502E-1	-8.089689E-1
+7.338380E+9	+2.022928E-1	-8.094117E-1
+7.338395E+9	+2.016015E-1	-8.092232E-1
+7.338410E+9	+2.006129E-1	-8.089737E-1
+7.338425E+9	+2.003630E-1	-8.088951E-1
+7.338440E+9	+1.993195E-1	-8.088343E-1
+7.338455E+9	+1.988361E-1	-8.083025E-1
+7.338470E+9	+1.982666E-1	-8.083204E-1
+7.338485E+9	+1.973981E-1	-8.088047E-1
+7.338500E+9	+1.965931E-1	-8.097969E-1
+7.338515E+9	+1.953184E-1	-8.090917E-1
+7.338530E+9	+1.955105E-1	-8.079464E-1
+7.338545E+9	+1.942505E-1	-8.085999E-1
+7.338560E+9	+1.939637E-1	-8.079322E-1
+7.338575E+9	+1.933097E-1	-8.070878E-1
+7.338590E+9	+1.923069E-1	-8.070931E-1
+7.338605E+9	+1.911774E-1	-8.083143E-1
+7.338620E+9	+1.904685E-1	-8.078708E-1
+7.338635E+9	+1.904891E-1	-8.074284E-1
+7.338650E+9	+1.889780E-1	-8.072742E-1
+7.338665E+9	+1.885776E-1	-8.076316E-1
+7.338680E+9	+1.881588E-1	-8.075718E-1
+7.338695E+9	+1.872640E-1	-8.074313E-1
+7.338710E+9	+1.867569E-1	-8.073118E-1
+7.338725E+9	+1.861919E-1	-8.074914E-1
+7.338740E+9	+1.853336E-1	-8.068884E-1
+7.338755E+9	+1.844057E-1	-8.067919E-1
+7.338770E+9	+1.839286E-1	-8.066392E-1
+7.338785E+9	+1.833585E-1	-8.067863E-1
+7.338800E+9	+1.820299E-1	-8.074898E-1
+7.338815E+9	+1.818162E-1	-8.068321E-1
+7.338830E+9	+1.813554E-1	-8.062950E-1
+7.338845E+9	+1.803491E-1	-8.059427E-1
+7.338860E+9	+1.798789E-1	-8.047489E-1
+7.338875E+9	+1.787946E-1	-8.057245E-1
+7.338890E+9	+1.779586E-1	-8.051811E-1
+7.338905E+9	+1.771635E-1	-8.046058E-1
+7.338920E+9	+1.769135E-1	-8.044999E-1
+7.338935E+9	+1.752961E-1	-8.051052E-1
+7.338950E+9	+1.744820E-1	-8.049851E-1
+7.338965E+9	+1.736739E-1	-8.048356E-1
+7.338980E+9	+1.738318E-1	-8.046334E-1
+7.338995E+9	+1.731116E-1	-8.043625E-1
+7.339010E+9	+1.724422E-1	-8.044949E-1
+7.339025E+9	+1.708146E-1	-8.049438E-1
+7.339040E+9	+1.706515E-1	-8.047221E-1
+7.339055E+9	+1.698928E-1	-8.035454E-1
+7.339070E+9	+1.691437E-1	-8.039370E-1
+7.339085E+9	+1.679729E-1	-8.032064E-1
+7.339100E+9	+1.675950E-1	-8.031376E-1
+7.339115E+9	+1.664235E-1	-8.031402E-1
+7.339130E+9	+1.655012E-1	-8.034059E-1
+7.339145E+9	+1.646154E-1	-8.034491E-1
+7.339160E+9	+1.643125E-1	-8.031069E-1
+7.339175E+9	+1.631668E-1	-8.025434E-1
+7.339190E+9	+1.633165E-1	-8.024163E-1
+7.339205E+9	+1.627314E-1	-8.022245E-1
+7.339220E+9	+1.615487E-1	-8.021051E-1
+7.339235E+9	+1.604925E-1	-8.017829E-1
+7.339250E+9	+1.602046E-1	-8.017032E-1
+7.339265E+9	+1.588963E-1	-8.014420E-1
+7.339280E+9	+1.577899E-1	-8.015509E-1
+7.339295E+9	+1.570913E-1	-8.015945E-1
+7.339310E+9	+1.573891E-1	-8.014868E-1
+7.339325E+9	+1.575634E-1	-8.009057E-1
+7.339340E+9	+1.556413E-1	-8.015649E-1
+7.339355E+9	+1.548137E-1	-8.017802E-1
+7.339370E+9	+1.543340E-1	-8.012940E-1
+7.339385E+9	+1.533298E-1	-8.002582E-1
+7.339400E+9	+1.524747E-1	-7.999523E-1
+7.339415E+9	+1.515887E-1	-7.997043E-1
+7.339430E+9	+1.518008E-1	-8.006153E-1
+7.339445E+9	+1.506397E-1	-7.998422E-1
+7.339460E+9	+1.488745E-1	-7.999232E-1
+7.339475E+9	+1.480450E-1	-8.000026E-1
+7.339490E+9	+1.474585E-1	-7.994560E-1
+7.339505E+9	+1.467149E-1	-7.991699E-1
+7.339520E+9	+1.455647E-1	-7.988282E-1
+7.339535E+9	+1.449348E-1	-7.983080E-1
+7.339550E+9	+1.441496E-1	-7.981445E-1
+7.339565E+9	+1.436942E-1	-7.985976E-1
+7.339580E+9	+1.432253E-1	-7.985450E-1
+7.339595E+9	+1.422113E-1	-7.977711E-1
+7.339610E+9	+1.412773E-1	-7.980933E-1
+7.339625E+9	+1.408110E-1	-7.974120E-1
+7.339640E+9	+1.395316E-1	-7.972508E-1
+7.339655E+9	+1.386936E-1	-7.968754E-1
+7.339670E+9	+1.380502E-1	-7.967286E-1
+7.339685E+9	+1.373874E-1	-7.963835E-1
+7.339700E+9	+1.368455E-1	-7.969841E-1
+7.339715E+9	+1.356396E-1	-7.966011E-1
+7.339730E+9	+1.348471E-1	-7.971658E-1
+7.339745E+9	+1.335419E-1	-7.965934E-1
+7.339760E+9	+1.330669E-1	-7.959687E-1
+7.339775E+9	+1.330485E-1	-7.954990E-1
+7.339790E+9	+1.318866E-1	-7.961463E-1
+7.339805E+9	+1.304680E-1	-7.954889E-1
+7.339820E+9	+1.300417E-1	-7.946504E-1
+7.339835E+9	+1.292306E-1	-7.936492E-1
+7.339850E+9	+1.283159E-1	-7.939408E-1
+7.339865E+9	+1.279861E-1	-7.932495E-1
+7.339880E+9	+1.275990E-1	-7.931785E-1
+7.339895E+9	+1.261099E-1	-7.931569E-1
+7.339910E+9	+1.251626E-1	-7.936218E-1
+7.339925E+9	+1.244139E-1	-7.932338E-1
+7.339940E+9	+1.223805E-1	-7.929949E-1
+7.339955E+9	+1.219433E-1	-7.920444E-1
+7.339970E+9	+1.211153E-1	-7.917277E-1
+7.339985E+9	+1.202313E-1	-7.916049E-1
+7.340000E+9	+1.206606E-1	-7.914259E-1
+7.340015E+9	+1.194100E-1	-7.911810E-1
+7.340030E+9	+1.187440E-1	-7.915595E-1
+7.340045E+9	+1.178128E-1	-7.913483E-1
+7.340060E+9	+1.164190E-1	-7.907843E-1
+7.340075E+9	+1.153749E-1	-7.902031E-1
+7.340090E+9	+1.145318E-1	-7.904922E-1
+7.340105E+9	+1.135510E-1	-7.901836E-1
+7.340120E+9	+1.126724E-1	-7.898199E-1
+7.340135E+9	+1.126666E-1	-7.888252E-1
+7.340150E+9	+1.117776E-1	-7.896728E-1
+7.340165E+9	+1.108317E-1	-7.890910E-1
+7.340180E+9	+1.102680E-1	-7.887323E-1
+7.340195E+9	+1.094704E-1	-7.889925E-1
+7.340210E+9	+1.081119E-1	-7.880704E-1
+7.340225E+9	+1.066762E-1	-7.875645E-1
+7.340240E+9	+1.059804E-1	-7.874559E-1
+7.340255E+9	+1.057579E-1	-7.870827E-1
+7.340270E+9	+1.045709E-1	-7.863649E-1
+7.340285E+9	+1.040496E-1	-7.860284E-1
+7.340300E+9	+1.034184E-1	-7.866709E-1
+7.340315E+9	+1.020579E-1	-7.868522E-1
+7.340330E+9	+1.009733E-1	-7.857206E-1
+7.340345E+9	+1.001287E-1	-7.852684E-1
+7.340360E+9	+9.969874E-2	-7.849767E-1
+7.340375E+9	+9.880890E-2	-7.846105E-1
+7.340390E+9	+9.839083E-2	-7.838795E-1
+7.340405E+9	+9.751240E-2	-7.830942E-1
+7.340420E+9	+9.646813E-2	-7.824907E-1
+7.340435E+9	+9.506158E-2	-7.827433E-1
+7.340450E+9	+9.459852E-2	-7.819107E-1
+7.340465E+9	+9.365901E-2	-7.828608E-1
+7.340480E+9	+9.310398E-2	-7.826916E-1
+7.340495E+9	+9.182967E-2	-7.820060E-1
+7.340510E+9	+9.098191E-2	-7.816801E-1
+7.340525E+9	+8.981319E-2	-7.810877E-1
+7.340540E+9	+8.883359E-2	-7.805875E-1
+7.340555E+9	+8.797590E-2	-7.804235E-1
+7.340570E+9	+8.741827E-2	-7.801919E-1
+7.340585E+9	+8.614575E-2	-7.800380E-1
+7.340600E+9	+8.546508E-2	-7.799632E-1
+7.340615E+9	+8.457905E-2	-7.800393E-1
+7.340630E+9	+8.344107E-2	-7.795560E-1
+7.340645E+9	+8.287857E-2	-7.788213E-1
+7.340660E+9	+8.139980E-2	-7.782111E-1
+7.340675E+9	+8.097501E-2	-7.773617E-1
+7.340690E+9	+8.036794E-2	-7.772828E-1
+7.340705E+9	+7.988144E-2	-7.768276E-1
+7.340720E+9	+7.802593E-2	-7.760827E-1
+7.340735E+9	+7.690612E-2	-7.758631E-1
+7.340750E+9	+7.513783E-2	-7.758858E-1
+7.340765E+9	+7.461336E-2	-7.753004E-1
+7.340780E+9	+7.399806E-2	-7.748665E-1
+7.340795E+9	+7.362601E-2	-7.746190E-1
+7.340810E+9	+7.266453E-2	-7.741431E-1
+7.340825E+9	+7.217031E-2	-7.733829E-1
+7.340840E+9	+7.101908E-2	-7.736623E-1
+7.340855E+9	+7.024298E-2	-7.728592E-1
+7.340870E+9	+6.916288E-2	-7.721929E-1
+7.340885E+9	+6.856241E-2	-7.717071E-1
+7.340900E+9	+6.755395E-2	-7.710975E-1
+7.340915E+9	+6.601481E-2	-7.707121E-1
+7.340930E+9	+6.551784E-2	-7.710981E-1
+7.340945E+9	+6.430286E-2	-7.704264E-1
+7.340960E+9	+6.380853E-2	-7.704329E-1
+7.340975E+9	+6.235768E-2	-7.695225E-1
+7.340990E+9	+6.133572E-2	-7.689239E-1
+7.341005E+9	+6.100822E-2	-7.688252E-1
+7.341020E+9	+6.008783E-2	-7.680218E-1
+7.341035E+9	+5.909966E-2	-7.673517E-1
+7.341050E+9	+5.768044E-2	-7.675203E-1
+7.341065E+9	+5.697365E-2	-7.674458E-1
+7.341080E+9	+5.645303E-2	-7.667367E-1
+7.341095E+9	+5.576618E-2	-7.664421E-1
+7.341110E+9	+5.455739E-2	-7.651738E-1
+7.341125E+9	+5.304888E-2	-7.652478E-1
+7.341140E+9	+5.280784E-2	-7.650470E-1
+7.341155E+9	+5.171144E-2	-7.635530E-1
+7.341170E+9	+5.041193E-2	-7.628960E-1
+7.341185E+9	+4.966131E-2	-7.625395E-1
+7.341200E+9	+4.866990E-2	-7.624892E-1
+7.341215E+9	+4.790242E-2	-7.621544E-1
+7.341230E+9	+4.707400E-2	-7.618455E-1
+7.341245E+9	+4.591332E-2	-7.613703E-1
+7.341260E+9	+4.461612E-2	-7.603917E-1
+7.341275E+9	+4.377290E-2	-7.596437E-1
+7.341290E+9	+4.248601E-2	-7.593306E-1
+7.341305E+9	+4.255582E-2	-7.593756E-1
+7.341320E+9	+4.177056E-2	-7.583509E-1
+7.341335E+9	+4.003003E-2	-7.581009E-1
+7.341350E+9	+3.942997E-2	-7.579853E-1
+7.341365E+9	+3.822865E-2	-7.571296E-1
+7.341380E+9	+3.699551E-2	-7.562545E-1
+7.341395E+9	+3.607040E-2	-7.560261E-1
+7.341410E+9	+3.534908E-2	-7.558193E-1
+7.341425E+9	+3.475239E-2	-7.561525E-1
+7.341440E+9	+3.323203E-2	-7.548916E-1
+7.341455E+9	+3.196493E-2	-7.539063E-1
+7.341470E+9	+3.107752E-2	-7.535381E-1
+7.341485E+9	+2.963594E-2	-7.532668E-1
+7.341500E+9	+2.919602E-2	-7.519272E-1
+7.341515E+9	+2.796678E-2	-7.520670E-1
+7.341530E+9	+2.723916E-2	-7.515885E-1
+7.341545E+9	+2.655511E-2	-7.513590E-1
+7.341560E+9	+2.658189E-2	-7.494704E-1
+7.341575E+9	+2.447169E-2	-7.486365E-1
+7.341590E+9	+2.339696E-2	-7.481320E-1
+7.341605E+9	+2.229303E-2	-7.475252E-1
+7.341620E+9	+2.169251E-2	-7.469363E-1
+7.341635E+9	+2.105724E-2	-7.466821E-1
+7.341650E+9	+1.993040E-2	-7.466321E-1
+7.341665E+9	+1.876588E-2	-7.456858E-1
+7.341680E+9	+1.782261E-2	-7.453839E-1
+7.341695E+9	+1.666250E-2	-7.447355E-1
+7.341710E+9	+1.590903E-2	-7.441620E-1
+7.341725E+9	+1.453271E-2	-7.440382E-1
+7.341740E+9	+1.336537E-2	-7.434878E-1
+7.341755E+9	+1.285513E-2	-7.423415E-1
+7.341770E+9	+1.246534E-2	-7.408148E-1
+7.341785E+9	+1.098150E-2	-7.398417E-1
+7.341800E+9	+9.404507E-3	-7.393776E-1
+7.341815E+9	+8.918657E-3	-7.385221E-1
+7.341830E+9	+8.923362E-3	-7.383794E-1
+7.341845E+9	+7.706433E-3	-7.372233E-1
+7.341860E+9	+5.485598E-3	-7.369842E-1
+7.341875E+9	+4.649815E-3	-7.370586E-1
+7.341890E+9	+3.591492E-3	-7.363833E-1
+7.341905E+9	+2.435278E-3	-7.353507E-1
+7.341920E+9	+1.330249E-3	-7.341363E-1
+7.341935E+9	+7.044476E-4	-7.337600E-1
+7.341950E+9	-3.077951E-4	-7.340971E-1
+7.341965E+9	-1.287389E-3	-7.324924E-1
+7.341980E+9	-2.102826E-3	-7.315122E-1
+7.341995E+9	-3.233204E-3	-7.310890E-1
+7.342010E+9	-4.625571E-3	-7.309348E-1
+7.342025E+9	-5.659203E-3	-7.305095E-1
+7.342040E+9	-6.648021E-3	-7.293523E-1
+7.342055E+9	-7.290086E-3	-7.285483E-1
+7.342070E+9	-8.314431E-3	-7.275951E-1
+7.342085E+9	-8.782904E-3	-7.270232E-1
+7.342100E+9	-1.036752E-2	-7.262043E-1
+7.342115E+9	-1.138224E-2	-7.255139E-1
+7.342130E+9	-1.221926E-2	-7.246345E-1
+7.342145E+9	-1.339859E-2	-7.239566E-1
+7.342160E+9	-1.522574E-2	-7.234448E-1
+7.342175E+9	-1.610562E-2	-7.226844E-1
+7.342190E+9	-1.691484E-2	-7.221677E-1
+7.342205E+9	-1.790161E-2	-7.212442E-1
+7.342220E+9	-1.880261E-2	-7.201863E-1
+7.342235E+9	-1.888341E-2	-7.193377E-1
+7.342250E+9	-1.994097E-2	-7.181131E-1
+7.342265E+9	-2.121137E-2	-7.175890E-1
+7.342280E+9	-2.256483E-2	-7.163756E-1
+7.342295E+9	-2.369995E-2	-7.158297E-1
+7.342310E+9	-2.465202E-2	-7.151021E-1
+7.342325E+9	-2.519307E-2	-7.142646E-1
+7.342340E+9	-2.672401E-2	-7.136286E-1
+7.342355E+9	-2.807352E-2	-7.129661E-1
+7.342370E+9	-2.906547E-2	-7.124838E-1
+7.342385E+9	-2.972932E-2	-7.110811E-1
+7.342400E+9	-3.063342E-2	-7.102130E-1
+7.342415E+9	-3.187403E-2	-7.093287E-1
+7.342430E+9	-3.273245E-2	-7.093184E-1
+7.342445E+9	-3.343221E-2	-7.077982E-1
+7.342460E+9	-3.489823E-2	-7.071537E-1
+7.342475E+9	-3.601120E-2	-7.062937E-1
+7.342490E+9	-3.733193E-2	-7.053225E-1
+7.342505E+9	-3.819447E-2	-7.044979E-1
+7.342520E+9	-3.910181E-2	-7.034521E-1
+7.342535E+9	-4.067202E-2	-7.025597E-1
+7.342550E+9	-4.123863E-2	-7.023348E-1
+7.342565E+9	-4.223206E-2	-7.010631E-1
+7.342580E+9	-4.326646E-2	-6.999512E-1
+7.342595E+9	-4.429222E-2	-6.986745E-1
+7.342610E+9	-4.465163E-2	-6.980454E-1
+7.342625E+9	-4.538985E-2	-6.976028E-1
+7.342640E+9	-4.693400E-2	-6.961667E-1
+7.342655E+9	-4.852329E-2	-6.950157E-1
+7.342670E+9	-4.906205E-2	-6.938037E-1
+7.342685E+9	-5.019955E-2	-6.940383E-1
+7.342700E+9	-5.126695E-2	-6.927101E-1
+7.342715E+9	-5.236504E-2	-6.910984E-1
+7.342730E+9	-5.323910E-2	-6.903710E-1
+7.342745E+9	-5.413705E-2	-6.892441E-1
+7.342760E+9	-5.514351E-2	-6.890597E-1
+7.342775E+9	-5.690325E-2	-6.878113E-1
+7.342790E+9	-5.780407E-2	-6.869848E-1
+7.342805E+9	-5.841256E-2	-6.861598E-1
+7.342820E+9	-5.969245E-2	-6.847443E-1
+7.342835E+9	-6.094942E-2	-6.834104E-1
+7.342850E+9	-6.172965E-2	-6.827361E-1
+7.342865E+9	-6.284876E-2	-6.818941E-1
+7.342880E+9	-6.361262E-2	-6.802129E-1
+7.342895E+9	-6.469707E-2	-6.788898E-1
+7.342910E+9	-6.518956E-2	-6.782883E-1
+7.342925E+9	-6.651827E-2	-6.769827E-1
+7.342940E+9	-6.773421E-2	-6.759563E-1
+7.342955E+9	-6.884036E-2	-6.749275E-1
+7.342970E+9	-6.992490E-2	-6.740992E-1
+7.342985E+9	-7.053961E-2	-6.732164E-1
+7.343000E+9	-7.118506E-2	-6.724559E-1
+7.343015E+9	-7.255605E-2	-6.708360E-1
+7.343030E+9	-7.418067E-2	-6.692258E-1
+7.343045E+9	-7.489020E-2	-6.684999E-1
+7.343060E+9	-7.582886E-2	-6.676616E-1
+7.343075E+9	-7.665671E-2	-6.665948E-1
+7.343090E+9	-7.776663E-2	-6.653460E-1
+7.343105E+9	-7.942508E-2	-6.636631E-1
+7.343120E+9	-8.033913E-2	-6.631653E-1
+7.343135E+9	-8.109469E-2	-6.621347E-1
+7.343150E+9	-8.135843E-2	-6.606115E-1
+7.343165E+9	-8.313647E-2	-6.591795E-1
+7.343180E+9	-8.411796E-2	-6.583673E-1
+7.343195E+9	-8.529224E-2	-6.569121E-1
+7.343210E+9	-8.630162E-2	-6.559570E-1
+7.343225E+9	-8.710243E-2	-6.558711E-1
+7.343240E+9	-8.796479E-2	-6.538094E-1
+7.343255E+9	-8.896270E-2	-6.528779E-1
+7.343270E+9	-9.030522E-2	-6.511189E-1
+7.343285E+9	-9.136569E-2	-6.506752E-1
+7.343300E+9	-9.217227E-2	-6.492475E-1
+7.343315E+9	-9.346605E-2	-6.477478E-1
+7.343330E+9	-9.423367E-2	-6.467854E-1
+7.343345E+9	-9.504777E-2	-6.457988E-1
+7.343360E+9	-9.574367E-2	-6.443442E-1
+7.343375E+9	-9.683219E-2	-6.421550E-1
+7.343390E+9	-9.773916E-2	-6.410607E-1
+7.343405E+9	-9.890329E-2	-6.400052E-1
+7.343420E+9	-1.000772E-1	-6.387366E-1
+7.343435E+9	-1.014496E-1	-6.376056E-1
+7.343450E+9	-1.019868E-1	-6.366427E-1
+7.343465E+9	-1.030192E-1	-6.354512E-1
+7.343480E+9	-1.038614E-1	-6.339038E-1
+7.343495E+9	-1.050523E-1	-6.321561E-1
+7.343510E+9	-1.062657E-1	-6.305136E-1
+7.343525E+9	-1.068866E-1	-6.289598E-1
+7.343540E+9	-1.083577E-1	-6.282579E-1
+7.343555E+9	-1.092392E-1	-6.272251E-1
+7.343570E+9	-1.100474E-1	-6.251871E-1
+7.343585E+9	-1.108617E-1	-6.237043E-1
+7.343600E+9	-1.112389E-1	-6.224291E-1
+7.343615E+9	-1.124292E-1	-6.209337E-1
+7.343630E+9	-1.136910E-1	-6.198540E-1
+7.343645E+9	-1.147728E-1	-6.181475E-1
+7.343660E+9	-1.157520E-1	-6.171316E-1
+7.343675E+9	-1.164449E-1	-6.159146E-1
+7.343690E+9	-1.172179E-1	-6.145736E-1
+7.343705E+9	-1.179689E-1	-6.130992E-1
+7.343720E+9	-1.194420E-1	-6.114506E-1
+7.343735E+9	-1.203086E-1	-6.097410E-1
+7.343750E+9	-1.216511E-1	-6.078882E-1
+7.343765E+9	-1.226480E-1	-6.067670E-1
+7.343780E+9	-1.232164E-1	-6.056529E-1
+7.343795E+9	-1.242242E-1	-6.035876E-1
+7.343810E+9	-1.252057E-1	-6.022529E-1
+7.343825E+9	-1.263522E-1	-6.008954E-1
+7.343840E+9	-1.270363E-1	-5.990141E-1
+7.343855E+9	-1.278820E-1	-5.974450E-1
+7.343870E+9	-1.286546E-1	-5.965451E-1
+7.343885E+9	-1.290958E-1	-5.949924E-1
+7.343900E+9	-1.301882E-1	-5.933369E-1
+7.343915E+9	-1.313294E-1	-5.916855E-1
+7.343930E+9	-1.319531E-1	-5.902790E-1
+7.343945E+9	-1.328469E-1	-5.888548E-1
+7.343960E+9	-1.339964E-1	-5.870376E-1
+7.343975E+9	-1.352539E-1	-5.847514E-1
+7.343990E+9	-1.358895E-1	-5.834753E-1
+7.344005E+9	-1.365918E-1	-5.820612E-1
+7.344020E+9	-1.376985E-1	-5.806861E-1
+7.344035E+9	-1.388035E-1	-5.789192E-1
+7.344050E+9	-1.395263E-1	-5.775773E-1
+7.344065E+9	-1.400782E-1	-5.757626E-1
+7.344080E+9	-1.407233E-1	-5.736270E-1
+7.344095E+9	-1.416054E-1	-5.720053E-1
+7.344110E+9	-1.425978E-1	-5.707159E-1
+7.344125E+9	-1.430032E-1	-5.698371E-1
+7.344140E+9	-1.440182E-1	-5.677466E-1
+7.344155E+9	-1.451242E-1	-5.658232E-1
+7.344170E+9	-1.459047E-1	-5.643331E-1
+7.344185E+9	-1.467881E-1	-5.622137E-1
+7.344200E+9	-1.479211E-1	-5.603691E-1
+7.344215E+9	-1.483079E-1	-5.585703E-1
+7.344230E+9	-1.497398E-1	-5.569901E-1
+7.344245E+9	-1.503672E-1	-5.555222E-1
+7.344260E+9	-1.513249E-1	-5.535471E-1
+7.344275E+9	-1.517804E-1	-5.516995E-1
+7.344290E+9	-1.524187E-1	-5.503907E-1
+7.344305E+9	-1.534036E-1	-5.492175E-1
+7.344320E+9	-1.544111E-1	-5.474559E-1
+7.344335E+9	-1.552896E-1	-5.451420E-1
+7.344350E+9	-1.554480E-1	-5.430479E-1
+7.344365E+9	-1.563477E-1	-5.414383E-1
+7.344380E+9	-1.569268E-1	-5.394244E-1
+7.344395E+9	-1.577370E-1	-5.377502E-1
+7.344410E+9	-1.587230E-1	-5.357051E-1
+7.344425E+9	-1.589395E-1	-5.338604E-1
+7.344440E+9	-1.596924E-1	-5.319143E-1
+7.344455E+9	-1.605038E-1	-5.302130E-1
+7.344470E+9	-1.614165E-1	-5.282062E-1
+7.344485E+9	-1.620328E-1	-5.266468E-1
+7.344500E+9	-1.629453E-1	-5.246821E-1
+7.344515E+9	-1.636511E-1	-5.229250E-1
+7.344530E+9	-1.643609E-1	-5.206223E-1
+7.344545E+9	-1.650947E-1	-5.187666E-1
+7.344560E+9	-1.659098E-1	-5.166591E-1
+7.344575E+9	-1.662502E-1	-5.151081E-1
+7.344590E+9	-1.668958E-1	-5.132765E-1
+7.344605E+9	-1.675011E-1	-5.110257E-1
+7.344620E+9	-1.685236E-1	-5.089868E-1
+7.344635E+9	-1.693259E-1	-5.073005E-1
+7.344650E+9	-1.696195E-1	-5.049663E-1
+7.344665E+9	-1.704897E-1	-5.026411E-1
+7.344680E+9	-1.709875E-1	-5.012251E-1
+7.344695E+9	-1.714584E-1	-4.990720E-1
+7.344710E+9	-1.719275E-1	-4.971708E-1
+7.344725E+9	-1.726475E-1	-4.950001E-1
+7.344740E+9	-1.730042E-1	-4.929840E-1
+7.344755E+9	-1.740503E-1	-4.914753E-1
+7.344770E+9	-1.744226E-1	-4.889318E-1
+7.344785E+9	-1.748687E-1	-4.864303E-1
+7.344800E+9	-1.752883E-1	-4.847675E-1
+7.344815E+9	-1.761987E-1	-4.826726E-1
+7.344830E+9	-1.765127E-1	-4.803476E-1
+7.344845E+9	-1.768307E-1	-4.783316E-1
+7.344860E+9	-1.775156E-1	-4.761323E-1
+7.344875E+9	-1.783078E-1	-4.741611E-1
+7.344890E+9	-1.784954E-1	-4.718779E-1
+7.344905E+9	-1.788176E-1	-4.694002E-1
+7.344920E+9	-1.795789E-1	-4.674150E-1
+7.344935E+9	-1.802250E-1	-4.653270E-1
+7.344950E+9	-1.801967E-1	-4.632939E-1
+7.344965E+9	-1.809782E-1	-4.614813E-1
+7.344980E+9	-1.813632E-1	-4.592021E-1
+7.344995E+9	-1.815217E-1	-4.568117E-1
+7.345010E+9	-1.817791E-1	-4.543832E-1
+7.345025E+9	-1.823916E-1	-4.525975E-1
+7.345040E+9	-1.827220E-1	-4.501912E-1
+7.345055E+9	-1.829197E-1	-4.480926E-1
+7.345070E+9	-1.833101E-1	-4.459192E-1
+7.345085E+9	-1.840389E-1	-4.436579E-1
+7.345100E+9	-1.844642E-1	-4.412271E-1
+7.345115E+9	-1.851365E-1	-4.389283E-1
+7.345130E+9	-1.854298E-1	-4.364941E-1
+7.345145E+9	-1.854572E-1	-4.345218E-1
+7.345160E+9	-1.858098E-1	-4.320786E-1
+7.345175E+9	-1.857409E-1	-4.300968E-1
+7.345190E+9	-1.861226E-1	-4.276995E-1
+7.345205E+9	-1.862125E-1	-4.251797E-1
+7.345220E+9	-1.865294E-1	-4.228384E-1
+7.345235E+9	-1.868196E-1	-4.203767E-1
+7.345250E+9	-1.873479E-1	-4.187364E-1
+7.345265E+9	-1.874948E-1	-4.162434E-1
+7.345280E+9	-1.878385E-1	-4.137335E-1
+7.345295E+9	-1.878778E-1	-4.115473E-1
+7.345310E+9	-1.880169E-1	-4.091976E-1
+7.345325E+9	-1.879403E-1	-4.067899E-1
+7.345340E+9	-1.883582E-1	-4.044736E-1
+7.345355E+9	-1.884095E-1	-4.018053E-1
+7.345370E+9	-1.883205E-1	-3.994817E-1
+7.345385E+9	-1.886496E-1	-3.968829E-1
+7.345400E+9	-1.887577E-1	-3.944132E-1
+7.345415E+9	-1.887917E-1	-3.920876E-1
+7.345430E+9	-1.890418E-1	-3.896220E-1
+7.345445E+9	-1.893476E-1	-3.871794E-1
+7.345460E+9	-1.895369E-1	-3.846714E-1
+7.345475E+9	-1.893167E-1	-3.827457E-1
+7.345490E+9	-1.893666E-1	-3.803500E-1
+7.345505E+9	-1.893684E-1	-3.779687E-1
+7.345520E+9	-1.889809E-1	-3.756275E-1
+7.345535E+9	-1.890799E-1	-3.733871E-1
+7.345550E+9	-1.892299E-1	-3.708065E-1
+7.345565E+9	-1.890221E-1	-3.683828E-1
+7.345580E+9	-1.888058E-1	-3.660054E-1
+7.345595E+9	-1.882200E-1	-3.633735E-1
+7.345610E+9	-1.876652E-1	-3.616016E-1
+7.345625E+9	-1.878219E-1	-3.589682E-1
+7.345640E+9	-1.876441E-1	-3.565785E-1
+7.345655E+9	-1.870158E-1	-3.543119E-1
+7.345670E+9	-1.870515E-1	-3.516034E-1
+7.345685E+9	-1.868663E-1	-3.494053E-1
+7.345700E+9	-1.863664E-1	-3.468325E-1
+7.345715E+9	-1.864418E-1	-3.444054E-1
+7.345730E+9	-1.864035E-1	-3.416728E-1
+7.345745E+9	-1.858515E-1	-3.391420E-1
+7.345760E+9	-1.854506E-1	-3.368136E-1
+7.345775E+9	-1.853084E-1	-3.345413E-1
+7.345790E+9	-1.850542E-1	-3.316833E-1
+7.345805E+9	-1.848317E-1	-3.293254E-1
+7.345820E+9	-1.847250E-1	-3.269136E-1
+7.345835E+9	-1.845855E-1	-3.241297E-1
+7.345850E+9	-1.841980E-1	-3.210102E-1
+7.345865E+9	-1.837269E-1	-3.185083E-1
+7.345880E+9	-1.831880E-1	-3.159249E-1
+7.345895E+9	-1.830597E-1	-3.133116E-1
+7.345910E+9	-1.828101E-1	-3.108025E-1
+7.345925E+9	-1.825497E-1	-3.083471E-1
+7.345940E+9	-1.821510E-1	-3.059017E-1
+7.345955E+9	-1.817083E-1	-3.034151E-1
+7.345970E+9	-1.811565E-1	-3.008049E-1
+7.345985E+9	-1.807647E-1	-2.980454E-1
+7.346000E+9	-1.797213E-1	-2.954474E-1
+7.346015E+9	-1.797497E-1	-2.928328E-1
+7.346030E+9	-1.791963E-1	-2.903090E-1
+7.346045E+9	-1.784758E-1	-2.876634E-1
+7.346060E+9	-1.778378E-1	-2.851644E-1
+7.346075E+9	-1.773406E-1	-2.824050E-1
+7.346090E+9	-1.770007E-1	-2.796118E-1
+7.346105E+9	-1.761884E-1	-2.768808E-1
+7.346120E+9	-1.757076E-1	-2.742794E-1
+7.346135E+9	-1.751002E-1	-2.717633E-1
+7.346150E+9	-1.741024E-1	-2.689729E-1
+7.346165E+9	-1.735126E-1	-2.663742E-1
+7.346180E+9	-1.730705E-1	-2.639582E-1
+7.346195E+9	-1.723827E-1	-2.613584E-1
+7.346210E+9	-1.717419E-1	-2.585339E-1
+7.346225E+9	-1.709267E-1	-2.556832E-1
+7.346240E+9	-1.700921E-1	-2.531812E-1
+7.346255E+9	-1.694080E-1	-2.508157E-1
+7.346270E+9	-1.685894E-1	-2.479933E-1
+7.346285E+9	-1.677780E-1	-2.453895E-1
+7.346300E+9	-1.668708E-1	-2.426177E-1
+7.346315E+9	-1.660819E-1	-2.400407E-1
+7.346330E+9	-1.652750E-1	-2.373833E-1
+7.346345E+9	-1.640177E-1	-2.350738E-1
+7.346360E+9	-1.630817E-1	-2.322729E-1
+7.346375E+9	-1.621087E-1	-2.293909E-1
+7.346390E+9	-1.613021E-1	-2.267151E-1
+7.346405E+9	-1.602309E-1	-2.238304E-1
+7.346420E+9	-1.592603E-1	-2.213363E-1
+7.346435E+9	-1.582253E-1	-2.186839E-1
+7.346450E+9	-1.570550E-1	-2.159934E-1
+7.346465E+9	-1.560755E-1	-2.134010E-1
+7.346480E+9	-1.549776E-1	-2.108502E-1
+7.346495E+9	-1.541098E-1	-2.083613E-1
+7.346510E+9	-1.532250E-1	-2.058593E-1
+7.346525E+9	-1.519333E-1	-2.030811E-1
+7.346540E+9	-1.507664E-1	-2.004783E-1
+7.346555E+9	-1.499034E-1	-1.979682E-1
+7.346570E+9	-1.486615E-1	-1.953091E-1
+7.346585E+9	-1.475053E-1	-1.926773E-1
+7.346600E+9	-1.460259E-1	-1.899766E-1
+7.346615E+9	-1.446740E-1	-1.873620E-1
+7.346630E+9	-1.434385E-1	-1.848055E-1
+7.346645E+9	-1.423051E-1	-1.820811E-1
+7.346660E+9	-1.410989E-1	-1.794784E-1
+7.346675E+9	-1.397554E-1	-1.771170E-1
+7.346690E+9	-1.384916E-1	-1.744249E-1
+7.346705E+9	-1.369793E-1	-1.716867E-1
+7.346720E+9	-1.354791E-1	-1.691965E-1
+7.346735E+9	-1.340129E-1	-1.668834E-1
+7.346750E+9	-1.325972E-1	-1.641642E-1
+7.346765E+9	-1.312658E-1	-1.616527E-1
+7.346780E+9	-1.297345E-1	-1.590061E-1
+7.346795E+9	-1.281987E-1	-1.563226E-1
+7.346810E+9	-1.266078E-1	-1.537474E-1
+7.346825E+9	-1.252290E-1	-1.513330E-1
+7.346840E+9	-1.236329E-1	-1.488979E-1
+7.346855E+9	-1.220834E-1	-1.462675E-1
+7.346870E+9	-1.205585E-1	-1.436937E-1
+7.346885E+9	-1.189936E-1	-1.412605E-1
+7.346900E+9	-1.172105E-1	-1.388618E-1
+7.346915E+9	-1.155857E-1	-1.363448E-1
+7.346930E+9	-1.140007E-1	-1.338658E-1
+7.346945E+9	-1.124433E-1	-1.315124E-1
+7.346960E+9	-1.106853E-1	-1.289271E-1
+7.346975E+9	-1.089442E-1	-1.264498E-1
+7.346990E+9	-1.072705E-1	-1.239176E-1
+7.347005E+9	-1.053043E-1	-1.216540E-1
+7.347020E+9	-1.036011E-1	-1.192704E-1
+7.347035E+9	-1.017733E-1	-1.166660E-1
+7.347050E+9	-9.995938E-2	-1.143190E-1
+7.347065E+9	-9.823068E-2	-1.119356E-1
+7.347080E+9	-9.643459E-2	-1.096632E-1
+7.347095E+9	-9.459563E-2	-1.073136E-1
+7.347110E+9	-9.269978E-2	-1.048135E-1
+7.347125E+9	-9.074702E-2	-1.024134E-1
+7.347140E+9	-8.894624E-2	-1.001845E-1
+7.347155E+9	-8.705582E-2	-9.797370E-2
+7.347170E+9	-8.498275E-2	-9.573022E-2
+7.347185E+9	-8.307336E-2	-9.335555E-2
+7.347200E+9	-8.108185E-2	-9.085490E-2
+7.347215E+9	-7.914477E-2	-8.870146E-2
+7.347230E+9	-7.684364E-2	-8.655332E-2
+7.347245E+9	-7.478858E-2	-8.419960E-2
+7.347260E+9	-7.277721E-2	-8.174973E-2
+7.347275E+9	-7.084246E-2	-7.951947E-2
+7.347290E+9	-6.885490E-2	-7.725544E-2
+7.347305E+9	-6.679996E-2	-7.512969E-2
+7.347320E+9	-6.438452E-2	-7.300375E-2
+7.347335E+9	-6.218961E-2	-7.073699E-2
+7.347350E+9	-6.023227E-2	-6.852742E-2
+7.347365E+9	-5.805762E-2	-6.636251E-2
+7.347380E+9	-5.562865E-2	-6.461995E-2
+7.347395E+9	-5.347677E-2	-6.246694E-2
+7.347410E+9	-5.141143E-2	-6.034785E-2
+7.347425E+9	-4.899552E-2	-5.809903E-2
+7.347440E+9	-4.681143E-2	-5.589276E-2
+7.347455E+9	-4.452395E-2	-5.395798E-2
+7.347470E+9	-4.203968E-2	-5.190825E-2
+7.347485E+9	-3.972659E-2	-4.989660E-2
+7.347500E+9	-3.737735E-2	-4.784011E-2
+7.347515E+9	-3.506731E-2	-4.595037E-2
+7.347530E+9	-3.267159E-2	-4.403245E-2
+7.347545E+9	-3.029397E-2	-4.218238E-2
+7.347560E+9	-2.803003E-2	-4.020789E-2
+7.347575E+9	-2.558889E-2	-3.802679E-2
+7.347590E+9	-2.311649E-2	-3.603582E-2
+7.347605E+9	-2.048393E-2	-3.410798E-2
+7.347620E+9	-1.809333E-2	-3.218257E-2
+7.347635E+9	-1.575598E-2	-3.042793E-2
+7.347650E+9	-1.317937E-2	-2.862954E-2
+7.347665E+9	-1.073683E-2	-2.679578E-2
+7.347680E+9	-8.185155E-3	-2.493880E-2
+7.347695E+9	-5.659538E-3	-2.315224E-2
+7.347710E+9	-3.003207E-3	-2.139124E-2
+7.347725E+9	-5.369337E-4	-1.957788E-2
+7.347740E+9	+2.062179E-3	-1.792003E-2
+7.347755E+9	+4.678995E-3	-1.617273E-2
+7.347770E+9	+7.323454E-3	-1.441138E-2
+7.347785E+9	+1.008770E-2	-1.281162E-2
+7.347800E+9	+1.254044E-2	-1.097905E-2
+7.347815E+9	+1.510877E-2	-9.549878E-3
+7.347830E+9	+1.776784E-2	-8.025355E-3
+7.347845E+9	+2.042026E-2	-6.420012E-3
+7.347860E+9	+2.305782E-2	-4.654411E-3
+7.347875E+9	+2.581590E-2	-3.058022E-3
+7.347890E+9	+2.835053E-2	-1.480304E-3
+7.347905E+9	+3.103546E-2	-8.360783E-5
+7.347920E+9	+3.379814E-2	+1.367141E-3
+7.347935E+9	+3.655263E-2	+2.977590E-3
+7.347950E+9	+3.939115E-2	+4.561076E-3
+7.347965E+9	+4.208294E-2	+6.047619E-3
+7.347980E+9	+4.493326E-2	+7.570801E-3
+7.347995E+9	+4.763164E-2	+8.931534E-3
+7.348010E+9	+5.046210E-2	+1.026720E-2
+7.348025E+9	+5.321955E-2	+1.165783E-2
+7.348040E+9	+5.593005E-2	+1.301008E-2
+7.348055E+9	+5.865119E-2	+1.424988E-2
+7.348070E+9	+6.143212E-2	+1.559204E-2
+7.348085E+9	+6.430340E-2	+1.694139E-2
+7.348100E+9	+6.712323E-2	+1.820855E-2
+7.348115E+9	+6.995062E-2	+1.936066E-2
+7.348130E+9	+7.286416E-2	+2.060862E-2
+7.348145E+9	+7.567989E-2	+2.194694E-2
+7.348160E+9	+7.860676E-2	+2.311475E-2
+7.348175E+9	+8.143171E-2	+2.414086E-2
+7.348190E+9	+8.431438E-2	+2.523353E-2
+7.348205E+9	+8.718031E-2	+2.630978E-2
+7.348220E+9	+9.009128E-2	+2.741142E-2
+7.348235E+9	+9.294465E-2	+2.845761E-2
+7.348250E+9	+9.581981E-2	+2.945761E-2
+7.348265E+9	+9.871149E-2	+3.055634E-2
+7.348280E+9	+1.017715E-1	+3.153847E-2
+7.348295E+9	+1.046559E-1	+3.248570E-2
+7.348310E+9	+1.074743E-1	+3.348983E-2
+7.348325E+9	+1.103001E-1	+3.453915E-2
+7.348340E+9	+1.132063E-1	+3.552357E-2
+7.348355E+9	+1.162964E-1	+3.630565E-2
+7.348370E+9	+1.190477E-1	+3.720425E-2
+7.348385E+9	+1.219261E-1	+3.808743E-2
+7.348400E+9	+1.251938E-1	+3.882840E-2
+7.348415E+9	+1.280661E-1	+3.978551E-2
+7.348430E+9	+1.309221E-1	+4.067334E-2
+7.348445E+9	+1.338548E-1	+4.147756E-2
+7.348460E+9	+1.368614E-1	+4.194448E-2
+7.348475E+9	+1.398861E-1	+4.277199E-2
+7.348490E+9	+1.428307E-1	+4.339274E-2
+7.348505E+9	+1.457740E-1	+4.407950E-2
+7.348520E+9	+1.487349E-1	+4.481716E-2
+7.348535E+9	+1.516670E-1	+4.544978E-2
+7.348550E+9	+1.547740E-1	+4.596323E-2
+7.348565E+9	+1.576712E-1	+4.664986E-2
+7.348580E+9	+1.607304E-1	+4.738678E-2
+7.348595E+9	+1.636185E-1	+4.791952E-2
+7.348610E+9	+1.665430E-1	+4.840450E-2
+7.348625E+9	+1.696952E-1	+4.881605E-2
+7.348640E+9	+1.726340E-1	+4.945785E-2
+7.348655E+9	+1.755416E-1	+5.002998E-2
+7.348670E+9	+1.784541E-1	+5.051060E-2
+7.348685E+9	+1.815052E-1	+5.067433E-2
+7.348700E+9	+1.843608E-1	+5.118708E-2
+7.348715E+9	+1.872830E-1	+5.161763E-2
+7.348730E+9	+1.906193E-1	+5.175463E-2
+7.348745E+9	+1.935975E-1	+5.210733E-2
+7.348760E+9	+1.961391E-1	+5.241476E-2
+7.348775E+9	+1.994168E-1	+5.289488E-2
+7.348790E+9	+2.023720E-1	+5.318277E-2
+7.348805E+9	+2.053096E-1	+5.326271E-2
+7.348820E+9	+2.082581E-1	+5.352486E-2
+7.348835E+9	+2.110686E-1	+5.396553E-2
+7.348850E+9	+2.141639E-1	+5.416015E-2
+7.348865E+9	+2.170393E-1	+5.428184E-2
+7.348880E+9	+2.199566E-1	+5.442989E-2
+7.348895E+9	+2.228696E-1	+5.462669E-2
+7.348910E+9	+2.258745E-1	+5.462635E-2
+7.348925E+9	+2.288247E-1	+5.471800E-2
+7.348940E+9	+2.318643E-1	+5.474985E-2
+7.348955E+9	+2.348014E-1	+5.480628E-2
+7.348970E+9	+2.377562E-1	+5.487721E-2
+7.348985E+9	+2.406616E-1	+5.490793E-2
+7.349000E+9	+2.434375E-1	+5.490325E-2
+7.349015E+9	+2.463756E-1	+5.498745E-2
+7.349030E+9	+2.492770E-1	+5.498213E-2
+7.349045E+9	+2.521534E-1	+5.489657E-2
+7.349060E+9	+2.550206E-1	+5.480718E-2
+7.349075E+9	+2.580325E-1	+5.464979E-2
+7.349090E+9	+2.608958E-1	+5.461532E-2
+7.349105E+9	+2.637480E-1	+5.451334E-2
+7.349120E+9	+2.665202E-1	+5.440617E-2
+7.349135E+9	+2.694862E-1	+5.399866E-2
+7.349150E+9	+2.724847E-1	+5.390274E-2
+7.349165E+9	+2.753667E-1	+5.371757E-2
+7.349180E+9	+2.781659E-1	+5.348767E-2
+7.349195E+9	+2.808587E-1	+5.322198E-2
+7.349210E+9	+2.837202E-1	+5.302603E-2
+7.349225E+9	+2.867323E-1	+5.267292E-2
+7.349240E+9	+2.895783E-1	+5.231785E-2
+7.349255E+9	+2.923753E-1	+5.198263E-2
+7.349270E+9	+2.951434E-1	+5.165288E-2
+7.349285E+9	+2.980241E-1	+5.142272E-2
+7.349300E+9	+3.007523E-1	+5.107447E-2
+7.349315E+9	+3.034887E-1	+5.068054E-2
+7.349330E+9	+3.063164E-1	+5.005004E-2
+7.349345E+9	+3.091184E-1	+4.962989E-2
+7.349360E+9	+3.118028E-1	+4.931612E-2
+7.349375E+9	+3.145620E-1	+4.883617E-2
+7.349390E+9	+3.173887E-1	+4.834645E-2
+7.349405E+9	+3.201364E-1	+4.782028E-2
+7.349420E+9	+3.227587E-1	+4.729434E-2
+7.349435E+9	+3.254554E-1	+4.674829E-2
+7.349450E+9	+3.282376E-1	+4.623413E-2
+7.349465E+9	+3.309167E-1	+4.571630E-2
+7.349480E+9	+3.335996E-1	+4.510818E-2
+7.349495E+9	+3.363141E-1	+4.449949E-2
+7.349510E+9	+3.389874E-1	+4.391419E-2
+7.349525E+9	+3.416313E-1	+4.328284E-2
+7.349540E+9	+3.443099E-1	+4.265908E-2
+7.349555E+9	+3.469690E-1	+4.198990E-2
+7.349570E+9	+3.495568E-1	+4.132260E-2
+7.349585E+9	+3.522477E-1	+4.070455E-2
+7.349600E+9	+3.548818E-1	+4.005722E-2
+7.349615E+9	+3.574449E-1	+3.934143E-2
+7.349630E+9	+3.600298E-1	+3.863808E-2
+7.349645E+9	+3.626094E-1	+3.789105E-2
+7.349660E+9	+3.651660E-1	+3.717908E-2
+7.349675E+9	+3.677749E-1	+3.640700E-2
+7.349690E+9	+3.702842E-1	+3.553231E-2
+7.349705E+9	+3.728109E-1	+3.466295E-2
+7.349720E+9	+3.753607E-1	+3.379681E-2
+7.349735E+9	+3.778583E-1	+3.306955E-2
+7.349750E+9	+3.804448E-1	+3.220635E-2
+7.349765E+9	+3.829086E-1	+3.141173E-2
+7.349780E+9	+3.854104E-1	+3.055041E-2
+7.349795E+9	+3.878602E-1	+2.967869E-2
+7.349810E+9	+3.902863E-1	+2.879797E-2
+7.349825E+9	+3.926892E-1	+2.790736E-2
+7.349840E+9	+3.951424E-1	+2.706684E-2
+7.349855E+9	+3.977021E-1	+2.599765E-2
+7.349870E+9	+4.001501E-1	+2.503763E-2
+7.349885E+9	+4.024304E-1	+2.424018E-2
+7.349900E+9	+4.048934E-1	+2.328244E-2
+7.349915E+9	+4.070977E-1	+2.218222E-2
+7.349930E+9	+4.095817E-1	+2.122499E-2
+7.349945E+9	+4.120250E-1	+2.014051E-2
+7.349960E+9	+4.142944E-1	+1.916318E-2
+7.349975E+9	+4.165942E-1	+1.815599E-2
+7.349990E+9	+4.189157E-1	+1.719183E-2
+7.350005E+9	+4.212129E-1	+1.617451E-2
+7.350020E+9	+4.235344E-1	+1.511853E-2
+7.350035E+9	+4.256711E-1	+1.407696E-2
+7.350050E+9	+4.281957E-1	+1.293817E-2
+7.350065E+9	+4.305092E-1	+1.184134E-2
+7.350080E+9	+4.325832E-1	+1.075278E-2
+7.350095E+9	+4.348480E-1	+9.652546E-3
+7.350110E+9	+4.370378E-1	+8.462305E-3
+7.350125E+9	+4.393824E-1	+7.445594E-3
+7.350140E+9	+4.415944E-1	+6.310439E-3
+7.350155E+9	+4.437424E-1	+5.156282E-3
+7.350170E+9	+4.459207E-1	+4.005225E-3
+7.350185E+9	+4.480704E-1	+2.826635E-3
+7.350200E+9	+4.502473E-1	+1.683119E-3
+7.350215E+9	+4.523569E-1	+4.713449E-4
+7.350230E+9	+4.544780E-1	-7.370907E-4
+7.350245E+9	+4.566053E-1	-1.899020E-3
+7.350260E+9	+4.587283E-1	-3.101579E-3
+7.350275E+9	+4.608375E-1	-4.350698E-3
+7.350290E+9	+4.629058E-1	-5.560778E-3
+7.350305E+9	+4.649424E-1	-6.847362E-3
+7.350320E+9	+4.670521E-1	-8.147902E-3
+7.350335E+9	+4.690777E-1	-9.313275E-3
+7.350350E+9	+4.710576E-1	-1.060258E-2
+7.350365E+9	+4.730769E-1	-1.181789E-2
+7.350380E+9	+4.751548E-1	-1.305646E-2
+7.350395E+9	+4.771620E-1	-1.429530E-2
+7.350410E+9	+4.790860E-1	-1.566411E-2
+7.350425E+9	+4.810086E-1	-1.696494E-2
+7.350440E+9	+4.829433E-1	-1.813160E-2
+7.350455E+9	+4.849930E-1	-1.950098E-2
+7.350470E+9	+4.869844E-1	-2.078750E-2
+7.350485E+9	+4.888180E-1	-2.221444E-2
+7.350500E+9	+4.907018E-1	-2.356083E-2
+7.350515E+9	+4.926867E-1	-2.470247E-2
+7.350530E+9	+4.944857E-1	-2.619501E-2
+7.350545E+9	+4.963493E-1	-2.744366E-2
+7.350560E+9	+4.981347E-1	-2.894742E-2
+7.350575E+9	+4.999991E-1	-3.024663E-2
+7.350590E+9	+5.018042E-1	-3.160849E-2
+7.350605E+9	+5.036716E-1	-3.314459E-2
+7.350620E+9	+5.055462E-1	-3.443811E-2
+7.350635E+9	+5.072745E-1	-3.585634E-2
+7.350650E+9	+5.089905E-1	-3.719643E-2
+7.350665E+9	+5.108360E-1	-3.853730E-2
+7.350680E+9	+5.126034E-1	-3.998428E-2
+7.350695E+9	+5.143255E-1	-4.139205E-2
+7.350710E+9	+5.159631E-1	-4.275330E-2
+7.350725E+9	+5.176888E-1	-4.415094E-2
+7.350740E+9	+5.194111E-1	-4.563748E-2
+7.350755E+9	+5.211162E-1	-4.703097E-2
+7.350770E+9	+5.228865E-1	-4.843744E-2
+7.350785E+9	+5.245286E-1	-4.981695E-2
+7.350800E+9	+5.262254E-1	-5.128784E-2
+7.350815E+9	+5.278575E-1	-5.271107E-2
+7.350830E+9	+5.293804E-1	-5.408047E-2
+7.350845E+9	+5.309401E-1	-5.529662E-2
+7.350860E+9	+5.326648E-1	-5.703855E-2
+7.350875E+9	+5.343047E-1	-5.857044E-2
+7.350890E+9	+5.359622E-1	-6.008718E-2
+7.350905E+9	+5.374855E-1	-6.146207E-2
+7.350920E+9	+5.389058E-1	-6.280492E-2
+7.350935E+9	+5.405826E-1	-6.438243E-2
+7.350950E+9	+5.422158E-1	-6.586966E-2
+7.350965E+9	+5.437016E-1	-6.737940E-2
+7.350980E+9	+5.452113E-1	-6.878240E-2
+7.350995E+9	+5.467883E-1	-7.023328E-2
+7.351010E+9	+5.482502E-1	-7.182572E-2
+7.351025E+9	+5.497495E-1	-7.330881E-2
+7.351040E+9	+5.511046E-1	-7.481248E-2
+7.351055E+9	+5.525949E-1	-7.623293E-2
+7.351070E+9	+5.540276E-1	-7.757362E-2
+7.351085E+9	+5.553501E-1	-7.931035E-2
+7.351100E+9	+5.568250E-1	-8.081795E-2
+7.351115E+9	+5.582348E-1	-8.238073E-2
+7.351130E+9	+5.597339E-1	-8.378140E-2
+7.351145E+9	+5.610288E-1	-8.537147E-2
+7.351160E+9	+5.623838E-1	-8.685072E-2
+7.351175E+9	+5.637605E-1	-8.824357E-2
+7.351190E+9	+5.652086E-1	-8.975368E-2
+7.351205E+9	+5.666014E-1	-9.128387E-2
+7.351220E+9	+5.677973E-1	-9.288561E-2
+7.351235E+9	+5.691037E-1	-9.455189E-2
+7.351250E+9	+5.704146E-1	-9.607512E-2
+7.351265E+9	+5.717584E-1	-9.743775E-2
+7.351280E+9	+5.729131E-1	-9.887744E-2
+7.351295E+9	+5.740318E-1	-1.004804E-1
+7.351310E+9	+5.754907E-1	-1.019694E-1
+7.351325E+9	+5.767861E-1	-1.035569E-1
+7.351340E+9	+5.781814E-1	-1.051188E-1
+7.351355E+9	+5.792541E-1	-1.066942E-1
+7.351370E+9	+5.803888E-1	-1.082409E-1
+7.351385E+9	+5.816898E-1	-1.097177E-1
+7.351400E+9	+5.830074E-1	-1.111575E-1
+7.351415E+9	+5.840210E-1	-1.126554E-1
+7.351430E+9	+5.854162E-1	-1.142261E-1
+7.351445E+9	+5.866251E-1	-1.158442E-1
+7.351460E+9	+5.877535E-1	-1.174501E-1
+7.351475E+9	+5.887998E-1	-1.187731E-1
+7.351490E+9	+5.899022E-1	-1.204412E-1
+7.351505E+9	+5.911724E-1	-1.219454E-1
+7.351520E+9	+5.921830E-1	-1.234195E-1
+7.351535E+9	+5.933989E-1	-1.249704E-1
+7.351550E+9	+5.944321E-1	-1.265375E-1
+7.351565E+9	+5.955474E-1	-1.280679E-1
+7.351580E+9	+5.965961E-1	-1.296794E-1
+7.351595E+9	+5.975053E-1	-1.312608E-1
+7.351610E+9	+5.985370E-1	-1.327370E-1
+7.351625E+9	+5.996879E-1	-1.344687E-1
+7.351640E+9	+6.006043E-1	-1.357658E-1
+7.351655E+9	+6.015753E-1	-1.373484E-1
+7.351670E+9	+6.027777E-1	-1.388641E-1
+7.351685E+9	+6.037972E-1	-1.404674E-1
+7.351700E+9	+6.048374E-1	-1.420868E-1
+7.351715E+9	+6.057928E-1	-1.435897E-1
+7.351730E+9	+6.066234E-1	-1.451207E-1
+7.351745E+9	+6.075850E-1	-1.467200E-1
+7.351760E+9	+6.088587E-1	-1.479577E-1
+7.351775E+9	+6.095484E-1	-1.494893E-1
+7.351790E+9	+6.103736E-1	-1.511802E-1
+7.351805E+9	+6.116938E-1	-1.525696E-1
+7.351820E+9	+6.123755E-1	-1.541735E-1
+7.351835E+9	+6.133670E-1	-1.554810E-1
+7.351850E+9	+6.143909E-1	-1.571541E-1
+7.351865E+9	+6.153097E-1	-1.587918E-1
+7.351880E+9	+6.162483E-1	-1.602714E-1
+7.351895E+9	+6.173700E-1	-1.616106E-1
+7.351910E+9	+6.181126E-1	-1.633409E-1
+7.351925E+9	+6.188070E-1	-1.648885E-1
+7.351940E+9	+6.196645E-1	-1.665699E-1
+7.351955E+9	+6.204019E-1	-1.679690E-1
+7.351970E+9	+6.210968E-1	-1.695349E-1
+7.351985E+9	+6.220447E-1	-1.710764E-1
+7.352000E+9	+6.228415E-1	-1.725537E-1
+7.352015E+9	+6.234883E-1	-1.739558E-1
+7.352030E+9	+6.245881E-1	-1.753481E-1
+7.352045E+9	+6.254249E-1	-1.769598E-1
+7.352060E+9	+6.263116E-1	-1.785107E-1
+7.352075E+9	+6.271355E-1	-1.800906E-1
+7.352090E+9	+6.279941E-1	-1.816549E-1
+7.352105E+9	+6.285665E-1	-1.831526E-1
+7.352120E+9	+6.294773E-1	-1.845650E-1
+7.352135E+9	+6.300178E-1	-1.857559E-1
+7.352150E+9	+6.306888E-1	-1.873213E-1
+7.352165E+9	+6.314041E-1	-1.889249E-1
+7.352180E+9	+6.322675E-1	-1.903971E-1
+7.352195E+9	+6.329193E-1	-1.919446E-1
+7.352210E+9	+6.335918E-1	-1.935824E-1
+7.352225E+9	+6.339313E-1	-1.950925E-1
+7.352240E+9	+6.346614E-1	-1.967350E-1
+7.352255E+9	+6.356005E-1	-1.979734E-1
+7.352270E+9	+6.362935E-1	-1.994581E-1
+7.352285E+9	+6.369867E-1	-2.008681E-1
+7.352300E+9	+6.377330E-1	-2.024280E-1
+7.352315E+9	+6.385746E-1	-2.038911E-1
+7.352330E+9	+6.386843E-1	-2.057098E-1
+7.352345E+9	+6.395013E-1	-2.069225E-1
+7.352360E+9	+6.402679E-1	-2.083817E-1
+7.352375E+9	+6.408236E-1	-2.098712E-1
+7.352390E+9	+6.412884E-1	-2.113108E-1
+7.352405E+9	+6.419100E-1	-2.127006E-1
+7.352420E+9	+6.425223E-1	-2.143268E-1
+7.352435E+9	+6.431428E-1	-2.156544E-1
+7.352450E+9	+6.437577E-1	-2.170586E-1
+7.352465E+9	+6.443791E-1	-2.184521E-1
+7.352480E+9	+6.451306E-1	-2.201404E-1
+7.352495E+9	+6.456932E-1	-2.216295E-1
+7.352510E+9	+6.461931E-1	-2.229062E-1
+7.352525E+9	+6.466800E-1	-2.243391E-1
+7.352540E+9	+6.470951E-1	-2.259121E-1
+7.352555E+9	+6.476004E-1	-2.272572E-1
+7.352570E+9	+6.481089E-1	-2.285068E-1
+7.352585E+9	+6.485837E-1	-2.299873E-1
+7.352600E+9	+6.490383E-1	-2.314060E-1
+7.352615E+9	+6.496843E-1	-2.327077E-1
+7.352630E+9	+6.501856E-1	-2.343372E-1
+7.352645E+9	+6.505891E-1	-2.355416E-1
+7.352660E+9	+6.511885E-1	-2.370671E-1
+7.352675E+9	+6.517268E-1	-2.387362E-1
+7.352690E+9	+6.521614E-1	-2.403364E-1
+7.352705E+9	+6.526052E-1	-2.414322E-1
+7.352720E+9	+6.529081E-1	-2.429058E-1
+7.352735E+9	+6.536227E-1	-2.442621E-1
+7.352750E+9	+6.545314E-1	-2.457168E-1
+7.352765E+9	+6.547986E-1	-2.470481E-1
+7.352780E+9	+6.549594E-1	-2.484834E-1
+7.352795E+9	+6.551747E-1	-2.498972E-1
+7.352810E+9	+6.556566E-1	-2.514795E-1
+7.352825E+9	+6.561704E-1	-2.525285E-1
+7.352840E+9	+6.566995E-1	-2.540679E-1
+7.352855E+9	+6.571987E-1	-2.553368E-1
+7.352870E+9	+6.577792E-1	-2.570404E-1
+7.352885E+9	+6.580979E-1	-2.581932E-1
+7.352900E+9	+6.581443E-1	-2.593949E-1
+7.352915E+9	+6.586042E-1	-2.608264E-1
+7.352930E+9	+6.590825E-1	-2.623002E-1
+7.352945E+9	+6.594022E-1	-2.636403E-1
+7.352960E+9	+6.599591E-1	-2.649706E-1
+7.352975E+9	+6.601280E-1	-2.667930E-1
+7.352990E+9	+6.605059E-1	-2.679623E-1
+7.353005E+9	+6.608617E-1	-2.693978E-1
+7.353020E+9	+6.616217E-1	-2.708546E-1
+7.353035E+9	+6.616075E-1	-2.718448E-1
+7.353050E+9	+6.618949E-1	-2.733131E-1
+7.353065E+9	+6.624175E-1	-2.745527E-1
+7.353080E+9	+6.625653E-1	-2.757685E-1
+7.353095E+9	+6.627435E-1	-2.772744E-1
+7.353110E+9	+6.632336E-1	-2.788611E-1
+7.353125E+9	+6.638815E-1	-2.800689E-1
+7.353140E+9	+6.640627E-1	-2.813960E-1
+7.353155E+9	+6.642324E-1	-2.827872E-1
+7.353170E+9	+6.643453E-1	-2.839807E-1
+7.353185E+9	+6.648328E-1	-2.851680E-1
+7.353200E+9	+6.651410E-1	-2.868139E-1
+7.353215E+9	+6.653471E-1	-2.882278E-1
+7.353230E+9	+6.655322E-1	-2.893999E-1
+7.353245E+9	+6.660138E-1	-2.904566E-1
+7.353260E+9	+6.662974E-1	-2.918146E-1
+7.353275E+9	+6.664227E-1	-2.930671E-1
+7.353290E+9	+6.666915E-1	-2.945561E-1
+7.353305E+9	+6.670826E-1	-2.958341E-1
+7.353320E+9	+6.671672E-1	-2.970804E-1
+7.353335E+9	+6.673546E-1	-2.984626E-1
+7.353350E+9	+6.674211E-1	-2.997704E-1
+7.353365E+9	+6.678595E-1	-3.009248E-1
+7.353380E+9	+6.679542E-1	-3.022736E-1
+7.353395E+9	+6.682887E-1	-3.033999E-1
+7.353410E+9	+6.686412E-1	-3.049060E-1
+7.353425E+9	+6.688442E-1	-3.063228E-1
+7.353440E+9	+6.687656E-1	-3.074377E-1
+7.353455E+9	+6.692481E-1	-3.085989E-1
+7.353470E+9	+6.694256E-1	-3.100201E-1
+7.353485E+9	+6.695310E-1	-3.111845E-1
+7.353500E+9	+6.702135E-1	-3.128899E-1
+7.353515E+9	+6.701408E-1	-3.138176E-1
+7.353530E+9	+6.702131E-1	-3.148807E-1
+7.353545E+9	+6.705523E-1	-3.165468E-1
+7.353560E+9	+6.705544E-1	-3.179631E-1
+7.353575E+9	+6.706538E-1	-3.190322E-1
+7.353590E+9	+6.705984E-1	-3.205963E-1
+7.353605E+9	+6.705414E-1	-3.219502E-1
+7.353620E+9	+6.706302E-1	-3.233355E-1
+7.353635E+9	+6.708084E-1	-3.248232E-1
+7.353650E+9	+6.703511E-1	-3.267867E-1
+7.353665E+9	+6.704939E-1	-3.281287E-1
+7.353680E+9	+6.706582E-1	-3.292842E-1
+7.353695E+9	+6.708453E-1	-3.307993E-1
+7.353710E+9	+6.709557E-1	-3.323054E-1
+7.353725E+9	+6.707266E-1	-3.337939E-1
+7.353740E+9	+6.707568E-1	-3.349330E-1
+7.353755E+9	+6.708483E-1	-3.363622E-1
+7.353770E+9	+6.707223E-1	-3.376749E-1
+7.353785E+9	+6.708925E-1	-3.387555E-1
+7.353800E+9	+6.709272E-1	-3.402038E-1
+7.353815E+9	+6.712991E-1	-3.414987E-1
+7.353830E+9	+6.713961E-1	-3.427446E-1
+7.353845E+9	+6.715656E-1	-3.436650E-1
+7.353860E+9	+6.713982E-1	-3.449825E-1
+7.353875E+9	+6.715611E-1	-3.459851E-1
+7.353890E+9	+6.716225E-1	-3.473520E-1
+7.353905E+9	+6.718037E-1	-3.488256E-1
+7.353920E+9	+6.714672E-1	-3.501824E-1
+7.353935E+9	+6.718108E-1	-3.512582E-1
+7.353950E+9	+6.720112E-1	-3.524408E-1
+7.353965E+9	+6.722342E-1	-3.536007E-1
+7.353980E+9	+6.723326E-1	-3.546951E-1
+7.353995E+9	+6.725349E-1	-3.559539E-1
+7.354010E+9	+6.723005E-1	-3.570213E-1
+7.354025E+9	+6.719401E-1	-3.580335E-1
+7.354040E+9	+6.721171E-1	-3.592633E-1
+7.354055E+9	+6.724215E-1	-3.604526E-1
+7.354070E+9	+6.726886E-1	-3.616213E-1
+7.354085E+9	+6.722178E-1	-3.623844E-1
+7.354100E+9	+6.720740E-1	-3.633618E-1
+7.354115E+9	+6.722547E-1	-3.649368E-1
+7.354130E+9	+6.726057E-1	-3.665185E-1
+7.354145E+9	+6.726781E-1	-3.675144E-1
+7.354160E+9	+6.725952E-1	-3.685966E-1
+7.354175E+9	+6.727130E-1	-3.693926E-1
+7.354190E+9	+6.728490E-1	-3.706588E-1
+7.354205E+9	+6.726849E-1	-3.714724E-1
+7.354220E+9	+6.723937E-1	-3.727323E-1
+7.354235E+9	+6.722777E-1	-3.737816E-1
+7.354250E+9	+6.732254E-1	-3.750988E-1
+7.354265E+9	+6.731195E-1	-3.761461E-1
+7.354280E+9	+6.728542E-1	-3.771714E-1
+7.354295E+9	+6.724511E-1	-3.782310E-1
+7.354310E+9	+6.725227E-1	-3.794719E-1
+7.354325E+9	+6.726783E-1	-3.808881E-1
+7.354340E+9	+6.727212E-1	-3.817167E-1
+7.354355E+9	+6.726921E-1	-3.827781E-1
+7.354370E+9	+6.724317E-1	-3.841895E-1
+7.354385E+9	+6.730531E-1	-3.852577E-1
+7.354400E+9	+6.733650E-1	-3.860339E-1
+7.354415E+9	+6.731122E-1	-3.874587E-1
+7.354430E+9	+6.726008E-1	-3.883505E-1
+7.354445E+9	+6.727148E-1	-3.894595E-1
+7.354460E+9	+6.728570E-1	-3.905078E-1
+7.354475E+9	+6.728066E-1	-3.916732E-1
+7.354490E+9	+6.731771E-1	-3.927465E-1
+7.354505E+9	+6.731333E-1	-3.937769E-1
+7.354520E+9	+6.725994E-1	-3.951491E-1
+7.354535E+9	+6.726343E-1	-3.958372E-1
+7.354550E+9	+6.725260E-1	-3.967811E-1
+7.354565E+9	+6.724810E-1	-3.981401E-1
+7.354580E+9	+6.722862E-1	-3.990180E-1
+7.354595E+9	+6.725092E-1	-4.003553E-1
+7.354610E+9	+6.724570E-1	-4.014558E-1
+7.354625E+9	+6.721208E-1	-4.023857E-1
+7.354640E+9	+6.724219E-1	-4.033192E-1
+7.354655E+9	+6.724431E-1	-4.040275E-1
+7.354670E+9	+6.722414E-1	-4.050663E-1
+7.354685E+9	+6.723632E-1	-4.063825E-1
+7.354700E+9	+6.720456E-1	-4.073116E-1
+7.354715E+9	+6.720106E-1	-4.082878E-1
+7.354730E+9	+6.722158E-1	-4.088573E-1
+7.354745E+9	+6.721951E-1	-4.103319E-1
+7.354760E+9	+6.717781E-1	-4.116007E-1
+7.354775E+9	+6.714302E-1	-4.123309E-1
+7.354790E+9	+6.714805E-1	-4.132626E-1
+7.354805E+9	+6.715049E-1	-4.145353E-1
+7.354820E+9	+6.715146E-1	-4.153950E-1
+7.354835E+9	+6.711143E-1	-4.165288E-1
+7.354850E+9	+6.707958E-1	-4.174901E-1
+7.354865E+9	+6.712886E-1	-4.181241E-1
+7.354880E+9	+6.714590E-1	-4.194921E-1
+7.354895E+9	+6.711672E-1	-4.202146E-1
+7.354910E+9	+6.707049E-1	-4.214062E-1
+7.354925E+9	+6.706557E-1	-4.227405E-1
+7.354940E+9	+6.704366E-1	-4.239173E-1
+7.354955E+9	+6.706427E-1	-4.245361E-1
+7.354970E+9	+6.701403E-1	-4.251177E-1
+7.354985E+9	+6.700858E-1	-4.264366E-1
+7.355000E+9	+6.703206E-1	-4.277008E-1
+7.355015E+9	+6.700834E-1	-4.287129E-1
+7.355030E+9	+6.697500E-1	-4.294585E-1
+7.355045E+9	+6.698139E-1	-4.303494E-1
+7.355060E+9	+6.701400E-1	-4.311522E-1
+7.355075E+9	+6.701658E-1	-4.324734E-1
+7.355090E+9	+6.697039E-1	-4.333609E-1
+7.355105E+9	+6.693404E-1	-4.344033E-1
+7.355120E+9	+6.692912E-1	-4.353413E-1
+7.355135E+9	+6.691007E-1	-4.359366E-1
+7.355150E+9	+6.693982E-1	-4.370815E-1
+7.355165E+9	+6.692779E-1	-4.380357E-1
+7.355180E+9	+6.694515E-1	-4.390215E-1
+7.355195E+9	+6.692154E-1	-4.396172E-1
+7.355210E+9	+6.689107E-1	-4.405562E-1
+7.355225E+9	+6.684025E-1	-4.418491E-1
+7.355240E+9	+6.683358E-1	-4.424838E-1
+7.355255E+9	+6.684707E-1	-4.435028E-1
+7.355270E+9	+6.688838E-1	-4.446025E-1
+7.355285E+9	+6.683352E-1	-4.455450E-1
+7.355300E+9	+6.679540E-1	-4.462661E-1
+7.355315E+9	+6.675336E-1	-4.474339E-1
+7.355330E+9	+6.676533E-1	-4.484404E-1
+7.355345E+9	+6.679772E-1	-4.488827E-1
+7.355360E+9	+6.678353E-1	-4.497470E-1
+7.355375E+9	+6.671119E-1	-4.508186E-1
+7.355390E+9	+6.674238E-1	-4.517633E-1
+7.355405E+9	+6.671428E-1	-4.528411E-1
+7.355420E+9	+6.665937E-1	-4.541388E-1
+7.355435E+9	+6.661026E-1	-4.548673E-1
+7.355450E+9	+6.665510E-1	-4.552830E-1
+7.355465E+9	+6.668125E-1	-4.562209E-1
+7.355480E+9	+6.666516E-1	-4.570859E-1
+7.355495E+9	+6.664959E-1	-4.580479E-1
+7.355510E+9	+6.661585E-1	-4.592535E-1
+7.355525E+9	+6.660104E-1	-4.598564E-1
+7.355540E+9	+6.653580E-1	-4.605655E-1
+7.355555E+9	+6.653747E-1	-4.612396E-1
+7.355570E+9	+6.653495E-1	-4.622157E-1
+7.355585E+9	+6.653333E-1	-4.634329E-1
+7.355600E+9	+6.652575E-1	-4.642346E-1
+7.355615E+9	+6.650707E-1	-4.650409E-1
+7.355630E+9	+6.648499E-1	-4.658919E-1
+7.355645E+9	+6.645514E-1	-4.667923E-1
+7.355660E+9	+6.643242E-1	-4.675842E-1
+7.355675E+9	+6.641794E-1	-4.681124E-1
+7.355690E+9	+6.641303E-1	-4.690442E-1
+7.355705E+9	+6.637415E-1	-4.702944E-1
+7.355720E+9	+6.639770E-1	-4.712057E-1
+7.355735E+9	+6.636516E-1	-4.720751E-1
+7.355750E+9	+6.629548E-1	-4.726105E-1
+7.355765E+9	+6.626407E-1	-4.732205E-1
+7.355780E+9	+6.628743E-1	-4.742514E-1
+7.355795E+9	+6.625757E-1	-4.751428E-1
+7.355810E+9	+6.623713E-1	-4.762337E-1
+7.355825E+9	+6.620605E-1	-4.777578E-1
+7.355840E+9	+6.617497E-1	-4.782311E-1
+7.355855E+9	+6.615917E-1	-4.783830E-1
+7.355870E+9	+6.614834E-1	-4.793602E-1
+7.355885E+9	+6.615682E-1	-4.805858E-1
+7.355900E+9	+6.614830E-1	-4.813952E-1
+7.355915E+9	+6.610454E-1	-4.824472E-1
+7.355930E+9	+6.605881E-1	-4.832463E-1
+7.355945E+9	+6.611117E-1	-4.837072E-1
+7.355960E+9	+6.607106E-1	-4.843611E-1
+7.355975E+9	+6.600852E-1	-4.850903E-1
+7.355990E+9	+6.599733E-1	-4.861750E-1
+7.356005E+9	+6.606461E-1	-4.875031E-1
+7.356020E+9	+6.602902E-1	-4.880143E-1
+7.356035E+9	+6.600295E-1	-4.889307E-1
+7.356050E+9	+6.594086E-1	-4.896327E-1
+7.356065E+9	+6.590332E-1	-4.904138E-1
+7.356080E+9	+6.585551E-1	-4.911680E-1
+7.356095E+9	+6.585222E-1	-4.915465E-1
+7.356110E+9	+6.582944E-1	-4.925733E-1
+7.356125E+9	+6.582692E-1	-4.936098E-1
+7.356140E+9	+6.583321E-1	-4.945493E-1
+7.356155E+9	+6.581810E-1	-4.951558E-1
+7.356170E+9	+6.579157E-1	-4.959834E-1
+7.356185E+9	+6.573765E-1	-4.967349E-1
+7.356200E+9	+6.574501E-1	-4.975272E-1
+7.356215E+9	+6.573826E-1	-4.982656E-1
+7.356230E+9	+6.568542E-1	-4.989426E-1
+7.356245E+9	+6.568059E-1	-4.999572E-1
+7.356260E+9	+6.565081E-1	-5.007274E-1
+7.356275E+9	+6.561324E-1	-5.019781E-1
+7.356290E+9	+6.563594E-1	-5.022587E-1
+7.356305E+9	+6.561518E-1	-5.028249E-1
+7.356320E+9	+6.555365E-1	-5.036780E-1
+7.356335E+9	+6.555187E-1	-5.044905E-1
+7.356350E+9	+6.549229E-1	-5.059515E-1
+7.356365E+9	+6.548591E-1	-5.061543E-1
+7.356380E+9	+6.550134E-1	-5.068227E-1
+7.356395E+9	+6.543735E-1	-5.076550E-1
+7.356410E+9	+6.545950E-1	-5.089359E-1
+7.356425E+9	+6.538021E-1	-5.093036E-1
+7.356440E+9	+6.538442E-1	-5.098049E-1
+7.356455E+9	+6.538143E-1	-5.100326E-1
+7.356470E+9	+6.535878E-1	-5.108943E-1
+7.356485E+9	+6.528248E-1	-5.122098E-1
+7.356500E+9	+6.529096E-1	-5.131051E-1
+7.356515E+9	+6.527700E-1	-5.140356E-1
+7.356530E+9	+6.527490E-1	-5.145940E-1
+7.356545E+9	+6.523020E-1	-5.152670E-1
+7.356560E+9	+6.520389E-1	-5.156704E-1
+7.356575E+9	+6.523881E-1	-5.162325E-1
+7.356590E+9	+6.522148E-1	-5.169623E-1
+7.356605E+9	+6.516624E-1	-5.175690E-1
+7.356620E+9	+6.514433E-1	-5.183231E-1
+7.356635E+9	+6.510234E-1	-5.193558E-1
+7.356650E+9	+6.501156E-1	-5.201044E-1
+7.356665E+9	+6.503252E-1	-5.210953E-1
+7.356680E+9	+6.503605E-1	-5.217029E-1
+7.356695E+9	+6.498085E-1	-5.226259E-1
+7.356710E+9	+6.497442E-1	-5.234729E-1
+7.356725E+9	+6.495233E-1	-5.241277E-1
+7.356740E+9	+6.489536E-1	-5.247918E-1
+7.356755E+9	+6.492046E-1	-5.248856E-1
+7.356770E+9	+6.491475E-1	-5.254219E-1
+7.356785E+9	+6.488486E-1	-5.263623E-1
+7.356800E+9	+6.484937E-1	-5.279930E-1
+7.356815E+9	+6.482319E-1	-5.282899E-1
+7.356830E+9	+6.479024E-1	-5.285825E-1
+7.356845E+9	+6.473929E-1	-5.295558E-1
+7.356860E+9	+6.466726E-1	-5.301986E-1
+7.356875E+9	+6.466755E-1	-5.305607E-1
+7.356890E+9	+6.468361E-1	-5.317010E-1
+7.356905E+9	+6.468016E-1	-5.322621E-1
+7.356920E+9	+6.464153E-1	-5.332227E-1
+7.356935E+9	+6.462007E-1	-5.336209E-1
+7.356950E+9	+6.457619E-1	-5.345941E-1
+7.356965E+9	+6.457120E-1	-5.345278E-1
+7.356980E+9	+6.453034E-1	-5.351695E-1
+7.356995E+9	+6.447384E-1	-5.364200E-1
+7.357010E+9	+6.445259E-1	-5.373844E-1
+7.357025E+9	+6.442412E-1	-5.384014E-1
+7.357040E+9	+6.439296E-1	-5.387130E-1
+7.357055E+9	+6.441965E-1	-5.394566E-1
+7.357070E+9	+6.437262E-1	-5.399535E-1
+7.357085E+9	+6.438530E-1	-5.407915E-1
+7.357100E+9	+6.429529E-1	-5.413142E-1
+7.357115E+9	+6.429061E-1	-5.418407E-1
+7.357130E+9	+6.425448E-1	-5.419846E-1
+7.357145E+9	+6.424852E-1	-5.430802E-1
+7.357160E+9	+6.421693E-1	-5.439467E-1
+7.357175E+9	+6.417474E-1	-5.450425E-1
+7.357190E+9	+6.420784E-1	-5.450713E-1
+7.357205E+9	+6.422051E-1	-5.454150E-1
+7.357220E+9	+6.413331E-1	-5.468147E-1
+7.357235E+9	+6.405501E-1	-5.474303E-1
+7.357250E+9	+6.403078E-1	-5.475798E-1
+7.357265E+9	+6.404482E-1	-5.481017E-1
+7.357280E+9	+6.399489E-1	-5.488008E-1
+7.357295E+9	+6.397904E-1	-5.493790E-1
+7.357310E+9	+6.394383E-1	-5.506729E-1
+7.357325E+9	+6.394423E-1	-5.513073E-1
+7.357340E+9	+6.397850E-1	-5.518926E-1
+7.357355E+9	+6.392705E-1	-5.523044E-1
+7.357370E+9	+6.387893E-1	-5.533430E-1
+7.357385E+9	+6.382666E-1	-5.540594E-1
+7.357400E+9	+6.384256E-1	-5.547643E-1
+7.357415E+9	+6.379134E-1	-5.553820E-1
+7.357430E+9	+6.376814E-1	-5.558437E-1
+7.357445E+9	+6.372663E-1	-5.562419E-1
+7.357460E+9	+6.367595E-1	-5.567352E-1
+7.357475E+9	+6.366247E-1	-5.568972E-1
+7.357490E+9	+6.364960E-1	-5.574849E-1
+7.357505E+9	+6.364319E-1	-5.590656E-1
+7.357520E+9	+6.364054E-1	-5.598193E-1
+7.357535E+9	+6.361374E-1	-5.596761E-1
+7.357550E+9	+6.352992E-1	-5.608802E-1
+7.357565E+9	+6.346120E-1	-5.609313E-1
+7.357580E+9	+6.346455E-1	-5.617086E-1
+7.357595E+9	+6.345533E-1	-5.623863E-1
+7.357610E+9	+6.344423E-1	-5.629936E-1
+7.357625E+9	+6.345464E-1	-5.642632E-1
+7.357640E+9	+6.339116E-1	-5.647877E-1
+7.357655E+9	+6.332797E-1	-5.654437E-1
+7.357670E+9	+6.328574E-1	-5.654775E-1
+7.357685E+9	+6.327293E-1	-5.663369E-1
+7.357700E+9	+6.326914E-1	-5.660544E-1
+7.357715E+9	+6.325413E-1	-5.668134E-1
+7.357730E+9	+6.321256E-1	-5.683414E-1
+7.357745E+9	+6.321597E-1	-5.686112E-1
+7.357760E+9	+6.320925E-1	-5.694213E-1
+7.357775E+9	+6.316469E-1	-5.700262E-1
+7.357790E+9	+6.314833E-1	-5.702703E-1
+7.357805E+9	+6.312587E-1	-5.706763E-1
+7.357820E+9	+6.304196E-1	-5.717292E-1
+7.357835E+9	+6.299047E-1	-5.724743E-1
+7.357850E+9	+6.302207E-1	-5.729146E-1
+7.357865E+9	+6.297349E-1	-5.731125E-1
+7.357880E+9	+6.294085E-1	-5.739019E-1
+7.357895E+9	+6.289437E-1	-5.738250E-1
+7.357910E+9	+6.291261E-1	-5.747696E-1
+7.357925E+9	+6.284906E-1	-5.757502E-1
+7.357940E+9	+6.281932E-1	-5.766429E-1
+7.357955E+9	+6.281517E-1	-5.771008E-1
+7.357970E+9	+6.277415E-1	-5.775464E-1
+7.357985E+9	+6.278882E-1	-5.776813E-1
+7.358000E+9	+6.275120E-1	-5.786744E-1
+7.358015E+9	+6.271664E-1	-5.793226E-1
+7.358030E+9	+6.272118E-1	-5.799802E-1
+7.358045E+9	+6.268679E-1	-5.802809E-1
+7.358060E+9	+6.267330E-1	-5.807563E-1
+7.358075E+9	+6.264725E-1	-5.814583E-1
+7.358090E+9	+6.258755E-1	-5.818252E-1
+7.358105E+9	+6.255261E-1	-5.822930E-1
+7.358120E+9	+6.249440E-1	-5.825248E-1
+7.358135E+9	+6.246204E-1	-5.835225E-1
+7.358150E+9	+6.243837E-1	-5.843402E-1
+7.358165E+9	+6.240188E-1	-5.841984E-1
+7.358180E+9	+6.240271E-1	-5.856846E-1
+7.358195E+9	+6.234773E-1	-5.864767E-1
+7.358210E+9	+6.232739E-1	-5.866790E-1
+7.358225E+9	+6.230755E-1	-5.871689E-1
+7.358240E+9	+6.227106E-1	-5.876538E-1
+7.358255E+9	+6.223856E-1	-5.881797E-1
+7.358270E+9	+6.223550E-1	-5.885690E-1
+7.358285E+9	+6.221547E-1	-5.892453E-1
+7.358300E+9	+6.216714E-1	-5.900145E-1
+7.358315E+9	+6.215164E-1	-5.905506E-1
+7.358330E+9	+6.211494E-1	-5.914336E-1
+7.358345E+9	+6.207105E-1	-5.915399E-1
+7.358360E+9	+6.200142E-1	-5.920716E-1
+7.358375E+9	+6.200421E-1	-5.925314E-1
+7.358390E+9	+6.200561E-1	-5.933651E-1
+7.358405E+9	+6.196386E-1	-5.935706E-1
+7.358420E+9	+6.194319E-1	-5.940313E-1
+7.358435E+9	+6.191125E-1	-5.948869E-1
+7.358450E+9	+6.193255E-1	-5.955771E-1
+7.358465E+9	+6.186140E-1	-5.958382E-1
+7.358480E+9	+6.180619E-1	-5.963905E-1
+7.358495E+9	+6.176696E-1	-5.968686E-1
+7.358510E+9	+6.175189E-1	-5.970379E-1
+7.358525E+9	+6.176778E-1	-5.979118E-1
+7.358540E+9	+6.175483E-1	-5.985195E-1
+7.358555E+9	+6.171542E-1	-5.991714E-1
+7.358570E+9	+6.168885E-1	-5.996925E-1
+7.358585E+9	+6.162429E-1	-6.003914E-1
+7.358600E+9	+6.157071E-1	-6.008190E-1
+7.358615E+9	+6.154866E-1	-6.009966E-1
+7.358630E+9	+6.153402E-1	-6.020997E-1
+7.358645E+9	+6.150874E-1	-6.021410E-1
+7.358660E+9	+6.144195E-1	-6.024234E-1
+7.358675E+9	+6.144742E-1	-6.030630E-1
+7.358690E+9	+6.137883E-1	-6.037112E-1
+7.358705E+9	+6.136567E-1	-6.042076E-1
+7.358720E+9	+6.136729E-1	-6.048319E-1
+7.358735E+9	+6.139934E-1	-6.053793E-1
+7.358750E+9	+6.136964E-1	-6.062141E-1
+7.358765E+9	+6.130094E-1	-6.065375E-1
+7.358780E+9	+6.121331E-1	-6.071405E-1
+7.358795E+9	+6.115618E-1	-6.078216E-1
+7.358810E+9	+6.117493E-1	-6.076377E-1
+7.358825E+9	+6.115053E-1	-6.078976E-1
+7.358840E+9	+6.112743E-1	-6.088805E-1
+7.358855E+9	+6.110767E-1	-6.096792E-1
+7.358870E+9	+6.107538E-1	-6.098520E-1
+7.358885E+9	+6.110326E-1	-6.103450E-1
+7.358900E+9	+6.107954E-1	-6.109433E-1
+7.358915E+9	+6.101048E-1	-6.113049E-1
+7.358930E+9	+6.093670E-1	-6.124233E-1
+7.358945E+9	+6.093866E-1	-6.125150E-1
+7.358960E+9	+6.094676E-1	-6.129157E-1
+7.358975E+9	+6.097951E-1	-6.133250E-1
+7.358990E+9	+6.088435E-1	-6.143879E-1
+7.359005E+9	+6.088284E-1	-6.147027E-1
+7.359020E+9	+6.074788E-1	-6.152336E-1
+7.359035E+9	+6.076408E-1	-6.154939E-1
+7.359050E+9	+6.072208E-1	-6.157888E-1
+7.359065E+9	+6.073773E-1	-6.157824E-1
+7.359080E+9	+6.071681E-1	-6.170016E-1
+7.359095E+9	+6.069639E-1	-6.177919E-1
+7.359110E+9	+6.059081E-1	-6.180479E-1
+7.359125E+9	+6.054135E-1	-6.190592E-1
+7.359140E+9	+6.056670E-1	-6.186215E-1
+7.359155E+9	+6.057424E-1	-6.187551E-1
+7.359170E+9	+6.054237E-1	-6.188142E-1
+7.359185E+9	+6.050775E-1	-6.197656E-1
+7.359200E+9	+6.042567E-1	-6.211979E-1
+7.359215E+9	+6.041792E-1	-6.214032E-1
+7.359230E+9	+6.046044E-1	-6.217553E-1
+7.359245E+9	+6.041379E-1	-6.219269E-1
+7.359260E+9	+6.033004E-1	-6.226144E-1
+7.359275E+9	+6.030983E-1	-6.234166E-1
+7.359290E+9	+6.027846E-1	-6.240776E-1
+7.359305E+9	+6.023657E-1	-6.240576E-1
+7.359320E+9	+6.019999E-1	-6.243226E-1
+7.359335E+9	+6.016998E-1	-6.247162E-1
+7.359350E+9	+6.015745E-1	-6.253696E-1
+7.359365E+9	+6.015246E-1	-6.259790E-1
+7.359380E+9	+6.004856E-1	-6.266300E-1
+7.359395E+9	+6.004075E-1	-6.267270E-1
+7.359410E+9	+6.004622E-1	-6.274251E-1
+7.359425E+9	+6.002853E-1	-6.284255E-1
+7.359440E+9	+5.997772E-1	-6.278964E-1
+7.359455E+9	+5.992669E-1	-6.285600E-1
+7.359470E+9	+5.992299E-1	-6.290999E-1
+7.359485E+9	+5.988435E-1	-6.298092E-1
+7.359500E+9	+5.987741E-1	-6.302446E-1
+7.359515E+9	+5.975283E-1	-6.313359E-1
+7.359530E+9	+5.970002E-1	-6.314964E-1
+7.359545E+9	+5.968775E-1	-6.319073E-1
+7.359560E+9	+5.977188E-1	-6.314326E-1
+7.359575E+9	+5.971581E-1	-6.331213E-1
+7.359590E+9	+5.968271E-1	-6.329517E-1
+7.359605E+9	+5.965844E-1	-6.338193E-1
+7.359620E+9	+5.960890E-1	-6.334920E-1
+7.359635E+9	+5.957920E-1	-6.346988E-1
+7.359650E+9	+5.960253E-1	-6.358100E-1
+7.359665E+9	+5.955649E-1	-6.357020E-1
+7.359680E+9	+5.951055E-1	-6.356525E-1
+7.359695E+9	+5.948888E-1	-6.365431E-1
+7.359710E+9	+5.944744E-1	-6.364509E-1
+7.359725E+9	+5.945371E-1	-6.366716E-1
+7.359740E+9	+5.937832E-1	-6.370043E-1
+7.359755E+9	+5.933804E-1	-6.380379E-1
+7.359770E+9	+5.936606E-1	-6.380725E-1
+7.359785E+9	+5.928048E-1	-6.388190E-1
+7.359800E+9	+5.922330E-1	-6.392129E-1
+7.359815E+9	+5.919346E-1	-6.396710E-1
+7.359830E+9	+5.918820E-1	-6.399622E-1
+7.359845E+9	+5.918835E-1	-6.405383E-1
+7.359860E+9	+5.916944E-1	-6.410028E-1
+7.359875E+9	+5.916056E-1	-6.416320E-1
+7.359890E+9	+5.910154E-1	-6.419055E-1
+7.359905E+9	+5.902495E-1	-6.419066E-1
+7.359920E+9	+5.906411E-1	-6.416022E-1
+7.359935E+9	+5.906435E-1	-6.425233E-1
+7.359950E+9	+5.897926E-1	-6.438070E-1
+7.359965E+9	+5.896690E-1	-6.443938E-1
+7.359980E+9	+5.887236E-1	-6.443339E-1
+7.359995E+9	+5.882084E-1	-6.443077E-1
+7.360010E+9	+5.883394E-1	-6.448338E-1
+7.360025E+9	+5.886210E-1	-6.460120E-1
+7.360040E+9	+5.881504E-1	-6.462376E-1
+7.360055E+9	+5.874912E-1	-6.464963E-1
+7.360070E+9	+5.873450E-1	-6.462092E-1
+7.360085E+9	+5.867427E-1	-6.467868E-1
+7.360100E+9	+5.863422E-1	-6.480118E-1
+7.360115E+9	+5.864193E-1	-6.481487E-1
+7.360130E+9	+5.861658E-1	-6.481870E-1
+7.360145E+9	+5.851870E-1	-6.489696E-1
+7.360160E+9	+5.856598E-1	-6.494364E-1
+7.360175E+9	+5.856866E-1	-6.492777E-1
+7.360190E+9	+5.847343E-1	-6.498990E-1
+7.360205E+9	+5.845574E-1	-6.500365E-1
+7.360220E+9	+5.845525E-1	-6.507241E-1
+7.360235E+9	+5.840689E-1	-6.508488E-1
+7.360250E+9	+5.838217E-1	-6.512789E-1
+7.360265E+9	+5.838255E-1	-6.519186E-1
+7.360280E+9	+5.833010E-1	-6.527442E-1
+7.360295E+9	+5.827676E-1	-6.529060E-1
+7.360310E+9	+5.823212E-1	-6.531038E-1
+7.360325E+9	+5.818781E-1	-6.547412E-1
+7.360340E+9	+5.814054E-1	-6.549670E-1
+7.360355E+9	+5.810619E-1	-6.550311E-1
+7.360370E+9	+5.808046E-1	-6.548708E-1
+7.360385E+9	+5.811440E-1	-6.554452E-1
+7.360400E+9	+5.805873E-1	-6.560912E-1
+7.360415E+9	+5.800336E-1	-6.561836E-1
+7.360430E+9	+5.802918E-1	-6.567828E-1
+7.360445E+9	+5.793499E-1	-6.570427E-1
+7.360460E+9	+5.794308E-1	-6.571400E-1
+7.360475E+9	+5.797005E-1	-6.567506E-1
+7.360490E+9	+5.792774E-1	-6.576809E-1
+7.360505E+9	+5.789521E-1	-6.587380E-1
+7.360520E+9	+5.785288E-1	-6.589029E-1
+7.360535E+9	+5.783175E-1	-6.598640E-1
+7.360550E+9	+5.779414E-1	-6.607168E-1
+7.360565E+9	+5.774140E-1	-6.606042E-1
+7.360580E+9	+5.770777E-1	-6.604944E-1
+7.360595E+9	+5.765014E-1	-6.613381E-1
+7.360610E+9	+5.765262E-1	-6.615880E-1
+7.360625E+9	+5.760300E-1	-6.618575E-1
+7.360640E+9	+5.762319E-1	-6.622142E-1
+7.360655E+9	+5.760436E-1	-6.626673E-1
+7.360670E+9	+5.752468E-1	-6.627879E-1
+7.360685E+9	+5.747500E-1	-6.634038E-1
+7.360700E+9	+5.744462E-1	-6.643608E-1
+7.360715E+9	+5.745199E-1	-6.647360E-1
+7.360730E+9	+5.739100E-1	-6.652095E-1
+7.360745E+9	+5.743327E-1	-6.654836E-1
+7.360760E+9	+5.734324E-1	-6.657540E-1
+7.360775E+9	+5.734441E-1	-6.659917E-1
+7.360790E+9	+5.727711E-1	-6.664233E-1
+7.360805E+9	+5.724102E-1	-6.669374E-1
+7.360820E+9	+5.720318E-1	-6.665273E-1
+7.360835E+9	+5.720542E-1	-6.666543E-1
+7.360850E+9	+5.718434E-1	-6.668244E-1
+7.360865E+9	+5.720704E-1	-6.673329E-1
+7.360880E+9	+5.712825E-1	-6.684342E-1
+7.360895E+9	+5.706631E-1	-6.691471E-1
+7.360910E+9	+5.706208E-1	-6.692679E-1
+7.360925E+9	+5.714273E-1	-6.693226E-1
+7.360940E+9	+5.706933E-1	-6.698227E-1
+7.360955E+9	+5.700522E-1	-6.696205E-1
+7.360970E+9	+5.696664E-1	-6.706069E-1
+7.360985E+9	+5.693773E-1	-6.711017E-1
+7.361000E+9	+5.685829E-1	-6.721608E-1
+7.361015E+9	+5.682746E-1	-6.723633E-1
+7.361030E+9	+5.681209E-1	-6.724336E-1
+7.361045E+9	+5.677373E-1	-6.724707E-1
+7.361060E+9	+5.680076E-1	-6.736324E-1
+7.361075E+9	+5.673747E-1	-6.736042E-1
+7.361090E+9	+5.673835E-1	-6.735918E-1
+7.361105E+9	+5.673909E-1	-6.734868E-1
+7.361120E+9	+5.670783E-1	-6.741904E-1
+7.361135E+9	+5.664914E-1	-6.745291E-1
+7.361150E+9	+5.664568E-1	-6.752707E-1
+7.361165E+9	+5.665119E-1	-6.759427E-1
+7.361180E+9	+5.658743E-1	-6.764492E-1
+7.361195E+9	+5.652581E-1	-6.765502E-1
+7.361210E+9	+5.653028E-1	-6.767689E-1
+7.361225E+9	+5.646148E-1	-6.763717E-1
+7.361240E+9	+5.636629E-1	-6.770533E-1
+7.361255E+9	+5.637760E-1	-6.778354E-1
+7.361270E+9	+5.635930E-1	-6.787275E-1
+7.361285E+9	+5.634726E-1	-6.782689E-1
+7.361300E+9	+5.638290E-1	-6.787502E-1
+7.361315E+9	+5.636140E-1	-6.791882E-1
+7.361330E+9	+5.623330E-1	-6.799013E-1
+7.361345E+9	+5.620625E-1	-6.800528E-1
+7.361360E+9	+5.616625E-1	-6.804879E-1
+7.361375E+9	+5.617600E-1	-6.808653E-1
+7.361390E+9	+5.613566E-1	-6.807970E-1
+7.361405E+9	+5.612145E-1	-6.814822E-1
+7.361420E+9	+5.604955E-1	-6.813453E-1
+7.361435E+9	+5.604972E-1	-6.816067E-1
+7.361450E+9	+5.603591E-1	-6.823443E-1
+7.361465E+9	+5.599277E-1	-6.824486E-1
+7.361480E+9	+5.596656E-1	-6.829115E-1
+7.361495E+9	+5.592878E-1	-6.835086E-1
+7.361510E+9	+5.590004E-1	-6.836914E-1
+7.361525E+9	+5.587641E-1	-6.845468E-1
+7.361540E+9	+5.582137E-1	-6.847214E-1
+7.361555E+9	+5.588173E-1	-6.841837E-1
+7.361570E+9	+5.579315E-1	-6.848511E-1
+7.361585E+9	+5.580913E-1	-6.854954E-1
+7.361600E+9	+5.573461E-1	-6.860876E-1
+7.361615E+9	+5.572865E-1	-6.863067E-1
+7.361630E+9	+5.568312E-1	-6.863622E-1
+7.361645E+9	+5.568983E-1	-6.867593E-1
+7.361660E+9	+5.563428E-1	-6.870335E-1
+7.361675E+9	+5.561463E-1	-6.880288E-1
+7.361690E+9	+5.556996E-1	-6.882463E-1
+7.361705E+9	+5.553395E-1	-6.884797E-1
+7.361720E+9	+5.549044E-1	-6.885651E-1
+7.361735E+9	+5.543706E-1	-6.890753E-1
+7.361750E+9	+5.543159E-1	-6.890100E-1
+7.361765E+9	+5.545851E-1	-6.893825E-1
+7.361780E+9	+5.537059E-1	-6.893418E-1
+7.361795E+9	+5.536748E-1	-6.897832E-1
+7.361810E+9	+5.531283E-1	-6.902694E-1
+7.361825E+9	+5.530535E-1	-6.913525E-1
+7.361840E+9	+5.530979E-1	-6.911341E-1
+7.361855E+9	+5.530568E-1	-6.916359E-1
+7.361870E+9	+5.522880E-1	-6.918975E-1
+7.361885E+9	+5.517224E-1	-6.924026E-1
+7.361900E+9	+5.508716E-1	-6.923916E-1
+7.361915E+9	+5.511540E-1	-6.926525E-1
+7.361930E+9	+5.509233E-1	-6.933221E-1
+7.361945E+9	+5.503391E-1	-6.934856E-1
+7.361960E+9	+5.501637E-1	-6.935066E-1
+7.361975E+9	+5.502875E-1	-6.937182E-1
+7.361990E+9	+5.490609E-1	-6.943626E-1
+7.362005E+9	+5.487952E-1	-6.944664E-1
+7.362020E+9	+5.490659E-1	-6.951444E-1
+7.362035E+9	+5.495451E-1	-6.955319E-1
+7.362050E+9	+5.490279E-1	-6.955112E-1
+7.362065E+9	+5.490660E-1	-6.963950E-1
+7.362080E+9	+5.489875E-1	-6.963986E-1
+7.362095E+9	+5.483620E-1	-6.962983E-1
+7.362110E+9	+5.474335E-1	-6.972008E-1
+7.362125E+9	+5.478518E-1	-6.976596E-1
+7.362140E+9	+5.470357E-1	-6.979610E-1
+7.362155E+9	+5.467182E-1	-6.976605E-1
+7.362170E+9	+5.469085E-1	-6.981305E-1
+7.362185E+9	+5.466593E-1	-6.985171E-1
+7.362200E+9	+5.461769E-1	-6.999872E-1
+7.362215E+9	+5.454884E-1	-6.999920E-1
+7.362230E+9	+5.453957E-1	-6.991364E-1
+7.362245E+9	+5.447129E-1	-6.994293E-1
+7.362260E+9	+5.441507E-1	-7.005993E-1
+7.362275E+9	+5.438922E-1	-7.006343E-1
+7.362290E+9	+5.442897E-1	-7.010815E-1
+7.362305E+9	+5.437654E-1	-7.010973E-1
+7.362320E+9	+5.431624E-1	-7.012642E-1
+7.362335E+9	+5.433328E-1	-7.011529E-1
+7.362350E+9	+5.428260E-1	-7.016448E-1
+7.362365E+9	+5.428817E-1	-7.021853E-1
+7.362380E+9	+5.425531E-1	-7.024496E-1
+7.362395E+9	+5.425339E-1	-7.022804E-1
+7.362410E+9	+5.424873E-1	-7.027713E-1
+7.362425E+9	+5.411070E-1	-7.036745E-1
+7.362440E+9	+5.408177E-1	-7.044545E-1
+7.362455E+9	+5.405119E-1	-7.053118E-1
+7.362470E+9	+5.401026E-1	-7.049165E-1
+7.362485E+9	+5.397846E-1	-7.049067E-1
+7.362500E+9	+5.399094E-1	-7.044114E-1
+7.362515E+9	+5.394918E-1	-7.052136E-1
+7.362530E+9	+5.389209E-1	-7.060380E-1
+7.362545E+9	+5.385893E-1	-7.063963E-1
+7.362560E+9	+5.387824E-1	-7.068562E-1
+7.362575E+9	+5.391557E-1	-7.064467E-1
+7.362590E+9	+5.378685E-1	-7.069405E-1
+7.362605E+9	+5.377364E-1	-7.073204E-1
+7.362620E+9	+5.375169E-1	-7.073318E-1
+7.362635E+9	+5.372148E-1	-7.074127E-1
+7.362650E+9	+5.371485E-1	-7.084332E-1
+7.362665E+9	+5.367322E-1	-7.085085E-1
+7.362680E+9	+5.368811E-1	-7.084060E-1
+7.362695E+9	+5.361298E-1	-7.088815E-1
+7.362710E+9	+5.360048E-1	-7.095645E-1
+7.362725E+9	+5.357470E-1	-7.099103E-1
+7.362740E+9	+5.348359E-1	-7.097791E-1
+7.362755E+9	+5.351483E-1	-7.099220E-1
+7.362770E+9	+5.346187E-1	-7.106648E-1
+7.362785E+9	+5.339888E-1	-7.113959E-1
+7.362800E+9	+5.345835E-1	-7.112633E-1
+7.362815E+9	+5.343722E-1	-7.117661E-1
+7.362830E+9	+5.340262E-1	-7.117273E-1
+7.362845E+9	+5.337464E-1	-7.115322E-1
+7.362860E+9	+5.334979E-1	-7.120294E-1
+7.362875E+9	+5.324824E-1	-7.129732E-1
+7.362890E+9	+5.325150E-1	-7.133703E-1
+7.362905E+9	+5.320838E-1	-7.129774E-1
+7.362920E+9	+5.320162E-1	-7.130581E-1
+7.362935E+9	+5.316256E-1	-7.134473E-1
+7.362950E+9	+5.312803E-1	-7.144318E-1
+7.362965E+9	+5.308119E-1	-7.142495E-1
+7.362980E+9	+5.307149E-1	-7.145581E-1
+7.362995E+9	+5.308257E-1	-7.145629E-1
+7.363010E+9	+5.299094E-1	-7.149857E-1
+7.363025E+9	+5.297435E-1	-7.159095E-1
+7.363040E+9	+5.300307E-1	-7.165278E-1
+7.363055E+9	+5.299203E-1	-7.168852E-1
+7.363070E+9	+5.298728E-1	-7.169161E-1
+7.363085E+9	+5.293826E-1	-7.170810E-1
+7.363100E+9	+5.274040E-1	-7.164447E-1
+7.363115E+9	+5.278190E-1	-7.171101E-1
+7.363130E+9	+5.277718E-1	-7.176715E-1
+7.363145E+9	+5.271250E-1	-7.178153E-1
+7.363160E+9	+5.268409E-1	-7.189952E-1
+7.363175E+9	+5.274248E-1	-7.192792E-1
+7.363190E+9	+5.269156E-1	-7.191904E-1
+7.363205E+9	+5.266261E-1	-7.186082E-1
+7.363220E+9	+5.271944E-1	-7.193640E-1
+7.363235E+9	+5.266868E-1	-7.199644E-1
+7.363250E+9	+5.256904E-1	-7.197767E-1
+7.363265E+9	+5.254884E-1	-7.200276E-1
+7.363280E+9	+5.246623E-1	-7.203597E-1
+7.363295E+9	+5.242742E-1	-7.204832E-1
+7.363310E+9	+5.244103E-1	-7.218238E-1
+7.363325E+9	+5.249852E-1	-7.213773E-1
+7.363340E+9	+5.240622E-1	-7.208966E-1
+7.363355E+9	+5.230750E-1	-7.213224E-1
+7.363370E+9	+5.232690E-1	-7.225556E-1
+7.363385E+9	+5.231174E-1	-7.227906E-1
+7.363400E+9	+5.226055E-1	-7.227332E-1
+7.363415E+9	+5.224793E-1	-7.231294E-1
+7.363430E+9	+5.221946E-1	-7.233563E-1
+7.363445E+9	+5.221943E-1	-7.233936E-1
+7.363460E+9	+5.219284E-1	-7.229914E-1
+7.363475E+9	+5.220951E-1	-7.236367E-1
+7.363490E+9	+5.216802E-1	-7.249174E-1
+7.363505E+9	+5.210307E-1	-7.248756E-1
+7.363520E+9	+5.204482E-1	-7.248799E-1
+7.363535E+9	+5.205705E-1	-7.249705E-1
+7.363550E+9	+5.201440E-1	-7.255471E-1
+7.363565E+9	+5.197808E-1	-7.258904E-1
+7.363580E+9	+5.187808E-1	-7.263706E-1
+7.363595E+9	+5.192343E-1	-7.268459E-1
+7.363610E+9	+5.186936E-1	-7.268305E-1
+7.363625E+9	+5.183055E-1	-7.264725E-1
+7.363640E+9	+5.180350E-1	-7.268808E-1
+7.363655E+9	+5.177813E-1	-7.278534E-1
+7.363670E+9	+5.175275E-1	-7.275927E-1
+7.363685E+9	+5.172985E-1	-7.280943E-1
+7.363700E+9	+5.168223E-1	-7.276085E-1
+7.363715E+9	+5.162669E-1	-7.286679E-1
+7.363730E+9	+5.161395E-1	-7.288672E-1
+7.363745E+9	+5.159630E-1	-7.287834E-1
+7.363760E+9	+5.151886E-1	-7.289931E-1
+7.363775E+9	+5.151457E-1	-7.291664E-1
+7.363790E+9	+5.147441E-1	-7.298782E-1
+7.363805E+9	+5.153033E-1	-7.309640E-1
+7.363820E+9	+5.147465E-1	-7.303670E-1
+7.363835E+9	+5.150938E-1	-7.306758E-1
+7.363850E+9	+5.133315E-1	-7.312212E-1
+7.363865E+9	+5.135511E-1	-7.307754E-1
+7.363880E+9	+5.139413E-1	-7.307648E-1
+7.363895E+9	+5.136798E-1	-7.312861E-1
+7.363910E+9	+5.131753E-1	-7.314725E-1
+7.363925E+9	+5.129125E-1	-7.324035E-1
+7.363940E+9	+5.122774E-1	-7.318904E-1
+7.363955E+9	+5.114019E-1	-7.326415E-1
+7.363970E+9	+5.115074E-1	-7.338894E-1
+7.363985E+9	+5.111127E-1	-7.334978E-1
+7.364000E+9	+5.104503E-1	-7.329117E-1
+7.364015E+9	+5.112247E-1	-7.336927E-1
+7.364030E+9	+5.113518E-1	-7.344382E-1
+7.364045E+9	+5.110302E-1	-7.348432E-1
+7.364060E+9	+5.101435E-1	-7.344076E-1
+7.364075E+9	+5.098779E-1	-7.352570E-1
+7.364090E+9	+5.098343E-1	-7.353608E-1
+7.364105E+9	+5.092822E-1	-7.351053E-1
+7.364120E+9	+5.090889E-1	-7.350753E-1
+7.364135E+9	+5.081565E-1	-7.352890E-1
+7.364150E+9	+5.080681E-1	-7.360655E-1
+7.364165E+9	+5.084567E-1	-7.364820E-1
+7.364180E+9	+5.082226E-1	-7.365121E-1
+7.364195E+9	+5.071123E-1	-7.370232E-1
+7.364210E+9	+5.072124E-1	-7.364461E-1
+7.364225E+9	+5.072165E-1	-7.374815E-1
+7.364240E+9	+5.071060E-1	-7.382274E-1
+7.364255E+9	+5.072970E-1	-7.384833E-1
+7.364270E+9	+5.067724E-1	-7.385095E-1
+7.364285E+9	+5.064757E-1	-7.386134E-1
+7.364300E+9	+5.058349E-1	-7.387386E-1
+7.364315E+9	+5.053775E-1	-7.384817E-1
+7.364330E+9	+5.055103E-1	-7.390984E-1
+7.364345E+9	+5.052619E-1	-7.391576E-1
+7.364360E+9	+5.047019E-1	-7.390755E-1
+7.364375E+9	+5.038943E-1	-7.399988E-1
+7.364390E+9	+5.043913E-1	-7.400758E-1
+7.364405E+9	+5.041501E-1	-7.401713E-1
+7.364420E+9	+5.039908E-1	-7.400311E-1
+7.364435E+9	+5.033086E-1	-7.416719E-1
+7.364450E+9	+5.026593E-1	-7.420563E-1
+7.364465E+9	+5.023454E-1	-7.412891E-1
+7.364480E+9	+5.021051E-1	-7.406951E-1
+7.364495E+9	+5.022293E-1	-7.412237E-1
+7.364510E+9	+5.020522E-1	-7.412793E-1
+7.364525E+9	+5.010679E-1	-7.421213E-1
+7.364540E+9	+5.009248E-1	-7.420426E-1
+7.364555E+9	+5.007544E-1	-7.422582E-1
+7.364570E+9	+4.999072E-1	-7.428372E-1
+7.364585E+9	+5.004827E-1	-7.433574E-1
+7.364600E+9	+5.007465E-1	-7.438398E-1
+7.364615E+9	+5.001499E-1	-7.439292E-1
+7.364630E+9	+5.001639E-1	-7.440476E-1
+7.364645E+9	+4.993264E-1	-7.434846E-1
+7.364660E+9	+4.993998E-1	-7.441462E-1
+7.364675E+9	+4.991026E-1	-7.444968E-1
+7.364690E+9	+4.992731E-1	-7.453361E-1
+7.364705E+9	+4.987036E-1	-7.458291E-1
+7.364720E+9	+4.984275E-1	-7.453852E-1
+7.364735E+9	+4.979967E-1	-7.450077E-1
+7.364750E+9	+4.974015E-1	-7.464076E-1
+7.364765E+9	+4.969314E-1	-7.459720E-1
+7.364780E+9	+4.971621E-1	-7.455820E-1
+7.364795E+9	+4.966073E-1	-7.461081E-1
+7.364810E+9	+4.962705E-1	-7.462796E-1
+7.364825E+9	+4.957895E-1	-7.471966E-1
+7.364840E+9	+4.958985E-1	-7.469152E-1
+7.364855E+9	+4.959564E-1	-7.465888E-1
+7.364870E+9	+4.961066E-1	-7.466058E-1
+7.364885E+9	+4.955363E-1	-7.473637E-1
+7.364900E+9	+4.950242E-1	-7.469048E-1
+7.364915E+9	+4.946561E-1	-7.479027E-1
+7.364930E+9	+4.941713E-1	-7.484700E-1
+7.364945E+9	+4.936651E-1	-7.488353E-1
+7.364960E+9	+4.933308E-1	-7.485165E-1
+7.364975E+9	+4.932802E-1	-7.498017E-1
+7.364990E+9	+4.930667E-1	-7.499311E-1
+7.365005E+9	+4.930712E-1	-7.499634E-1
+7.365020E+9	+4.928954E-1	-7.496029E-1
+7.365035E+9	+4.928093E-1	-7.502552E-1
+7.365050E+9	+4.923093E-1	-7.510184E-1
+7.365065E+9	+4.919164E-1	-7.510970E-1
+7.365080E+9	+4.920780E-1	-7.508814E-1
+7.365095E+9	+4.914050E-1	-7.507474E-1
+7.365110E+9	+4.909250E-1	-7.514038E-1
+7.365125E+9	+4.905353E-1	-7.518884E-1
+7.365140E+9	+4.903456E-1	-7.515830E-1
+7.365155E+9	+4.904499E-1	-7.517604E-1
+7.365170E+9	+4.900654E-1	-7.525154E-1
+7.365185E+9	+4.895452E-1	-7.525160E-1
+7.365200E+9	+4.895100E-1	-7.526279E-1
+7.365215E+9	+4.886965E-1	-7.530661E-1
+7.365230E+9	+4.884001E-1	-7.534183E-1
+7.365245E+9	+4.874419E-1	-7.535740E-1
+7.365260E+9	+4.873655E-1	-7.531649E-1
+7.365275E+9	+4.881017E-1	-7.533444E-1
+7.365290E+9	+4.876332E-1	-7.539172E-1
+7.365305E+9	+4.865274E-1	-7.547574E-1
+7.365320E+9	+4.861156E-1	-7.541514E-1
+7.365335E+9	+4.877312E-1	-7.539904E-1
+7.365350E+9	+4.862596E-1	-7.550831E-1
+7.365365E+9	+4.864214E-1	-7.554147E-1
+7.365380E+9	+4.861585E-1	-7.555179E-1
+7.365395E+9	+4.865595E-1	-7.561814E-1
+7.365410E+9	+4.858741E-1	-7.564998E-1
+7.365425E+9	+4.854023E-1	-7.569606E-1
+7.365440E+9	+4.852996E-1	-7.578430E-1
+7.365455E+9	+4.845828E-1	-7.583681E-1
+7.365470E+9	+4.844196E-1	-7.586813E-1
+7.365485E+9	+4.840300E-1	-7.578510E-1
+7.365500E+9	+4.841484E-1	-7.574231E-1
+7.365515E+9	+4.837283E-1	-7.570473E-1
+7.365530E+9	+4.829524E-1	-7.572736E-1
+7.365545E+9	+4.829318E-1	-7.577952E-1
+7.365560E+9	+4.825613E-1	-7.587174E-1
+7.365575E+9	+4.825778E-1	-7.583199E-1
+7.365590E+9	+4.825277E-1	-7.584575E-1
+7.365605E+9	+4.817418E-1	-7.586942E-1
+7.365620E+9	+4.822568E-1	-7.591836E-1
+7.365635E+9	+4.817235E-1	-7.599120E-1
+7.365650E+9	+4.815649E-1	-7.603865E-1
+7.365665E+9	+4.809064E-1	-7.599019E-1
+7.365680E+9	+4.811436E-1	-7.598600E-1
+7.365695E+9	+4.810121E-1	-7.603641E-1
+7.365710E+9	+4.804534E-1	-7.600143E-1
+7.365725E+9	+4.792710E-1	-7.612030E-1
+7.365740E+9	+4.791379E-1	-7.606060E-1
+7.365755E+9	+4.788546E-1	-7.607158E-1
+7.365770E+9	+4.787161E-1	-7.608705E-1
+7.365785E+9	+4.792664E-1	-7.616227E-1
+7.365800E+9	+4.785850E-1	-7.617141E-1
+7.365815E+9	+4.781732E-1	-7.613278E-1
+7.365830E+9	+4.769039E-1	-7.612909E-1
+7.365845E+9	+4.775856E-1	-7.610307E-1
+7.365860E+9	+4.775527E-1	-7.621984E-1
+7.365875E+9	+4.771914E-1	-7.626043E-1
+7.365890E+9	+4.766433E-1	-7.625881E-1
+7.365905E+9	+4.768339E-1	-7.632628E-1
+7.365920E+9	+4.766541E-1	-7.631751E-1
+7.365935E+9	+4.765952E-1	-7.635678E-1
+7.365950E+9	+4.757998E-1	-7.639686E-1
+7.365965E+9	+4.755742E-1	-7.637145E-1
+7.365980E+9	+4.749150E-1	-7.639717E-1
+7.365995E+9	+4.743899E-1	-7.636963E-1
+7.366010E+9	+4.744504E-1	-7.641359E-1
+7.366025E+9	+4.743350E-1	-7.649517E-1
+7.366040E+9	+4.745158E-1	-7.651412E-1
+7.366055E+9	+4.740895E-1	-7.656285E-1
+7.366070E+9	+4.737940E-1	-7.649297E-1
+7.366085E+9	+4.732065E-1	-7.653454E-1
+7.366100E+9	+4.728886E-1	-7.660326E-1
+7.366115E+9	+4.724053E-1	-7.656578E-1
+7.366130E+9	+4.727217E-1	-7.661189E-1
+7.366145E+9	+4.727185E-1	-7.670475E-1
+7.366160E+9	+4.716449E-1	-7.665135E-1
+7.366175E+9	+4.717023E-1	-7.658773E-1
+7.366190E+9	+4.713295E-1	-7.663594E-1
+7.366205E+9	+4.710109E-1	-7.668540E-1
+7.366220E+9	+4.704263E-1	-7.674474E-1
+7.366235E+9	+4.706770E-1	-7.679617E-1
+7.366250E+9	+4.707869E-1	-7.681600E-1
+7.366265E+9	+4.703848E-1	-7.683637E-1
+7.366280E+9	+4.702198E-1	-7.685816E-1
+7.366295E+9	+4.699967E-1	-7.684866E-1
+7.366310E+9	+4.691261E-1	-7.687718E-1
+7.366325E+9	+4.682410E-1	-7.691034E-1
+7.366340E+9	+4.689666E-1	-7.690755E-1
+7.366355E+9	+4.685339E-1	-7.697983E-1
+7.366370E+9	+4.678593E-1	-7.695932E-1
+7.366385E+9	+4.676031E-1	-7.692142E-1
+7.366400E+9	+4.675684E-1	-7.701053E-1
+7.366415E+9	+4.671646E-1	-7.702018E-1
+7.366430E+9	+4.673501E-1	-7.707866E-1
+7.366445E+9	+4.671079E-1	-7.709590E-1
+7.366460E+9	+4.659200E-1	-7.709768E-1
+7.366475E+9	+4.662752E-1	-7.705355E-1
+7.366490E+9	+4.660968E-1	-7.709556E-1
+7.366505E+9	+4.658415E-1	-7.718827E-1
+7.366520E+9	+4.658008E-1	-7.718212E-1
+7.366535E+9	+4.651732E-1	-7.720413E-1
+7.366550E+9	+4.648749E-1	-7.717440E-1
+7.366565E+9	+4.650532E-1	-7.719718E-1
+7.366580E+9	+4.643995E-1	-7.718868E-1
+7.366595E+9	+4.641435E-1	-7.718042E-1
+7.366610E+9	+4.643374E-1	-7.718077E-1
+7.366625E+9	+4.646967E-1	-7.726956E-1
+7.366640E+9	+4.644282E-1	-7.725640E-1
+7.366655E+9	+4.630038E-1	-7.728433E-1
+7.366670E+9	+4.631551E-1	-7.730668E-1
+7.366685E+9	+4.629495E-1	-7.733497E-1
+7.366700E+9	+4.624329E-1	-7.747010E-1
+7.366715E+9	+4.620418E-1	-7.745299E-1
+7.366730E+9	+4.614533E-1	-7.748219E-1
+7.366745E+9	+4.613229E-1	-7.743371E-1
+7.366760E+9	+4.611402E-1	-7.746170E-1
+7.366775E+9	+4.611358E-1	-7.760920E-1
+7.366790E+9	+4.609279E-1	-7.756666E-1
+7.366805E+9	+4.602444E-1	-7.754928E-1
+7.366820E+9	+4.598103E-1	-7.757930E-1
+7.366835E+9	+4.590558E-1	-7.762036E-1
+7.366850E+9	+4.599659E-1	-7.764274E-1
+7.366865E+9	+4.592515E-1	-7.760622E-1
+7.366880E+9	+4.591407E-1	-7.764596E-1
+7.366895E+9	+4.592883E-1	-7.773841E-1
+7.366910E+9	+4.590401E-1	-7.774175E-1
+7.366925E+9	+4.586707E-1	-7.768064E-1
+7.366940E+9	+4.578888E-1	-7.765516E-1
+7.366955E+9	+4.566172E-1	-7.765477E-1
+7.366970E+9	+4.572313E-1	-7.769381E-1
+7.366985E+9	+4.580220E-1	-7.779083E-1
+7.367000E+9	+4.562060E-1	-7.778021E-1
+7.367015E+9	+4.561611E-1	-7.787057E-1
+7.367030E+9	+4.569921E-1	-7.783447E-1
+7.367045E+9	+4.564213E-1	-7.781066E-1
+7.367060E+9	+4.554766E-1	-7.779697E-1
+7.367075E+9	+4.561910E-1	-7.788820E-1
+7.367090E+9	+4.561037E-1	-7.787604E-1
+7.367105E+9	+4.557028E-1	-7.788580E-1
+7.367120E+9	+4.554134E-1	-7.789123E-1
+7.367135E+9	+4.550293E-1	-7.792440E-1
+7.367150E+9	+4.538378E-1	-7.799789E-1
+7.367165E+9	+4.545643E-1	-7.801017E-1
+7.367180E+9	+4.539970E-1	-7.798178E-1
+7.367195E+9	+4.540851E-1	-7.796978E-1
+7.367210E+9	+4.541817E-1	-7.801027E-1
+7.367225E+9	+4.535250E-1	-7.806028E-1
+7.367240E+9	+4.526736E-1	-7.811086E-1
+7.367255E+9	+4.523289E-1	-7.809465E-1
+7.367270E+9	+4.522421E-1	-7.809433E-1
+7.367285E+9	+4.523444E-1	-7.821153E-1
+7.367300E+9	+4.517669E-1	-7.826491E-1
+7.367315E+9	+4.514953E-1	-7.828082E-1
+7.367330E+9	+4.513103E-1	-7.823943E-1
+7.367345E+9	+4.507129E-1	-7.824678E-1
+7.367360E+9	+4.501881E-1	-7.821210E-1
+7.367375E+9	+4.496748E-1	-7.817028E-1
+7.367390E+9	+4.497851E-1	-7.825589E-1
+7.367405E+9	+4.495938E-1	-7.831819E-1
+7.367420E+9	+4.498088E-1	-7.835386E-1
+7.367435E+9	+4.506838E-1	-7.830300E-1
+7.367450E+9	+4.499558E-1	-7.826356E-1
+7.367465E+9	+4.489482E-1	-7.835565E-1
+7.367480E+9	+4.481680E-1	-7.837743E-1
+7.367495E+9	+4.480425E-1	-7.835908E-1
+7.367510E+9	+4.482917E-1	-7.836652E-1
+7.367525E+9	+4.482044E-1	-7.843202E-1
+7.367540E+9	+4.478112E-1	-7.847798E-1
+7.367555E+9	+4.471659E-1	-7.845085E-1
+7.367570E+9	+4.473259E-1	-7.845059E-1
+7.367585E+9	+4.474069E-1	-7.850204E-1
+7.367600E+9	+4.471589E-1	-7.850543E-1
+7.367615E+9	+4.463567E-1	-7.850249E-1
+7.367630E+9	+4.461085E-1	-7.852167E-1
+7.367645E+9	+4.448816E-1	-7.859783E-1
+7.367660E+9	+4.445633E-1	-7.862215E-1
+7.367675E+9	+4.456103E-1	-7.856051E-1
+7.367690E+9	+4.451149E-1	-7.850612E-1
+7.367705E+9	+4.449059E-1	-7.851382E-1
+7.367720E+9	+4.438939E-1	-7.863681E-1
+7.367735E+9	+4.434318E-1	-7.867085E-1
+7.367750E+9	+4.430152E-1	-7.869937E-1
+7.367765E+9	+4.431260E-1	-7.870590E-1
+7.367780E+9	+4.434440E-1	-7.871009E-1
+7.367795E+9	+4.431164E-1	-7.869027E-1
+7.367810E+9	+4.430310E-1	-7.878324E-1
+7.367825E+9	+4.423331E-1	-7.879854E-1
+7.367840E+9	+4.421682E-1	-7.883808E-1
+7.367855E+9	+4.419023E-1	-7.882225E-1
+7.367870E+9	+4.417252E-1	-7.886246E-1
+7.367885E+9	+4.413560E-1	-7.892307E-1
+7.367900E+9	+4.420891E-1	-7.886146E-1
+7.367915E+9	+4.403559E-1	-7.889702E-1
+7.367930E+9	+4.394644E-1	-7.893694E-1
+7.367945E+9	+4.395614E-1	-7.889452E-1
+7.367960E+9	+4.401354E-1	-7.898426E-1
+7.367975E+9	+4.397321E-1	-7.909256E-1
+7.367990E+9	+4.400190E-1	-7.910236E-1
+7.368005E+9	+4.395280E-1	-7.900698E-1
+7.368020E+9	+4.399818E-1	-7.898289E-1
+7.368035E+9	+4.399435E-1	-7.900151E-1
+7.368050E+9	+4.395710E-1	-7.903985E-1
+7.368065E+9	+4.383920E-1	-7.902248E-1
+7.368080E+9	+4.377066E-1	-7.901913E-1
+7.368095E+9	+4.379546E-1	-7.909824E-1
+7.368110E+9	+4.376066E-1	-7.915275E-1
+7.368125E+9	+4.370171E-1	-7.921352E-1
+7.368140E+9	+4.366109E-1	-7.908051E-1
+7.368155E+9	+4.373001E-1	-7.912361E-1
+7.368170E+9	+4.371737E-1	-7.916260E-1
+7.368185E+9	+4.360894E-1	-7.921208E-1
+7.368200E+9	+4.357267E-1	-7.915501E-1
+7.368215E+9	+4.353907E-1	-7.922567E-1
+7.368230E+9	+4.352009E-1	-7.920699E-1
+7.368245E+9	+4.353330E-1	-7.919304E-1
+7.368260E+9	+4.351209E-1	-7.925725E-1
+7.368275E+9	+4.349410E-1	-7.935253E-1
+7.368290E+9	+4.346302E-1	-7.939194E-1
+7.368305E+9	+4.341923E-1	-7.940748E-1
+7.368320E+9	+4.331258E-1	-7.946206E-1
+7.368335E+9	+4.336722E-1	-7.946330E-1
+7.368350E+9	+4.329569E-1	-7.943344E-1
+7.368365E+9	+4.330325E-1	-7.944106E-1
+7.368380E+9	+4.333766E-1	-7.944796E-1
+7.368395E+9	+4.322030E-1	-7.934075E-1
+7.368410E+9	+4.323413E-1	-7.946193E-1
+7.368425E+9	+4.326923E-1	-7.956480E-1
+7.368440E+9	+4.321968E-1	-7.949564E-1
+7.368455E+9	+4.320649E-1	-7.947201E-1
+7.368470E+9	+4.315569E-1	-7.945271E-1
+7.368485E+9	+4.311541E-1	-7.964044E-1
+7.368500E+9	+4.304565E-1	-7.958398E-1
+7.368515E+9	+4.299300E-1	-7.959918E-1
+7.368530E+9	+4.299460E-1	-7.956780E-1
+7.368545E+9	+4.303462E-1	-7.961736E-1
+7.368560E+9	+4.302502E-1	-7.967692E-1
+7.368575E+9	+4.297779E-1	-7.967301E-1
+7.368590E+9	+4.299728E-1	-7.970432E-1
+7.368605E+9	+4.298765E-1	-7.963779E-1
+7.368620E+9	+4.295614E-1	-7.966649E-1
+7.368635E+9	+4.282266E-1	-7.960865E-1
+7.368650E+9	+4.283203E-1	-7.971486E-1
+7.368665E+9	+4.276723E-1	-7.972809E-1
+7.368680E+9	+4.276771E-1	-7.971673E-1
+7.368695E+9	+4.270052E-1	-7.974968E-1
+7.368710E+9	+4.272440E-1	-7.973449E-1
+7.368725E+9	+4.272402E-1	-7.975715E-1
+7.368740E+9	+4.273219E-1	-7.979093E-1
+7.368755E+9	+4.265768E-1	-7.979670E-1
+7.368770E+9	+4.264172E-1	-7.983957E-1
+7.368785E+9	+4.256430E-1	-7.993106E-1
+7.368800E+9	+4.263461E-1	-7.985658E-1
+7.368815E+9	+4.255756E-1	-7.990402E-1
+7.368830E+9	+4.247035E-1	-7.985355E-1
+7.368845E+9	+4.249125E-1	-7.995259E-1
+7.368860E+9	+4.244363E-1	-7.996403E-1
+7.368875E+9	+4.243915E-1	-7.999326E-1
+7.368890E+9	+4.242494E-1	-7.999200E-1
+7.368905E+9	+4.240038E-1	-7.996829E-1
+7.368920E+9	+4.241938E-1	-7.997063E-1
+7.368935E+9	+4.233560E-1	-8.002049E-1
+7.368950E+9	+4.236088E-1	-8.011900E-1
+7.368965E+9	+4.229168E-1	-8.005563E-1
+7.368980E+9	+4.226408E-1	-7.996016E-1
+7.368995E+9	+4.214955E-1	-8.007893E-1
+7.369010E+9	+4.219537E-1	-8.011706E-1
+7.369025E+9	+4.225402E-1	-8.026271E-1
+7.369040E+9	+4.224675E-1	-8.028072E-1
+7.369055E+9	+4.222484E-1	-8.017261E-1
+7.369070E+9	+4.213160E-1	-8.020428E-1
+7.369085E+9	+4.207721E-1	-8.016049E-1
+7.369100E+9	+4.203345E-1	-8.015536E-1
+7.369115E+9	+4.207415E-1	-8.022404E-1
+7.369130E+9	+4.207555E-1	-8.025120E-1
+7.369145E+9	+4.199883E-1	-8.022964E-1
+7.369160E+9	+4.195224E-1	-8.016490E-1
+7.369175E+9	+4.200716E-1	-8.019144E-1
+7.369190E+9	+4.194259E-1	-8.036139E-1
+7.369205E+9	+4.185177E-1	-8.035301E-1
+7.369220E+9	+4.191292E-1	-8.036428E-1
+7.369235E+9	+4.189252E-1	-8.037837E-1
+7.369250E+9	+4.181266E-1	-8.040402E-1
+7.369265E+9	+4.174998E-1	-8.039609E-1
+7.369280E+9	+4.164304E-1	-8.033645E-1
+7.369295E+9	+4.167454E-1	-8.039495E-1
+7.369310E+9	+4.174583E-1	-8.040133E-1
+7.369325E+9	+4.173620E-1	-8.047229E-1
+7.369340E+9	+4.165400E-1	-8.046405E-1
+7.369355E+9	+4.158787E-1	-8.041266E-1
+7.369370E+9	+4.158974E-1	-8.044750E-1
+7.369385E+9	+4.166262E-1	-8.048510E-1
+7.369400E+9	+4.164231E-1	-8.042147E-1
+7.369415E+9	+4.165522E-1	-8.048804E-1
+7.369430E+9	+4.158585E-1	-8.049412E-1
+7.369445E+9	+4.152228E-1	-8.053601E-1
+7.369460E+9	+4.150052E-1	-8.059272E-1
+7.369475E+9	+4.141469E-1	-8.069403E-1
+7.369490E+9	+4.135183E-1	-8.062939E-1
+7.369505E+9	+4.133035E-1	-8.063580E-1
+7.369520E+9	+4.128979E-1	-8.065906E-1
+7.369535E+9	+4.138520E-1	-8.073286E-1
+7.369550E+9	+4.135203E-1	-8.068234E-1
+7.369565E+9	+4.130908E-1	-8.066966E-1
+7.369580E+9	+4.129590E-1	-8.062303E-1
+7.369595E+9	+4.129190E-1	-8.065528E-1
+7.369610E+9	+4.130569E-1	-8.081897E-1
+7.369625E+9	+4.126872E-1	-8.084194E-1
+7.369640E+9	+4.120952E-1	-8.086164E-1
+7.369655E+9	+4.108662E-1	-8.082562E-1
+7.369670E+9	+4.106638E-1	-8.077301E-1
+7.369685E+9	+4.111647E-1	-8.083850E-1
+7.369700E+9	+4.115801E-1	-8.083640E-1
+7.369715E+9	+4.109833E-1	-8.086910E-1
+7.369730E+9	+4.103949E-1	-8.096234E-1
+7.369745E+9	+4.106844E-1	-8.091669E-1
+7.369760E+9	+4.100230E-1	-8.089869E-1
+7.369775E+9	+4.095637E-1	-8.087821E-1
+7.369790E+9	+4.089530E-1	-8.087450E-1
+7.369805E+9	+4.087982E-1	-8.090597E-1
+7.369820E+9	+4.084846E-1	-8.089679E-1
+7.369835E+9	+4.082340E-1	-8.096392E-1
+7.369850E+9	+4.085753E-1	-8.101949E-1
+7.369865E+9	+4.077122E-1	-8.103284E-1
+7.369880E+9	+4.079542E-1	-8.100557E-1
+7.369895E+9	+4.077328E-1	-8.096240E-1
+7.369910E+9	+4.074812E-1	-8.109744E-1
+7.369925E+9	+4.073059E-1	-8.113326E-1
+7.369940E+9	+4.066756E-1	-8.107296E-1
+7.369955E+9	+4.067464E-1	-8.116023E-1
+7.369970E+9	+4.060029E-1	-8.114239E-1
+7.369985E+9	+4.059247E-1	-8.116732E-1
+7.370000E+9	+4.049171E-1	-8.114211E-1
+7.370015E+9	+4.054942E-1	-8.118877E-1
+7.370030E+9	+4.052450E-1	-8.119873E-1
+7.370045E+9	+4.047193E-1	-8.115449E-1
+7.370060E+9	+4.048051E-1	-8.118898E-1
+7.370075E+9	+4.039233E-1	-8.123192E-1
+7.370090E+9	+4.039239E-1	-8.118775E-1
+7.370105E+9	+4.040508E-1	-8.121979E-1
+7.370120E+9	+4.034256E-1	-8.126046E-1
+7.370135E+9	+4.029742E-1	-8.125851E-1
+7.370150E+9	+4.037973E-1	-8.116994E-1
+7.370165E+9	+4.025646E-1	-8.125610E-1
+7.370180E+9	+4.028140E-1	-8.135254E-1
+7.370195E+9	+4.020089E-1	-8.129158E-1
+7.370210E+9	+4.019471E-1	-8.134009E-1
+7.370225E+9	+4.012705E-1	-8.141621E-1
+7.370240E+9	+4.020732E-1	-8.140575E-1
+7.370255E+9	+4.016663E-1	-8.139692E-1
+7.370270E+9	+4.013168E-1	-8.140214E-1
+7.370285E+9	+4.003268E-1	-8.136205E-1
+7.370300E+9	+3.997778E-1	-8.133307E-1
+7.370315E+9	+4.003399E-1	-8.143893E-1
+7.370330E+9	+4.003779E-1	-8.139843E-1
+7.370345E+9	+4.003536E-1	-8.147733E-1
+7.370360E+9	+3.995571E-1	-8.149830E-1
+7.370375E+9	+3.984141E-1	-8.151534E-1
+7.370390E+9	+3.986044E-1	-8.145407E-1
+7.370405E+9	+3.988225E-1	-8.155722E-1
+7.370420E+9	+3.986467E-1	-8.160606E-1
+7.370435E+9	+3.982478E-1	-8.156332E-1
+7.370450E+9	+3.982791E-1	-8.156777E-1
+7.370465E+9	+3.977517E-1	-8.154231E-1
+7.370480E+9	+3.976890E-1	-8.162401E-1
+7.370495E+9	+3.968697E-1	-8.157624E-1
+7.370510E+9	+3.975431E-1	-8.166462E-1
+7.370525E+9	+3.963599E-1	-8.170343E-1
+7.370540E+9	+3.967172E-1	-8.169752E-1
+7.370555E+9	+3.966034E-1	-8.169542E-1
+7.370570E+9	+3.955664E-1	-8.163366E-1
+7.370585E+9	+3.954000E-1	-8.166694E-1
+7.370600E+9	+3.956338E-1	-8.167652E-1
+7.370615E+9	+3.955701E-1	-8.165674E-1
+7.370630E+9	+3.956707E-1	-8.168921E-1
+7.370645E+9	+3.952939E-1	-8.172687E-1
+7.370660E+9	+3.951237E-1	-8.170738E-1
+7.370675E+9	+3.943697E-1	-8.168511E-1
+7.370690E+9	+3.940147E-1	-8.179977E-1
+7.370705E+9	+3.935178E-1	-8.181949E-1
+7.370720E+9	+3.938478E-1	-8.187742E-1
+7.370735E+9	+3.935867E-1	-8.185078E-1
+7.370750E+9	+3.936438E-1	-8.183612E-1
+7.370765E+9	+3.920051E-1	-8.190254E-1
+7.370780E+9	+3.918254E-1	-8.189837E-1
+7.370795E+9	+3.928797E-1	-8.190095E-1
+7.370810E+9	+3.930400E-1	-8.193655E-1
+7.370825E+9	+3.921521E-1	-8.191029E-1
+7.370840E+9	+3.917642E-1	-8.190763E-1
+7.370855E+9	+3.912831E-1	-8.187156E-1
+7.370870E+9	+3.913258E-1	-8.194053E-1
+7.370885E+9	+3.909805E-1	-8.191719E-1
+7.370900E+9	+3.900303E-1	-8.204362E-1
+7.370915E+9	+3.900375E-1	-8.193671E-1
+7.370930E+9	+3.903125E-1	-8.193823E-1
+7.370945E+9	+3.897892E-1	-8.184614E-1
+7.370960E+9	+3.903712E-1	-8.197830E-1
+7.370975E+9	+3.896949E-1	-8.199479E-1
+7.370990E+9	+3.889794E-1	-8.206987E-1
+7.371005E+9	+3.895362E-1	-8.208209E-1
+7.371020E+9	+3.898517E-1	-8.211329E-1
+7.371035E+9	+3.900895E-1	-8.213898E-1
+7.371050E+9	+3.893387E-1	-8.209425E-1
+7.371065E+9	+3.886489E-1	-8.218248E-1
+7.371080E+9	+3.874227E-1	-8.215425E-1
+7.371095E+9	+3.873341E-1	-8.215478E-1
+7.371110E+9	+3.875955E-1	-8.216680E-1
+7.371125E+9	+3.873749E-1	-8.230167E-1
+7.371140E+9	+3.877118E-1	-8.223233E-1
+7.371155E+9	+3.873162E-1	-8.221957E-1
+7.371170E+9	+3.863860E-1	-8.223871E-1
+7.371185E+9	+3.861022E-1	-8.210093E-1
+7.371200E+9	+3.857814E-1	-8.223649E-1
+7.371215E+9	+3.859789E-1	-8.225833E-1
+7.371230E+9	+3.855546E-1	-8.229735E-1
+7.371245E+9	+3.849676E-1	-8.232293E-1
+7.371260E+9	+3.842515E-1	-8.232779E-1
+7.371275E+9	+3.846204E-1	-8.230197E-1
+7.371290E+9	+3.848194E-1	-8.229352E-1
+7.371305E+9	+3.844455E-1	-8.237563E-1
+7.371320E+9	+3.832805E-1	-8.236786E-1
+7.371335E+9	+3.836206E-1	-8.233278E-1
+7.371350E+9	+3.828520E-1	-8.243466E-1
+7.371365E+9	+3.825524E-1	-8.235077E-1
+7.371380E+9	+3.832650E-1	-8.234152E-1
+7.371395E+9	+3.834510E-1	-8.244286E-1
+7.371410E+9	+3.825730E-1	-8.257272E-1
+7.371425E+9	+3.824407E-1	-8.252021E-1
+7.371440E+9	+3.819335E-1	-8.256214E-1
+7.371455E+9	+3.819318E-1	-8.249755E-1
+7.371470E+9	+3.807917E-1	-8.240277E-1
+7.371485E+9	+3.808075E-1	-8.237645E-1
+7.371500E+9	+3.810309E-1	-8.249424E-1
+7.371515E+9	+3.805201E-1	-8.254494E-1
+7.371530E+9	+3.809522E-1	-8.256531E-1
+7.371545E+9	+3.804842E-1	-8.256027E-1
+7.371560E+9	+3.794375E-1	-8.252235E-1
+7.371575E+9	+3.789738E-1	-8.247727E-1
+7.371590E+9	+3.798459E-1	-8.257594E-1
+7.371605E+9	+3.799918E-1	-8.271598E-1
+7.371620E+9	+3.797837E-1	-8.277135E-1
+7.371635E+9	+3.783008E-1	-8.260491E-1
+7.371650E+9	+3.784536E-1	-8.250188E-1
+7.371665E+9	+3.779757E-1	-8.257391E-1
+7.371680E+9	+3.778782E-1	-8.268241E-1
+7.371695E+9	+3.780604E-1	-8.271958E-1
+7.371710E+9	+3.775817E-1	-8.268664E-1
+7.371725E+9	+3.771538E-1	-8.265892E-1
+7.371740E+9	+3.758789E-1	-8.282308E-1
+7.371755E+9	+3.767043E-1	-8.280518E-1
+7.371770E+9	+3.755550E-1	-8.283312E-1
+7.371785E+9	+3.759622E-1	-8.284984E-1
+7.371800E+9	+3.769684E-1	-8.281395E-1
+7.371815E+9	+3.760651E-1	-8.285498E-1
+7.371830E+9	+3.756479E-1	-8.277288E-1
+7.371845E+9	+3.756807E-1	-8.278418E-1
+7.371860E+9	+3.757772E-1	-8.282499E-1
+7.371875E+9	+3.753759E-1	-8.280669E-1
+7.371890E+9	+3.753065E-1	-8.281464E-1
+7.371905E+9	+3.747754E-1	-8.283286E-1
+7.371920E+9	+3.750604E-1	-8.279766E-1
+7.371935E+9	+3.742462E-1	-8.288168E-1
+7.371950E+9	+3.726999E-1	-8.286185E-1
+7.371965E+9	+3.728157E-1	-8.290892E-1
+7.371980E+9	+3.721924E-1	-8.290832E-1
+7.371995E+9	+3.728696E-1	-8.302593E-1
+7.372010E+9	+3.721330E-1	-8.307394E-1
+7.372025E+9	+3.717217E-1	-8.306394E-1
+7.372040E+9	+3.708012E-1	-8.294486E-1
+7.372055E+9	+3.721359E-1	-8.291419E-1
+7.372070E+9	+3.713095E-1	-8.301934E-1
+7.372085E+9	+3.710171E-1	-8.299321E-1
+7.372100E+9	+3.715615E-1	-8.297148E-1
+7.372115E+9	+3.705939E-1	-8.300727E-1
+7.372130E+9	+3.712607E-1	-8.305617E-1
+7.372145E+9	+3.712093E-1	-8.305699E-1
+7.372160E+9	+3.702659E-1	-8.311828E-1
+7.372175E+9	+3.702142E-1	-8.302153E-1
+7.372190E+9	+3.697830E-1	-8.308732E-1
+7.372205E+9	+3.696803E-1	-8.306220E-1
+7.372220E+9	+3.693323E-1	-8.306743E-1
+7.372235E+9	+3.696073E-1	-8.313803E-1
+7.372250E+9	+3.684669E-1	-8.322904E-1
+7.372265E+9	+3.681476E-1	-8.320389E-1
+7.372280E+9	+3.678600E-1	-8.305374E-1
+7.372295E+9	+3.676463E-1	-8.305601E-1
+7.372310E+9	+3.681992E-1	-8.316833E-1
+7.372325E+9	+3.669838E-1	-8.318336E-1
+7.372340E+9	+3.666131E-1	-8.312937E-1
+7.372355E+9	+3.665764E-1	-8.314949E-1
+7.372370E+9	+3.660483E-1	-8.317182E-1
+7.372385E+9	+3.656680E-1	-8.316465E-1
+7.372400E+9	+3.650010E-1	-8.319809E-1
+7.372415E+9	+3.650515E-1	-8.335643E-1
+7.372430E+9	+3.656977E-1	-8.339413E-1
+7.372445E+9	+3.649132E-1	-8.337894E-1
+7.372460E+9	+3.659562E-1	-8.337524E-1
+7.372475E+9	+3.659446E-1	-8.331871E-1
+7.372490E+9	+3.656746E-1	-8.329320E-1
+7.372505E+9	+3.651271E-1	-8.335462E-1
+7.372520E+9	+3.645089E-1	-8.342727E-1
+7.372535E+9	+3.646871E-1	-8.339802E-1
+7.372550E+9	+3.641290E-1	-8.337778E-1
+7.372565E+9	+3.642691E-1	-8.334209E-1
+7.372580E+9	+3.638069E-1	-8.338760E-1
+7.372595E+9	+3.632849E-1	-8.346055E-1
+7.372610E+9	+3.626255E-1	-8.350400E-1
+7.372625E+9	+3.629623E-1	-8.352069E-1
+7.372640E+9	+3.619392E-1	-8.355038E-1
+7.372655E+9	+3.622415E-1	-8.344187E-1
+7.372670E+9	+3.611405E-1	-8.339397E-1
+7.372685E+9	+3.610182E-1	-8.343364E-1
+7.372700E+9	+3.624499E-1	-8.356654E-1
+7.372715E+9	+3.617509E-1	-8.364078E-1
+7.372730E+9	+3.601442E-1	-8.353298E-1
+7.372745E+9	+3.604070E-1	-8.352640E-1
+7.372760E+9	+3.605493E-1	-8.354848E-1
+7.372775E+9	+3.607481E-1	-8.362222E-1
+7.372790E+9	+3.603230E-1	-8.357078E-1
+7.372805E+9	+3.592948E-1	-8.358440E-1
+7.372820E+9	+3.600011E-1	-8.363246E-1
+7.372835E+9	+3.596676E-1	-8.366605E-1
+7.372850E+9	+3.593634E-1	-8.363837E-1
+7.372865E+9	+3.594790E-1	-8.363066E-1
+7.372880E+9	+3.589364E-1	-8.361358E-1
+7.372895E+9	+3.582501E-1	-8.365650E-1
+7.372910E+9	+3.581220E-1	-8.373016E-1
+7.372925E+9	+3.579778E-1	-8.378630E-1
+7.372940E+9	+3.578647E-1	-8.376961E-1
+7.372955E+9	+3.580683E-1	-8.373622E-1
+7.372970E+9	+3.581442E-1	-8.365792E-1
+7.372985E+9	+3.576782E-1	-8.362742E-1
+7.373000E+9	+3.586812E-1	-8.370120E-1
+7.373015E+9	+3.579984E-1	-8.370382E-1
+7.373030E+9	+3.569697E-1	-8.375189E-1
+7.373045E+9	+3.562121E-1	-8.378270E-1
+7.373060E+9	+3.551782E-1	-8.373359E-1
+7.373075E+9	+3.554513E-1	-8.372817E-1
+7.373090E+9	+3.552139E-1	-8.374965E-1
+7.373105E+9	+3.548062E-1	-8.382068E-1
+7.373120E+9	+3.541666E-1	-8.382586E-1
+7.373135E+9	+3.547613E-1	-8.376573E-1
+7.373150E+9	+3.546075E-1	-8.377227E-1
+7.373165E+9	+3.536561E-1	-8.393762E-1
+7.373180E+9	+3.532752E-1	-8.400337E-1
+7.373195E+9	+3.542352E-1	-8.388690E-1
+7.373210E+9	+3.536481E-1	-8.388503E-1
+7.373225E+9	+3.527158E-1	-8.388907E-1
+7.373240E+9	+3.524172E-1	-8.392369E-1
+7.373255E+9	+3.525179E-1	-8.397191E-1
+7.373270E+9	+3.519486E-1	-8.390115E-1
+7.373285E+9	+3.510374E-1	-8.390764E-1
+7.373300E+9	+3.527641E-1	-8.399144E-1
+7.373315E+9	+3.522457E-1	-8.400064E-1
+7.373330E+9	+3.511073E-1	-8.412545E-1
+7.373345E+9	+3.511142E-1	-8.415407E-1
+7.373360E+9	+3.517535E-1	-8.407912E-1
+7.373375E+9	+3.509202E-1	-8.402124E-1
+7.373390E+9	+3.507004E-1	-8.397623E-1
+7.373405E+9	+3.500412E-1	-8.403495E-1
+7.373420E+9	+3.493318E-1	-8.405224E-1
+7.373435E+9	+3.489797E-1	-8.406899E-1
+7.373450E+9	+3.508268E-1	-8.407312E-1
+7.373465E+9	+3.499344E-1	-8.410750E-1
+7.373480E+9	+3.486566E-1	-8.409141E-1
+7.373495E+9	+3.483287E-1	-8.406532E-1
+7.373510E+9	+3.478576E-1	-8.411233E-1
+7.373525E+9	+3.472055E-1	-8.418930E-1
+7.373540E+9	+3.474124E-1	-8.421064E-1
+7.373555E+9	+3.488257E-1	-8.421308E-1
+7.373570E+9	+3.488445E-1	-8.416622E-1
+7.373585E+9	+3.481856E-1	-8.420446E-1
+7.373600E+9	+3.480698E-1	-8.429960E-1
+7.373615E+9	+3.477541E-1	-8.420199E-1
+7.373630E+9	+3.476078E-1	-8.413827E-1
+7.373645E+9	+3.465001E-1	-8.411628E-1
+7.373660E+9	+3.460593E-1	-8.410549E-1
+7.373675E+9	+3.468635E-1	-8.428366E-1
+7.373690E+9	+3.461871E-1	-8.430479E-1
+7.373705E+9	+3.461355E-1	-8.428724E-1
+7.373720E+9	+3.459563E-1	-8.433749E-1
+7.373735E+9	+3.458833E-1	-8.434584E-1
+7.373750E+9	+3.454180E-1	-8.434020E-1
+7.373765E+9	+3.448586E-1	-8.436093E-1
+7.373780E+9	+3.445132E-1	-8.437369E-1
+7.373795E+9	+3.446324E-1	-8.440561E-1
+7.373810E+9	+3.438924E-1	-8.438593E-1
+7.373825E+9	+3.439661E-1	-8.434100E-1
+7.373840E+9	+3.437662E-1	-8.438461E-1
+7.373855E+9	+3.424681E-1	-8.442791E-1
+7.373870E+9	+3.432604E-1	-8.433970E-1
+7.373885E+9	+3.426983E-1	-8.435337E-1
+7.373900E+9	+3.425436E-1	-8.449789E-1
+7.373915E+9	+3.428752E-1	-8.452650E-1
+7.373930E+9	+3.420349E-1	-8.441419E-1
+7.373945E+9	+3.410900E-1	-8.438886E-1
+7.373960E+9	+3.418410E-1	-8.452704E-1
+7.373975E+9	+3.423832E-1	-8.449800E-1
+7.373990E+9	+3.408458E-1	-8.441869E-1
+7.374005E+9	+3.399600E-1	-8.449529E-1
+7.374020E+9	+3.404665E-1	-8.453635E-1
+7.374035E+9	+3.407180E-1	-8.453124E-1
+7.374050E+9	+3.409724E-1	-8.453585E-1
+7.374065E+9	+3.399238E-1	-8.461884E-1
+7.374080E+9	+3.390811E-1	-8.456797E-1
+7.374095E+9	+3.395251E-1	-8.459719E-1
+7.374110E+9	+3.383335E-1	-8.452073E-1
+7.374125E+9	+3.397278E-1	-8.452917E-1
+7.374140E+9	+3.388076E-1	-8.452999E-1
+7.374155E+9	+3.380002E-1	-8.459190E-1
+7.374170E+9	+3.384283E-1	-8.462587E-1
+7.374185E+9	+3.377856E-1	-8.458376E-1
+7.374200E+9	+3.375535E-1	-8.468543E-1
+7.374215E+9	+3.375662E-1	-8.470321E-1
+7.374230E+9	+3.375696E-1	-8.466142E-1
+7.374245E+9	+3.374263E-1	-8.457264E-1
+7.374260E+9	+3.383525E-1	-8.462897E-1
+7.374275E+9	+3.375599E-1	-8.475791E-1
+7.374290E+9	+3.372487E-1	-8.474394E-1
+7.374305E+9	+3.361793E-1	-8.467172E-1
+7.374320E+9	+3.363125E-1	-8.477103E-1
+7.374335E+9	+3.357804E-1	-8.485802E-1
+7.374350E+9	+3.348997E-1	-8.465800E-1
+7.374365E+9	+3.347226E-1	-8.471821E-1
+7.374380E+9	+3.345976E-1	-8.475688E-1
+7.374395E+9	+3.347717E-1	-8.474776E-1
+7.374410E+9	+3.345463E-1	-8.479049E-1
+7.374425E+9	+3.339081E-1	-8.474723E-1
+7.374440E+9	+3.334587E-1	-8.485874E-1
+7.374455E+9	+3.334514E-1	-8.491470E-1
+7.374470E+9	+3.336228E-1	-8.488126E-1
+7.374485E+9	+3.330077E-1	-8.480905E-1
+7.374500E+9	+3.313525E-1	-8.486583E-1
+7.374515E+9	+3.322243E-1	-8.485377E-1
+7.374530E+9	+3.323618E-1	-8.489572E-1
+7.374545E+9	+3.325807E-1	-8.490596E-1
+7.374560E+9	+3.326580E-1	-8.491194E-1
+7.374575E+9	+3.304167E-1	-8.489391E-1
+7.374590E+9	+3.311559E-1	-8.498507E-1
+7.374605E+9	+3.306721E-1	-8.507446E-1
+7.374620E+9	+3.302981E-1	-8.512360E-1
+7.374635E+9	+3.305255E-1	-8.498574E-1
+7.374650E+9	+3.297175E-1	-8.500465E-1
+7.374665E+9	+3.306337E-1	-8.500785E-1
+7.374680E+9	+3.305674E-1	-8.498260E-1
+7.374695E+9	+3.296336E-1	-8.504012E-1
+7.374710E+9	+3.297055E-1	-8.497157E-1
+7.374725E+9	+3.291156E-1	-8.492147E-1
+7.374740E+9	+3.298930E-1	-8.491687E-1
+7.374755E+9	+3.293183E-1	-8.508185E-1
+7.374770E+9	+3.289650E-1	-8.506347E-1
+7.374785E+9	+3.289162E-1	-8.511470E-1
+7.374800E+9	+3.290996E-1	-8.506802E-1
+7.374815E+9	+3.282342E-1	-8.504416E-1
+7.374830E+9	+3.272752E-1	-8.511991E-1
+7.374845E+9	+3.275741E-1	-8.508272E-1
+7.374860E+9	+3.278220E-1	-8.504073E-1
+7.374875E+9	+3.276712E-1	-8.515589E-1
+7.374890E+9	+3.268504E-1	-8.524730E-1
+7.374905E+9	+3.256408E-1	-8.515911E-1
+7.374920E+9	+3.257691E-1	-8.511228E-1
+7.374935E+9	+3.257008E-1	-8.499204E-1
+7.374950E+9	+3.266324E-1	-8.514428E-1
+7.374965E+9	+3.260564E-1	-8.517589E-1
+7.374980E+9	+3.249463E-1	-8.520629E-1
+7.374995E+9	+3.240564E-1	-8.521306E-1
+7.375010E+9	+3.235897E-1	-8.517058E-1
+7.375025E+9	+3.257529E-1	-8.515761E-1
+7.375040E+9	+3.253537E-1	-8.517044E-1
+7.375055E+9	+3.246052E-1	-8.515957E-1
+7.375070E+9	+3.246041E-1	-8.519335E-1
+7.375085E+9	+3.243672E-1	-8.520046E-1
+7.375100E+9	+3.237674E-1	-8.522334E-1
+7.375115E+9	+3.235351E-1	-8.525059E-1
+7.375130E+9	+3.227275E-1	-8.518038E-1
+7.375145E+9	+3.227169E-1	-8.526019E-1
+7.375160E+9	+3.227898E-1	-8.528926E-1
+7.375175E+9	+3.228369E-1	-8.529132E-1
+7.375190E+9	+3.225308E-1	-8.529659E-1
+7.375205E+9	+3.221447E-1	-8.540297E-1
+7.375220E+9	+3.213525E-1	-8.541048E-1
+7.375235E+9	+3.215822E-1	-8.533313E-1
+7.375250E+9	+3.219138E-1	-8.525200E-1
+7.375265E+9	+3.212062E-1	-8.526365E-1
+7.375280E+9	+3.208748E-1	-8.530655E-1
+7.375295E+9	+3.210492E-1	-8.537050E-1
+7.375310E+9	+3.202619E-1	-8.542735E-1
+7.375325E+9	+3.208927E-1	-8.549432E-1
+7.375340E+9	+3.199635E-1	-8.553356E-1
+7.375355E+9	+3.191652E-1	-8.547464E-1
+7.375370E+9	+3.198700E-1	-8.552406E-1
+7.375385E+9	+3.191365E-1	-8.556188E-1
+7.375400E+9	+3.193066E-1	-8.556047E-1
+7.375415E+9	+3.184250E-1	-8.549530E-1
+7.375430E+9	+3.182877E-1	-8.542599E-1
+7.375445E+9	+3.186052E-1	-8.539348E-1
+7.375460E+9	+3.178649E-1	-8.546882E-1
+7.375475E+9	+3.188702E-1	-8.558696E-1
+7.375490E+9	+3.182451E-1	-8.554670E-1
+7.375505E+9	+3.182797E-1	-8.548021E-1
+7.375520E+9	+3.176917E-1	-8.547002E-1
+7.375535E+9	+3.164147E-1	-8.559771E-1
+7.375550E+9	+3.166457E-1	-8.553543E-1
+7.375565E+9	+3.159302E-1	-8.555712E-1
+7.375580E+9	+3.161956E-1	-8.552837E-1
+7.375595E+9	+3.151143E-1	-8.561230E-1
+7.375610E+9	+3.152793E-1	-8.558160E-1
+7.375625E+9	+3.158870E-1	-8.553712E-1
+7.375640E+9	+3.159919E-1	-8.553958E-1
+7.375655E+9	+3.162643E-1	-8.560823E-1
+7.375670E+9	+3.157244E-1	-8.567164E-1
+7.375685E+9	+3.140369E-1	-8.563128E-1
+7.375700E+9	+3.143637E-1	-8.566217E-1
+7.375715E+9	+3.147376E-1	-8.560796E-1
+7.375730E+9	+3.144867E-1	-8.566365E-1
+7.375745E+9	+3.129933E-1	-8.568362E-1
+7.375760E+9	+3.129427E-1	-8.570190E-1
+7.375775E+9	+3.123341E-1	-8.571439E-1
+7.375790E+9	+3.122744E-1	-8.565862E-1
+7.375805E+9	+3.121605E-1	-8.553840E-1
+7.375820E+9	+3.125324E-1	-8.559183E-1
+7.375835E+9	+3.125649E-1	-8.565323E-1
+7.375850E+9	+3.118378E-1	-8.571464E-1
+7.375865E+9	+3.115149E-1	-8.572321E-1
+7.375880E+9	+3.112956E-1	-8.570303E-1
+7.375895E+9	+3.115350E-1	-8.574761E-1
+7.375910E+9	+3.117800E-1	-8.578566E-1
+7.375925E+9	+3.117217E-1	-8.576418E-1
+7.375940E+9	+3.112580E-1	-8.578007E-1
+7.375955E+9	+3.105061E-1	-8.576686E-1
+7.375970E+9	+3.103335E-1	-8.574469E-1
+7.375985E+9	+3.095935E-1	-8.581102E-1
+7.376000E+9	+3.094449E-1	-8.582890E-1
+7.376015E+9	+3.079665E-1	-8.587098E-1
+7.376030E+9	+3.070509E-1	-8.581518E-1
+7.376045E+9	+3.083967E-1	-8.574645E-1
+7.376060E+9	+3.095045E-1	-8.578558E-1
+7.376075E+9	+3.101267E-1	-8.579395E-1
+7.376090E+9	+3.085031E-1	-8.591004E-1
+7.376105E+9	+3.082997E-1	-8.596706E-1
+7.376120E+9	+3.078900E-1	-8.594223E-1
+7.376135E+9	+3.079479E-1	-8.589546E-1
+7.376150E+9	+3.083844E-1	-8.592284E-1
+7.376165E+9	+3.079159E-1	-8.593953E-1
+7.376180E+9	+3.067565E-1	-8.596265E-1
+7.376195E+9	+3.060910E-1	-8.588480E-1
+7.376210E+9	+3.055898E-1	-8.589402E-1
+7.376225E+9	+3.067672E-1	-8.598266E-1
+7.376240E+9	+3.062596E-1	-8.603824E-1
+7.376255E+9	+3.064336E-1	-8.597735E-1
+7.376270E+9	+3.061732E-1	-8.597017E-1
+7.376285E+9	+3.057463E-1	-8.594345E-1
+7.376300E+9	+3.053563E-1	-8.592339E-1
+7.376315E+9	+3.048147E-1	-8.608253E-1
+7.376330E+9	+3.045942E-1	-8.615045E-1
+7.376345E+9	+3.041074E-1	-8.615135E-1
+7.376360E+9	+3.052191E-1	-8.586350E-1
+7.376375E+9	+3.040289E-1	-8.585775E-1
+7.376390E+9	+3.043037E-1	-8.589893E-1
+7.376405E+9	+3.038996E-1	-8.604044E-1
+7.376420E+9	+3.036216E-1	-8.612602E-1
+7.376435E+9	+3.033936E-1	-8.609056E-1
+7.376450E+9	+3.026922E-1	-8.600469E-1
+7.376465E+9	+3.022827E-1	-8.603969E-1
+7.376480E+9	+3.021313E-1	-8.605489E-1
+7.376495E+9	+3.023039E-1	-8.606508E-1
+7.376510E+9	+3.017742E-1	-8.630859E-1
+7.376525E+9	+3.023934E-1	-8.622730E-1
+7.376540E+9	+3.021693E-1	-8.626998E-1
+7.376555E+9	+3.023564E-1	-8.613847E-1
+7.376570E+9	+3.012473E-1	-8.618190E-1
+7.376585E+9	+3.012710E-1	-8.623824E-1
+7.376600E+9	+3.002121E-1	-8.624829E-1
+7.376615E+9	+3.007286E-1	-8.623488E-1
+7.376630E+9	+3.002175E-1	-8.619645E-1
+7.376645E+9	+2.993751E-1	-8.614478E-1
+7.376660E+9	+2.991998E-1	-8.618446E-1
+7.376675E+9	+2.997323E-1	-8.616766E-1
+7.376690E+9	+2.993043E-1	-8.618904E-1
+7.376705E+9	+2.995387E-1	-8.621775E-1
+7.376720E+9	+2.993286E-1	-8.621621E-1
+7.376735E+9	+2.993884E-1	-8.633102E-1
+7.376750E+9	+2.989806E-1	-8.626992E-1
+7.376765E+9	+2.990550E-1	-8.633158E-1
+7.376780E+9	+2.987794E-1	-8.625116E-1
+7.376795E+9	+2.977324E-1	-8.631155E-1
+7.376810E+9	+2.977657E-1	-8.635213E-1
+7.376825E+9	+2.976513E-1	-8.629383E-1
+7.376840E+9	+2.973057E-1	-8.633892E-1
+7.376855E+9	+2.977373E-1	-8.635431E-1
+7.376870E+9	+2.971402E-1	-8.632261E-1
+7.376885E+9	+2.971602E-1	-8.628506E-1
+7.376900E+9	+2.969702E-1	-8.629785E-1
+7.376915E+9	+2.967408E-1	-8.634632E-1
+7.376930E+9	+2.960774E-1	-8.639865E-1
+7.376945E+9	+2.965730E-1	-8.638354E-1
+7.376960E+9	+2.959623E-1	-8.637461E-1
+7.376975E+9	+2.955013E-1	-8.644307E-1
+7.376990E+9	+2.955109E-1	-8.648896E-1
+7.377005E+9	+2.941309E-1	-8.637062E-1
+7.377020E+9	+2.934012E-1	-8.629220E-1
+7.377035E+9	+2.945270E-1	-8.637060E-1
+7.377050E+9	+2.951317E-1	-8.635155E-1
+7.377065E+9	+2.947949E-1	-8.638883E-1
+7.377080E+9	+2.930732E-1	-8.648979E-1
+7.377095E+9	+2.938787E-1	-8.642917E-1
+7.377110E+9	+2.937233E-1	-8.639850E-1
+7.377125E+9	+2.920150E-1	-8.648159E-1
+7.377140E+9	+2.926005E-1	-8.656975E-1
+7.377155E+9	+2.924282E-1	-8.646855E-1
+7.377170E+9	+2.917818E-1	-8.641340E-1
+7.377185E+9	+2.912612E-1	-8.646613E-1
+7.377200E+9	+2.915960E-1	-8.643147E-1
+7.377215E+9	+2.923512E-1	-8.649044E-1
+7.377230E+9	+2.922728E-1	-8.658592E-1
+7.377245E+9	+2.909150E-1	-8.663181E-1
+7.377260E+9	+2.901712E-1	-8.655286E-1
+7.377275E+9	+2.905532E-1	-8.651046E-1
+7.377290E+9	+2.900132E-1	-8.657231E-1
+7.377305E+9	+2.893942E-1	-8.661040E-1
+7.377320E+9	+2.883446E-1	-8.657263E-1
+7.377335E+9	+2.897413E-1	-8.653151E-1
+7.377350E+9	+2.898733E-1	-8.660645E-1
+7.377365E+9	+2.890244E-1	-8.663443E-1
+7.377380E+9	+2.887281E-1	-8.658743E-1
+7.377395E+9	+2.887891E-1	-8.662778E-1
+7.377410E+9	+2.888052E-1	-8.661625E-1
+7.377425E+9	+2.881918E-1	-8.663751E-1
+7.377440E+9	+2.882002E-1	-8.679492E-1
+7.377455E+9	+2.884746E-1	-8.683512E-1
+7.377470E+9	+2.880030E-1	-8.682625E-1
+7.377485E+9	+2.876099E-1	-8.671491E-1
+7.377500E+9	+2.868658E-1	-8.665736E-1
+7.377515E+9	+2.873894E-1	-8.675574E-1
+7.377530E+9	+2.876856E-1	-8.678040E-1
+7.377545E+9	+2.864732E-1	-8.674668E-1
+7.377560E+9	+2.859694E-1	-8.675856E-1
+7.377575E+9	+2.853223E-1	-8.672044E-1
+7.377590E+9	+2.851597E-1	-8.677366E-1
+7.377605E+9	+2.849242E-1	-8.679815E-1
+7.377620E+9	+2.849677E-1	-8.677084E-1
+7.377635E+9	+2.851928E-1	-8.673462E-1
+7.377650E+9	+2.846770E-1	-8.674117E-1
+7.377665E+9	+2.846182E-1	-8.678113E-1
+7.377680E+9	+2.839046E-1	-8.684001E-1
+7.377695E+9	+2.837908E-1	-8.682306E-1
+7.377710E+9	+2.844723E-1	-8.684636E-1
+7.377725E+9	+2.835185E-1	-8.687632E-1
+7.377740E+9	+2.831720E-1	-8.686947E-1
+7.377755E+9	+2.833178E-1	-8.678623E-1
+7.377770E+9	+2.821116E-1	-8.683730E-1
+7.377785E+9	+2.820424E-1	-8.673984E-1
+7.377800E+9	+2.839972E-1	-8.690689E-1
+7.377815E+9	+2.827299E-1	-8.683989E-1
+7.377830E+9	+2.822051E-1	-8.682347E-1
+7.377845E+9	+2.815123E-1	-8.689269E-1
+7.377860E+9	+2.814941E-1	-8.690910E-1
+7.377875E+9	+2.815944E-1	-8.692000E-1
+7.377890E+9	+2.805300E-1	-8.694383E-1
+7.377905E+9	+2.802445E-1	-8.690178E-1
+7.377920E+9	+2.805709E-1	-8.692787E-1
+7.377935E+9	+2.804588E-1	-8.699336E-1
+7.377950E+9	+2.795852E-1	-8.699724E-1
+7.377965E+9	+2.785876E-1	-8.690324E-1
+7.377980E+9	+2.783643E-1	-8.686443E-1
+7.377995E+9	+2.791092E-1	-8.682106E-1
+7.378010E+9	+2.792185E-1	-8.688882E-1
+7.378025E+9	+2.794585E-1	-8.694514E-1
+7.378040E+9	+2.791448E-1	-8.692134E-1
+7.378055E+9	+2.787481E-1	-8.689553E-1
+7.378070E+9	+2.785384E-1	-8.687724E-1
+7.378085E+9	+2.791271E-1	-8.685855E-1
+7.378100E+9	+2.783917E-1	-8.702972E-1
+7.378115E+9	+2.785777E-1	-8.705296E-1
+7.378130E+9	+2.781536E-1	-8.704022E-1
+7.378145E+9	+2.766001E-1	-8.708681E-1
+7.378160E+9	+2.758387E-1	-8.698171E-1
+7.378175E+9	+2.766368E-1	-8.691962E-1
+7.378190E+9	+2.765428E-1	-8.695867E-1
+7.378205E+9	+2.761624E-1	-8.702513E-1
+7.378220E+9	+2.761683E-1	-8.702772E-1
+7.378235E+9	+2.760908E-1	-8.719113E-1
+7.378250E+9	+2.755366E-1	-8.723301E-1
+7.378265E+9	+2.751146E-1	-8.722293E-1
+7.378280E+9	+2.754674E-1	-8.714725E-1
+7.378295E+9	+2.756640E-1	-8.703570E-1
+7.378310E+9	+2.766174E-1	-8.700290E-1
+7.378325E+9	+2.754108E-1	-8.712771E-1
+7.378340E+9	+2.753544E-1	-8.710693E-1
+7.378355E+9	+2.753760E-1	-8.708282E-1
+7.378370E+9	+2.748232E-1	-8.706405E-1
+7.378385E+9	+2.728164E-1	-8.701430E-1
+7.378400E+9	+2.736674E-1	-8.696744E-1
+7.378415E+9	+2.732828E-1	-8.712573E-1
+7.378430E+9	+2.736279E-1	-8.727039E-1
+7.378445E+9	+2.735043E-1	-8.717977E-1
+7.378460E+9	+2.723956E-1	-8.715146E-1
+7.378475E+9	+2.720274E-1	-8.713426E-1
+7.378490E+9	+2.721259E-1	-8.719028E-1
+7.378505E+9	+2.716810E-1	-8.725724E-1
+7.378520E+9	+2.705466E-1	-8.722172E-1
+7.378535E+9	+2.705754E-1	-8.724762E-1
+7.378550E+9	+2.709898E-1	-8.725331E-1
+7.378565E+9	+2.707590E-1	-8.729071E-1
+7.378580E+9	+2.703353E-1	-8.732280E-1
+7.378595E+9	+2.710203E-1	-8.738960E-1
+7.378610E+9	+2.708593E-1	-8.739554E-1
+7.378625E+9	+2.705054E-1	-8.738543E-1
+7.378640E+9	+2.703136E-1	-8.728666E-1
+7.378655E+9	+2.706776E-1	-8.727013E-1
+7.378670E+9	+2.700378E-1	-8.726164E-1
+7.378685E+9	+2.703745E-1	-8.727753E-1
+7.378700E+9	+2.677063E-1	-8.717627E-1
+7.378715E+9	+2.676737E-1	-8.735257E-1
+7.378730E+9	+2.691876E-1	-8.737213E-1
+7.378745E+9	+2.682066E-1	-8.728775E-1
+7.378760E+9	+2.671777E-1	-8.728552E-1
+7.378775E+9	+2.676949E-1	-8.751498E-1
+7.378790E+9	+2.669819E-1	-8.752616E-1
+7.378805E+9	+2.679641E-1	-8.748261E-1
+7.378820E+9	+2.675399E-1	-8.742588E-1
+7.378835E+9	+2.668498E-1	-8.747522E-1
+7.378850E+9	+2.666387E-1	-8.741863E-1
+7.378865E+9	+2.663452E-1	-8.740905E-1
+7.378880E+9	+2.664261E-1	-8.738239E-1
+7.378895E+9	+2.662857E-1	-8.734997E-1
+7.378910E+9	+2.660918E-1	-8.737289E-1
+7.378925E+9	+2.665606E-1	-8.741901E-1
+7.378940E+9	+2.657700E-1	-8.740685E-1
+7.378955E+9	+2.646853E-1	-8.738999E-1
+7.378970E+9	+2.647332E-1	-8.746928E-1
+7.378985E+9	+2.641413E-1	-8.747703E-1
+7.379000E+9	+2.644301E-1	-8.744512E-1
+7.379015E+9	+2.641685E-1	-8.741053E-1
+7.379030E+9	+2.645651E-1	-8.742175E-1
+7.379045E+9	+2.641782E-1	-8.749966E-1
+7.379060E+9	+2.637156E-1	-8.764212E-1
+7.379075E+9	+2.634978E-1	-8.755516E-1
+7.379090E+9	+2.627928E-1	-8.758663E-1
+7.379105E+9	+2.636150E-1	-8.750375E-1
+7.379120E+9	+2.635964E-1	-8.750731E-1
+7.379135E+9	+2.638885E-1	-8.758538E-1
+7.379150E+9	+2.620775E-1	-8.752910E-1
+7.379165E+9	+2.615505E-1	-8.744678E-1
+7.379180E+9	+2.623104E-1	-8.748769E-1
+7.379195E+9	+2.612143E-1	-8.758018E-1
+7.379210E+9	+2.610527E-1	-8.765236E-1
+7.379225E+9	+2.612828E-1	-8.774509E-1
+7.379240E+9	+2.606391E-1	-8.769213E-1
+7.379255E+9	+2.605201E-1	-8.763610E-1
+7.379270E+9	+2.604099E-1	-8.757529E-1
+7.379285E+9	+2.600620E-1	-8.747860E-1
+7.379300E+9	+2.606017E-1	-8.747106E-1
+7.379315E+9	+2.590754E-1	-8.753152E-1
+7.379330E+9	+2.593028E-1	-8.770162E-1
+7.379345E+9	+2.582587E-1	-8.773467E-1
+7.379360E+9	+2.584863E-1	-8.768960E-1
+7.379375E+9	+2.596436E-1	-8.755819E-1
+7.379390E+9	+2.597879E-1	-8.761842E-1
+7.379405E+9	+2.594889E-1	-8.760472E-1
+7.379420E+9	+2.581503E-1	-8.754982E-1
+7.379435E+9	+2.580973E-1	-8.761514E-1
+7.379450E+9	+2.579182E-1	-8.767399E-1
+7.379465E+9	+2.577781E-1	-8.767059E-1
+7.379480E+9	+2.580234E-1	-8.771131E-1
+7.379495E+9	+2.579600E-1	-8.767162E-1
+7.379510E+9	+2.571473E-1	-8.765810E-1
+7.379525E+9	+2.556527E-1	-8.776125E-1
+7.379540E+9	+2.558492E-1	-8.776927E-1
+7.379555E+9	+2.558713E-1	-8.781975E-1
+7.379570E+9	+2.547925E-1	-8.787684E-1
+7.379585E+9	+2.546429E-1	-8.789651E-1
+7.379600E+9	+2.549594E-1	-8.774052E-1
+7.379615E+9	+2.550286E-1	-8.772118E-1
+7.379630E+9	+2.545918E-1	-8.770392E-1
+7.379645E+9	+2.552235E-1	-8.772370E-1
+7.379660E+9	+2.551851E-1	-8.778160E-1
+7.379675E+9	+2.532213E-1	-8.776473E-1
+7.379690E+9	+2.539940E-1	-8.778671E-1
+7.379705E+9	+2.545551E-1	-8.781217E-1
+7.379720E+9	+2.542045E-1	-8.782473E-1
+7.379735E+9	+2.532283E-1	-8.783334E-1
+7.379750E+9	+2.542891E-1	-8.772034E-1
+7.379765E+9	+2.525284E-1	-8.777811E-1
+7.379780E+9	+2.520827E-1	-8.784831E-1
+7.379795E+9	+2.531641E-1	-8.782020E-1
+7.379810E+9	+2.535153E-1	-8.788960E-1
+7.379825E+9	+2.529698E-1	-8.783687E-1
+7.379840E+9	+2.525301E-1	-8.793204E-1
+7.379855E+9	+2.520662E-1	-8.792170E-1
+7.379870E+9	+2.516478E-1	-8.789443E-1
+7.379885E+9	+2.504842E-1	-8.791808E-1
+7.379900E+9	+2.509977E-1	-8.788572E-1
+7.379915E+9	+2.507798E-1	-8.783891E-1
+7.379930E+9	+2.503711E-1	-8.780568E-1
+7.379945E+9	+2.494912E-1	-8.782939E-1
+7.379960E+9	+2.503548E-1	-8.785680E-1
+7.379975E+9	+2.504084E-1	-8.791428E-1
+7.379990E+9	+2.491596E-1	-8.798021E-1
+7.380005E+9	+2.495630E-1	-8.806933E-1
+7.380020E+9	+2.498903E-1	-8.800481E-1
+7.380035E+9	+2.490899E-1	-8.794868E-1
+7.380050E+9	+2.493064E-1	-8.811058E-1
+7.380065E+9	+2.477812E-1	-8.806890E-1
+7.380080E+9	+2.476068E-1	-8.800911E-1
+7.380095E+9	+2.470991E-1	-8.799333E-1
+7.380110E+9	+2.480024E-1	-8.813040E-1
+7.380125E+9	+2.481227E-1	-8.800642E-1
+7.380140E+9	+2.472406E-1	-8.794731E-1
+7.380155E+9	+2.469619E-1	-8.792626E-1
+7.380170E+9	+2.469111E-1	-8.797475E-1
+7.380185E+9	+2.463961E-1	-8.805086E-1
+7.380200E+9	+2.474531E-1	-8.810180E-1
+7.380215E+9	+2.472310E-1	-8.811772E-1
+7.380230E+9	+2.463740E-1	-8.805651E-1
+7.380245E+9	+2.460119E-1	-8.804639E-1
+7.380260E+9	+2.458096E-1	-8.807485E-1
+7.380275E+9	+2.451481E-1	-8.803297E-1
+7.380290E+9	+2.445286E-1	-8.805130E-1
+7.380305E+9	+2.436230E-1	-8.811093E-1
+7.380320E+9	+2.435905E-1	-8.810915E-1
+7.380335E+9	+2.437279E-1	-8.813853E-1
+7.380350E+9	+2.439278E-1	-8.814704E-1
+7.380365E+9	+2.440893E-1	-8.811776E-1
+7.380380E+9	+2.438442E-1	-8.816250E-1
+7.380395E+9	+2.433880E-1	-8.817698E-1
+7.380410E+9	+2.438218E-1	-8.824461E-1
+7.380425E+9	+2.434490E-1	-8.814692E-1
+7.380440E+9	+2.441090E-1	-8.815079E-1
+7.380455E+9	+2.424768E-1	-8.817555E-1
+7.380470E+9	+2.425999E-1	-8.815787E-1
+7.380485E+9	+2.426502E-1	-8.816062E-1
+7.380500E+9	+2.426555E-1	-8.807893E-1
+7.380515E+9	+2.419233E-1	-8.814356E-1
+7.380530E+9	+2.410635E-1	-8.812319E-1
+7.380545E+9	+2.416049E-1	-8.808017E-1
+7.380560E+9	+2.416226E-1	-8.818396E-1
+7.380575E+9	+2.405729E-1	-8.828471E-1
+7.380590E+9	+2.412835E-1	-8.825230E-1
+7.380605E+9	+2.414041E-1	-8.817723E-1
+7.380620E+9	+2.401313E-1	-8.825526E-1
+7.380635E+9	+2.399600E-1	-8.821192E-1
+7.380650E+9	+2.405254E-1	-8.831884E-1
+7.380665E+9	+2.397348E-1	-8.830606E-1
+7.380680E+9	+2.396472E-1	-8.830507E-1
+7.380695E+9	+2.392608E-1	-8.825056E-1
+7.380710E+9	+2.393135E-1	-8.826198E-1
+7.380725E+9	+2.396114E-1	-8.824372E-1
+7.380740E+9	+2.386154E-1	-8.822799E-1
+7.380755E+9	+2.377864E-1	-8.827276E-1
+7.380770E+9	+2.379561E-1	-8.834428E-1
+7.380785E+9	+2.380610E-1	-8.828979E-1
+7.380800E+9	+2.385788E-1	-8.829780E-1
+7.380815E+9	+2.375007E-1	-8.830877E-1
+7.380830E+9	+2.369026E-1	-8.820968E-1
+7.380845E+9	+2.368523E-1	-8.814841E-1
+7.380860E+9	+2.367385E-1	-8.822436E-1
+7.380875E+9	+2.358110E-1	-8.841975E-1
+7.380890E+9	+2.367496E-1	-8.833209E-1
+7.380905E+9	+2.371833E-1	-8.837092E-1
+7.380920E+9	+2.372441E-1	-8.838406E-1
+7.380935E+9	+2.364670E-1	-8.833374E-1
+7.380950E+9	+2.364571E-1	-8.827787E-1
+7.380965E+9	+2.357102E-1	-8.838101E-1
+7.380980E+9	+2.343409E-1	-8.847347E-1
+7.380995E+9	+2.343793E-1	-8.834645E-1
+7.381010E+9	+2.345892E-1	-8.830042E-1
+7.381025E+9	+2.340381E-1	-8.834023E-1
+7.381040E+9	+2.339380E-1	-8.840852E-1
+7.381055E+9	+2.332631E-1	-8.841415E-1
+7.381070E+9	+2.338153E-1	-8.840877E-1
+7.381085E+9	+2.335823E-1	-8.838407E-1
+7.381100E+9	+2.348023E-1	-8.831813E-1
+7.381115E+9	+2.342076E-1	-8.837875E-1
+7.381130E+9	+2.332770E-1	-8.846325E-1
+7.381145E+9	+2.315029E-1	-8.846734E-1
+7.381160E+9	+2.322788E-1	-8.838850E-1
+7.381175E+9	+2.335556E-1	-8.828588E-1
+7.381190E+9	+2.327664E-1	-8.845331E-1
+7.381205E+9	+2.317760E-1	-8.849683E-1
+7.381220E+9	+2.325590E-1	-8.852574E-1
+7.381235E+9	+2.322112E-1	-8.847998E-1
+7.381250E+9	+2.314925E-1	-8.851512E-1
+7.381265E+9	+2.309520E-1	-8.848850E-1
+7.381280E+9	+2.303713E-1	-8.856247E-1
+7.381295E+9	+2.302971E-1	-8.848790E-1
+7.381310E+9	+2.297735E-1	-8.851598E-1
+7.381325E+9	+2.301896E-1	-8.850007E-1
+7.381340E+9	+2.299819E-1	-8.850886E-1
+7.381355E+9	+2.290851E-1	-8.858956E-1
+7.381370E+9	+2.294938E-1	-8.857812E-1
+7.381385E+9	+2.294546E-1	-8.860897E-1
+7.381400E+9	+2.294580E-1	-8.860731E-1
+7.381415E+9	+2.286080E-1	-8.857542E-1
+7.381430E+9	+2.277116E-1	-8.857876E-1
+7.381445E+9	+2.276211E-1	-8.862121E-1
+7.381460E+9	+2.268955E-1	-8.863845E-1
+7.381475E+9	+2.287253E-1	-8.856302E-1
+7.381490E+9	+2.288100E-1	-8.860936E-1
+7.381505E+9	+2.273477E-1	-8.858051E-1
+7.381520E+9	+2.264572E-1	-8.868624E-1
+7.381535E+9	+2.265993E-1	-8.867412E-1
+7.381550E+9	+2.267864E-1	-8.855215E-1
+7.381565E+9	+2.263873E-1	-8.858440E-1
+7.381580E+9	+2.255528E-1	-8.866810E-1
+7.381595E+9	+2.252848E-1	-8.875859E-1
+7.381610E+9	+2.255830E-1	-8.873177E-1
+7.381625E+9	+2.260531E-1	-8.867742E-1
+7.381640E+9	+2.259733E-1	-8.873423E-1
+7.381655E+9	+2.242447E-1	-8.873633E-1
+7.381670E+9	+2.239467E-1	-8.876648E-1
+7.381685E+9	+2.237706E-1	-8.870675E-1
+7.381700E+9	+2.237714E-1	-8.856892E-1
+7.381715E+9	+2.238877E-1	-8.862482E-1
+7.381730E+9	+2.242261E-1	-8.861292E-1
+7.381745E+9	+2.233747E-1	-8.857359E-1
+7.381760E+9	+2.236089E-1	-8.861132E-1
+7.381775E+9	+2.242644E-1	-8.863582E-1
+7.381790E+9	+2.242097E-1	-8.865794E-1
+7.381805E+9	+2.235802E-1	-8.870366E-1
+7.381820E+9	+2.230587E-1	-8.886941E-1
+7.381835E+9	+2.227559E-1	-8.882947E-1
+7.381850E+9	+2.224272E-1	-8.876242E-1
+7.381865E+9	+2.221873E-1	-8.871529E-1
+7.381880E+9	+2.220657E-1	-8.865462E-1
+7.381895E+9	+2.223887E-1	-8.860224E-1
+7.381910E+9	+2.223014E-1	-8.871333E-1
+7.381925E+9	+2.216810E-1	-8.877954E-1
+7.381940E+9	+2.209185E-1	-8.867282E-1
+7.381955E+9	+2.205026E-1	-8.864652E-1
+7.381970E+9	+2.197387E-1	-8.859524E-1
+7.381985E+9	+2.203879E-1	-8.871076E-1
+7.382000E+9	+2.205508E-1	-8.869482E-1
+7.382015E+9	+2.201256E-1	-8.870868E-1
+7.382030E+9	+2.191131E-1	-8.875646E-1
+7.382045E+9	+2.182906E-1	-8.874943E-1
+7.382060E+9	+2.183110E-1	-8.873652E-1
+7.382075E+9	+2.189705E-1	-8.876688E-1
+7.382090E+9	+2.186997E-1	-8.874671E-1
+7.382105E+9	+2.182527E-1	-8.876967E-1
+7.382120E+9	+2.181495E-1	-8.878742E-1
+7.382135E+9	+2.183863E-1	-8.879226E-1
+7.382150E+9	+2.184789E-1	-8.883900E-1
+7.382165E+9	+2.183390E-1	-8.888350E-1
+7.382180E+9	+2.169763E-1	-8.874432E-1
+7.382195E+9	+2.172790E-1	-8.867368E-1
+7.382210E+9	+2.174942E-1	-8.878504E-1
+7.382225E+9	+2.163177E-1	-8.879905E-1
+7.382240E+9	+2.152009E-1	-8.889512E-1
+7.382255E+9	+2.151237E-1	-8.889526E-1
+7.382270E+9	+2.153552E-1	-8.887610E-1
+7.382285E+9	+2.161906E-1	-8.891856E-1
+7.382300E+9	+2.159698E-1	-8.888943E-1
+7.382315E+9	+2.145112E-1	-8.882765E-1
+7.382330E+9	+2.157337E-1	-8.889909E-1
+7.382345E+9	+2.146870E-1	-8.897132E-1
+7.382360E+9	+2.152918E-1	-8.902580E-1
+7.382375E+9	+2.143622E-1	-8.896522E-1
+7.382390E+9	+2.145354E-1	-8.900010E-1
+7.382405E+9	+2.139722E-1	-8.899274E-1
+7.382420E+9	+2.138541E-1	-8.892616E-1
+7.382435E+9	+2.146092E-1	-8.890698E-1
+7.382450E+9	+2.141590E-1	-8.895513E-1
+7.382465E+9	+2.140600E-1	-8.902838E-1
+7.382480E+9	+2.134647E-1	-8.899086E-1
+7.382495E+9	+2.133847E-1	-8.900779E-1
+7.382510E+9	+2.133375E-1	-8.889336E-1
+7.382525E+9	+2.120528E-1	-8.894335E-1
+7.382540E+9	+2.127106E-1	-8.896333E-1
+7.382555E+9	+2.127737E-1	-8.895307E-1
+7.382570E+9	+2.115898E-1	-8.892129E-1
+7.382585E+9	+2.118904E-1	-8.890451E-1
+7.382600E+9	+2.109647E-1	-8.904595E-1
+7.382615E+9	+2.110832E-1	-8.913223E-1
+7.382630E+9	+2.110603E-1	-8.911284E-1
+7.382645E+9	+2.111758E-1	-8.899724E-1
+7.382660E+9	+2.114177E-1	-8.904891E-1
+7.382675E+9	+2.101516E-1	-8.908748E-1
+7.382690E+9	+2.098873E-1	-8.909798E-1
+7.382705E+9	+2.095494E-1	-8.905762E-1
+7.382720E+9	+2.087829E-1	-8.901605E-1
+7.382735E+9	+2.094839E-1	-8.901380E-1
+7.382750E+9	+2.090871E-1	-8.911408E-1
+7.382765E+9	+2.080676E-1	-8.910085E-1
+7.382780E+9	+2.095104E-1	-8.901092E-1
+7.382795E+9	+2.091754E-1	-8.901608E-1
+7.382810E+9	+2.091938E-1	-8.898545E-1
+7.382825E+9	+2.089755E-1	-8.901482E-1
+7.382840E+9	+2.080562E-1	-8.899589E-1
+7.382855E+9	+2.067993E-1	-8.909782E-1
+7.382870E+9	+2.072197E-1	-8.911245E-1
+7.382885E+9	+2.073011E-1	-8.914885E-1
+7.382900E+9	+2.065963E-1	-8.914369E-1
+7.382915E+9	+2.070594E-1	-8.910244E-1
+7.382930E+9	+2.079790E-1	-8.911180E-1
+7.382945E+9	+2.073099E-1	-8.902731E-1
+7.382960E+9	+2.057443E-1	-8.915778E-1
+7.382975E+9	+2.071702E-1	-8.924534E-1
+7.382990E+9	+2.061694E-1	-8.926232E-1
+7.383005E+9	+2.053466E-1	-8.926027E-1
+7.383020E+9	+2.049781E-1	-8.926432E-1
+7.383035E+9	+2.054083E-1	-8.921503E-1
+7.383050E+9	+2.058179E-1	-8.918412E-1
+7.383065E+9	+2.059780E-1	-8.921372E-1
+7.383080E+9	+2.049981E-1	-8.918706E-1
+7.383095E+9	+2.050060E-1	-8.919352E-1
+7.383110E+9	+2.049477E-1	-8.917720E-1
+7.383125E+9	+2.041024E-1	-8.919962E-1
+7.383140E+9	+2.032587E-1	-8.912779E-1
+7.383155E+9	+2.028711E-1	-8.917424E-1
+7.383170E+9	+2.021515E-1	-8.920941E-1
+7.383185E+9	+2.028814E-1	-8.922911E-1
+7.383200E+9	+2.040414E-1	-8.924691E-1
+7.383215E+9	+2.024997E-1	-8.927102E-1
+7.383230E+9	+2.024311E-1	-8.929963E-1
+7.383245E+9	+2.015110E-1	-8.930573E-1
+7.383260E+9	+2.017859E-1	-8.923163E-1
+7.383275E+9	+2.015276E-1	-8.925176E-1
+7.383290E+9	+2.011116E-1	-8.932149E-1
+7.383305E+9	+2.008886E-1	-8.926067E-1
+7.383320E+9	+2.009356E-1	-8.918285E-1
+7.383335E+9	+2.006506E-1	-8.917694E-1
+7.383350E+9	+1.998661E-1	-8.920140E-1
+7.383365E+9	+2.002226E-1	-8.921478E-1
+7.383380E+9	+2.004780E-1	-8.924457E-1
+7.383395E+9	+2.005105E-1	-8.926134E-1
+7.383410E+9	+2.006513E-1	-8.932773E-1
+7.383425E+9	+2.002850E-1	-8.931048E-1
+7.383440E+9	+1.989595E-1	-8.932466E-1
+7.383455E+9	+1.993974E-1	-8.927462E-1
+7.383470E+9	+1.986430E-1	-8.926384E-1
+7.383485E+9	+1.978507E-1	-8.925470E-1
+7.383500E+9	+1.986976E-1	-8.936743E-1
+7.383515E+9	+1.981460E-1	-8.927632E-1
+7.383530E+9	+1.979130E-1	-8.928394E-1
+7.383545E+9	+1.983539E-1	-8.938251E-1
+7.383560E+9	+1.981894E-1	-8.944704E-1
+7.383575E+9	+1.980203E-1	-8.944553E-1
+7.383590E+9	+1.963533E-1	-8.935255E-1
+7.383605E+9	+1.963306E-1	-8.930082E-1
+7.383620E+9	+1.963874E-1	-8.926448E-1
+7.383635E+9	+1.964911E-1	-8.931016E-1
+7.383650E+9	+1.965419E-1	-8.930807E-1
+7.383665E+9	+1.963970E-1	-8.925545E-1
+7.383680E+9	+1.964093E-1	-8.928656E-1
+7.383695E+9	+1.964389E-1	-8.934577E-1
+7.383710E+9	+1.964142E-1	-8.938035E-1
+7.383725E+9	+1.959186E-1	-8.946456E-1
+7.383740E+9	+1.950220E-1	-8.948993E-1
+7.383755E+9	+1.945270E-1	-8.946590E-1
+7.383770E+9	+1.940074E-1	-8.948396E-1
+7.383785E+9	+1.947541E-1	-8.940125E-1
+7.383800E+9	+1.944320E-1	-8.944109E-1
+7.383815E+9	+1.934573E-1	-8.947170E-1
+7.383830E+9	+1.938966E-1	-8.951233E-1
+7.383845E+9	+1.936904E-1	-8.943316E-1
+7.383860E+9	+1.936640E-1	-8.945138E-1
+7.383875E+9	+1.924028E-1	-8.947571E-1
+7.383890E+9	+1.921646E-1	-8.950995E-1
+7.383905E+9	+1.918948E-1	-8.956399E-1
+7.383920E+9	+1.911614E-1	-8.951405E-1
+7.383935E+9	+1.912961E-1	-8.952713E-1
+7.383950E+9	+1.924845E-1	-8.931855E-1
+7.383965E+9	+1.925037E-1	-8.940452E-1
+7.383980E+9	+1.913930E-1	-8.955952E-1
+7.383995E+9	+1.907638E-1	-8.955753E-1
+7.384010E+9	+1.919114E-1	-8.948450E-1
+7.384025E+9	+1.909860E-1	-8.949165E-1
+7.384040E+9	+1.910979E-1	-8.957994E-1
+7.384055E+9	+1.911007E-1	-8.955061E-1
+7.384070E+9	+1.906239E-1	-8.952541E-1
+7.384085E+9	+1.900475E-1	-8.944691E-1
+7.384100E+9	+1.899427E-1	-8.947861E-1
+7.384115E+9	+1.893091E-1	-8.954510E-1
+7.384130E+9	+1.898009E-1	-8.958034E-1
+7.384145E+9	+1.903709E-1	-8.955074E-1
+7.384160E+9	+1.901469E-1	-8.950108E-1
+7.384175E+9	+1.896384E-1	-8.970204E-1
+7.384190E+9	+1.882296E-1	-8.973744E-1
+7.384205E+9	+1.887502E-1	-8.957794E-1
+7.384220E+9	+1.877096E-1	-8.962434E-1
+7.384235E+9	+1.877173E-1	-8.963615E-1
+7.384250E+9	+1.881261E-1	-8.957236E-1
+7.384265E+9	+1.878560E-1	-8.950862E-1
+7.384280E+9	+1.877865E-1	-8.956139E-1
+7.384295E+9	+1.873529E-1	-8.962883E-1
+7.384310E+9	+1.857790E-1	-8.972209E-1
+7.384325E+9	+1.864871E-1	-8.969563E-1
+7.384340E+9	+1.860544E-1	-8.970849E-1
+7.384355E+9	+1.859723E-1	-8.967878E-1
+7.384370E+9	+1.857098E-1	-8.961971E-1
+7.384385E+9	+1.857879E-1	-8.962686E-1
+7.384400E+9	+1.863990E-1	-8.962897E-1
+7.384415E+9	+1.853926E-1	-8.964193E-1
+7.384430E+9	+1.851461E-1	-8.971599E-1
+7.384445E+9	+1.850615E-1	-8.972761E-1
+7.384460E+9	+1.843893E-1	-8.970369E-1
+7.384475E+9	+1.843000E-1	-8.966192E-1
+7.384490E+9	+1.845687E-1	-8.970968E-1
+7.384505E+9	+1.846387E-1	-8.969352E-1
+7.384520E+9	+1.834525E-1	-8.969057E-1
+7.384535E+9	+1.832671E-1	-8.970989E-1
+7.384550E+9	+1.834707E-1	-8.968282E-1
+7.384565E+9	+1.827908E-1	-8.970054E-1
+7.384580E+9	+1.822065E-1	-8.968499E-1
+7.384595E+9	+1.820764E-1	-8.970997E-1
+7.384610E+9	+1.829213E-1	-8.969431E-1
+7.384625E+9	+1.839252E-1	-8.956113E-1
+7.384640E+9	+1.831838E-1	-8.966633E-1
+7.384655E+9	+1.819749E-1	-8.979898E-1
+7.384670E+9	+1.819346E-1	-8.976300E-1
+7.384685E+9	+1.813373E-1	-8.969082E-1
+7.384700E+9	+1.820801E-1	-8.970026E-1
+7.384715E+9	+1.811154E-1	-8.970140E-1
+7.384730E+9	+1.811704E-1	-8.972153E-1
+7.384745E+9	+1.807327E-1	-8.972989E-1
+7.384760E+9	+1.804293E-1	-8.976226E-1
+7.384775E+9	+1.812297E-1	-8.964124E-1
+7.384790E+9	+1.795951E-1	-8.961612E-1
+7.384805E+9	+1.787999E-1	-8.964502E-1
+7.384820E+9	+1.779392E-1	-8.965136E-1
+7.384835E+9	+1.801405E-1	-8.976092E-1
+7.384850E+9	+1.798504E-1	-8.986517E-1
+7.384865E+9	+1.792128E-1	-8.981077E-1
+7.384880E+9	+1.790212E-1	-8.974535E-1
+7.384895E+9	+1.775643E-1	-8.982936E-1
+7.384910E+9	+1.775374E-1	-8.980462E-1
+7.384925E+9	+1.781112E-1	-8.980944E-1
+7.384940E+9	+1.776397E-1	-8.987121E-1
+7.384955E+9	+1.787559E-1	-8.986420E-1
+7.384970E+9	+1.778659E-1	-8.991263E-1
+7.384985E+9	+1.771716E-1	-8.992971E-1
+7.385000E+9	+1.777331E-1	-8.983524E-1
+7.385015E+9	+1.769066E-1	-8.989022E-1
+7.385030E+9	+1.772753E-1	-8.986981E-1
+7.385045E+9	+1.771794E-1	-8.985078E-1
+7.385060E+9	+1.772414E-1	-8.984197E-1
+7.385075E+9	+1.758032E-1	-8.995037E-1
+7.385090E+9	+1.757971E-1	-8.992818E-1
+7.385105E+9	+1.757022E-1	-8.987896E-1
+7.385120E+9	+1.751178E-1	-8.990900E-1
+7.385135E+9	+1.745098E-1	-8.994323E-1
+7.385150E+9	+1.750572E-1	-8.980451E-1
+7.385165E+9	+1.745280E-1	-8.976760E-1
+7.385180E+9	+1.744228E-1	-8.991788E-1
+7.385195E+9	+1.740456E-1	-8.989135E-1
+7.385210E+9	+1.736260E-1	-8.989077E-1
+7.385225E+9	+1.738006E-1	-8.979632E-1
+7.385240E+9	+1.729952E-1	-8.988722E-1
+7.385255E+9	+1.741238E-1	-8.989019E-1
+7.385270E+9	+1.729495E-1	-8.992915E-1
+7.385285E+9	+1.723434E-1	-8.988973E-1
+7.385300E+9	+1.733543E-1	-8.977971E-1
+7.385315E+9	+1.731302E-1	-8.979646E-1
+7.385330E+9	+1.724332E-1	-8.983087E-1
+7.385345E+9	+1.722044E-1	-8.985310E-1
+7.385360E+9	+1.720767E-1	-8.993982E-1
+7.385375E+9	+1.714809E-1	-8.993362E-1
+7.385390E+9	+1.713346E-1	-8.996841E-1
+7.385405E+9	+1.706097E-1	-8.994413E-1
+7.385420E+9	+1.699236E-1	-8.989227E-1
+7.385435E+9	+1.701767E-1	-8.992603E-1
+7.385450E+9	+1.717213E-1	-9.001444E-1
+7.385465E+9	+1.708117E-1	-8.996166E-1
+7.385480E+9	+1.697304E-1	-8.994199E-1
+7.385495E+9	+1.688874E-1	-9.000170E-1
+7.385510E+9	+1.689291E-1	-9.005014E-1
+7.385525E+9	+1.696032E-1	-9.004379E-1
+7.385540E+9	+1.693622E-1	-8.991243E-1
+7.385555E+9	+1.694939E-1	-8.990952E-1
+7.385570E+9	+1.689803E-1	-9.001256E-1
+7.385585E+9	+1.685438E-1	-9.000856E-1
+7.385600E+9	+1.673653E-1	-8.992049E-1
+7.385615E+9	+1.677943E-1	-8.994229E-1
+7.385630E+9	+1.677005E-1	-8.994434E-1
+7.385645E+9	+1.669540E-1	-8.996139E-1
+7.385660E+9	+1.673744E-1	-9.004868E-1
+7.385675E+9	+1.689866E-1	-9.006791E-1
+7.385690E+9	+1.684701E-1	-9.003625E-1
+7.385705E+9	+1.677391E-1	-9.007404E-1
+7.385720E+9	+1.675539E-1	-9.015780E-1
+7.385735E+9	+1.670000E-1	-9.011687E-1
+7.385750E+9	+1.655878E-1	-8.996713E-1
+7.385765E+9	+1.653940E-1	-9.005749E-1
+7.385780E+9	+1.656226E-1	-9.005118E-1
+7.385795E+9	+1.649919E-1	-9.002855E-1
+7.385810E+9	+1.642328E-1	-9.009138E-1
+7.385825E+9	+1.665235E-1	-9.013044E-1
+7.385840E+9	+1.643935E-1	-9.013361E-1
+7.385855E+9	+1.633593E-1	-9.011760E-1
+7.385870E+9	+1.636927E-1	-9.006589E-1
+7.385885E+9	+1.639675E-1	-9.012331E-1
+7.385900E+9	+1.635323E-1	-9.008261E-1
+7.385915E+9	+1.640459E-1	-9.005944E-1
+7.385930E+9	+1.646401E-1	-9.012218E-1
+7.385945E+9	+1.638197E-1	-9.012426E-1
+7.385960E+9	+1.631424E-1	-9.021976E-1
+7.385975E+9	+1.640103E-1	-9.006788E-1
+7.385990E+9	+1.631688E-1	-9.009296E-1
+7.386005E+9	+1.623675E-1	-9.009786E-1
+7.386020E+9	+1.620060E-1	-9.006007E-1
+7.386035E+9	+1.621051E-1	-9.008815E-1
+7.386050E+9	+1.630765E-1	-9.014852E-1
+7.386065E+9	+1.626915E-1	-9.018218E-1
+7.386080E+9	+1.621202E-1	-9.016964E-1
+7.386095E+9	+1.611736E-1	-9.007768E-1
+7.386110E+9	+1.613068E-1	-9.013307E-1
+7.386125E+9	+1.621110E-1	-9.014454E-1
+7.386140E+9	+1.616735E-1	-9.018368E-1
+7.386155E+9	+1.596619E-1	-9.005459E-1
+7.386170E+9	+1.593390E-1	-9.010022E-1
+7.386185E+9	+1.595521E-1	-9.014925E-1
+7.386200E+9	+1.600732E-1	-9.013090E-1
+7.386215E+9	+1.597918E-1	-9.014048E-1
+7.386230E+9	+1.592861E-1	-9.019075E-1
+7.386245E+9	+1.588405E-1	-9.008935E-1
+7.386260E+9	+1.589983E-1	-9.009853E-1
+7.386275E+9	+1.578695E-1	-9.028438E-1
+7.386290E+9	+1.586541E-1	-9.028039E-1
+7.386305E+9	+1.594621E-1	-9.027039E-1
+7.386320E+9	+1.583597E-1	-9.024918E-1
+7.386335E+9	+1.572368E-1	-9.022924E-1
+7.386350E+9	+1.578491E-1	-9.017512E-1
+7.386365E+9	+1.575760E-1	-9.016860E-1
+7.386380E+9	+1.573129E-1	-9.021191E-1
+7.386395E+9	+1.569619E-1	-9.021715E-1
+7.386410E+9	+1.569321E-1	-9.018153E-1
+7.386425E+9	+1.574617E-1	-9.030096E-1
+7.386440E+9	+1.561326E-1	-9.026668E-1
+7.386455E+9	+1.550188E-1	-9.027776E-1
+7.386470E+9	+1.537479E-1	-9.023865E-1
+7.386485E+9	+1.542597E-1	-9.032973E-1
+7.386500E+9	+1.559316E-1	-9.032361E-1
+7.386515E+9	+1.552747E-1	-9.031286E-1
+7.386530E+9	+1.551221E-1	-9.027818E-1
+7.386545E+9	+1.546203E-1	-9.027045E-1
+7.386560E+9	+1.541286E-1	-9.014646E-1
+7.386575E+9	+1.545956E-1	-9.002805E-1
+7.386590E+9	+1.543618E-1	-9.007485E-1
+7.386605E+9	+1.538204E-1	-9.011896E-1
+7.386620E+9	+1.533371E-1	-9.024604E-1
+7.386635E+9	+1.527190E-1	-9.030129E-1
+7.386650E+9	+1.534023E-1	-9.045632E-1
+7.386665E+9	+1.531607E-1	-9.038625E-1
+7.386680E+9	+1.529494E-1	-9.034427E-1
+7.386695E+9	+1.527562E-1	-9.034027E-1
+7.386710E+9	+1.532024E-1	-9.022765E-1
+7.386725E+9	+1.536990E-1	-9.021307E-1
+7.386740E+9	+1.529221E-1	-9.023039E-1
+7.386755E+9	+1.520056E-1	-9.022495E-1
+7.386770E+9	+1.508931E-1	-9.020420E-1
+7.386785E+9	+1.503599E-1	-9.026205E-1
+7.386800E+9	+1.512743E-1	-9.024680E-1
+7.386815E+9	+1.509882E-1	-9.023578E-1
+7.386830E+9	+1.520052E-1	-9.026189E-1
+7.386845E+9	+1.517880E-1	-9.035280E-1
+7.386860E+9	+1.506186E-1	-9.037106E-1
+7.386875E+9	+1.507538E-1	-9.034259E-1
+7.386890E+9	+1.506415E-1	-9.028299E-1
+7.386905E+9	+1.501062E-1	-9.034084E-1
+7.386920E+9	+1.491994E-1	-9.037395E-1
+7.386935E+9	+1.495074E-1	-9.038216E-1
+7.386950E+9	+1.486368E-1	-9.023982E-1
+7.386965E+9	+1.488113E-1	-9.027059E-1
+7.386980E+9	+1.494492E-1	-9.041806E-1
+7.386995E+9	+1.496601E-1	-9.033995E-1
+7.387010E+9	+1.493680E-1	-9.033211E-1
+7.387025E+9	+1.487091E-1	-9.036073E-1
+7.387040E+9	+1.476750E-1	-9.038271E-1
+7.387055E+9	+1.470825E-1	-9.045375E-1
+7.387070E+9	+1.465253E-1	-9.042236E-1
+7.387085E+9	+1.460534E-1	-9.020211E-1
+7.387100E+9	+1.471977E-1	-9.025908E-1
+7.387115E+9	+1.474560E-1	-9.022225E-1
+7.387130E+9	+1.462600E-1	-9.038713E-1
+7.387145E+9	+1.459064E-1	-9.044621E-1
+7.387160E+9	+1.457079E-1	-9.042327E-1
+7.387175E+9	+1.456735E-1	-9.039332E-1
+7.387190E+9	+1.460668E-1	-9.040872E-1
+7.387205E+9	+1.463907E-1	-9.035286E-1
+7.387220E+9	+1.458536E-1	-9.028196E-1
+7.387235E+9	+1.444013E-1	-9.027440E-1
+7.387250E+9	+1.447090E-1	-9.049378E-1
+7.387265E+9	+1.451843E-1	-9.040406E-1
+7.387280E+9	+1.450386E-1	-9.039328E-1
+7.387295E+9	+1.451608E-1	-9.055100E-1
+7.387310E+9	+1.447997E-1	-9.062052E-1
+7.387325E+9	+1.440584E-1	-9.063059E-1
+7.387340E+9	+1.439680E-1	-9.056716E-1
+7.387355E+9	+1.433499E-1	-9.037283E-1
+7.387370E+9	+1.428132E-1	-9.038137E-1
+7.387385E+9	+1.431520E-1	-9.044957E-1
+7.387400E+9	+1.426968E-1	-9.046080E-1
+7.387415E+9	+1.428106E-1	-9.037468E-1
+7.387430E+9	+1.421992E-1	-9.032510E-1
+7.387445E+9	+1.418573E-1	-9.035711E-1
+7.387460E+9	+1.421211E-1	-9.040972E-1
+7.387475E+9	+1.429136E-1	-9.045286E-1
+7.387490E+9	+1.413582E-1	-9.046236E-1
+7.387505E+9	+1.409025E-1	-9.042729E-1
+7.387520E+9	+1.419298E-1	-9.041731E-1
+7.387535E+9	+1.422546E-1	-9.049385E-1
+7.387550E+9	+1.405000E-1	-9.067337E-1
+7.387565E+9	+1.395704E-1	-9.060006E-1
+7.387580E+9	+1.397772E-1	-9.044892E-1
+7.387595E+9	+1.403128E-1	-9.042228E-1
+7.387610E+9	+1.400207E-1	-9.043831E-1
+7.387625E+9	+1.403789E-1	-9.047235E-1
+7.387640E+9	+1.402269E-1	-9.043569E-1
+7.387655E+9	+1.384343E-1	-9.064389E-1
+7.387670E+9	+1.396894E-1	-9.063821E-1
+7.387685E+9	+1.393794E-1	-9.061036E-1
+7.387700E+9	+1.383980E-1	-9.036650E-1
+7.387715E+9	+1.378470E-1	-9.044427E-1
+7.387730E+9	+1.376030E-1	-9.053095E-1
+7.387745E+9	+1.379595E-1	-9.062441E-1
+7.387760E+9	+1.378916E-1	-9.054672E-1
+7.387775E+9	+1.372724E-1	-9.047037E-1
+7.387790E+9	+1.373286E-1	-9.048849E-1
+7.387805E+9	+1.374427E-1	-9.056486E-1
+7.387820E+9	+1.374329E-1	-9.053088E-1
+7.387835E+9	+1.363859E-1	-9.051203E-1
+7.387850E+9	+1.368746E-1	-9.050979E-1
+7.387865E+9	+1.365289E-1	-9.055531E-1
+7.387880E+9	+1.358922E-1	-9.056417E-1
+7.387895E+9	+1.354789E-1	-9.053144E-1
+7.387910E+9	+1.350993E-1	-9.057031E-1
+7.387925E+9	+1.353906E-1	-9.061878E-1
+7.387940E+9	+1.352013E-1	-9.061490E-1
+7.387955E+9	+1.360723E-1	-9.058439E-1
+7.387970E+9	+1.352818E-1	-9.059125E-1
+7.387985E+9	+1.348014E-1	-9.061011E-1
+7.388000E+9	+1.350329E-1	-9.062871E-1
+7.388015E+9	+1.341434E-1	-9.068065E-1
+7.388030E+9	+1.331554E-1	-9.067394E-1
+7.388045E+9	+1.327659E-1	-9.063277E-1
+7.388060E+9	+1.329670E-1	-9.063021E-1
+7.388075E+9	+1.330906E-1	-9.060798E-1
+7.388090E+9	+1.335616E-1	-9.059646E-1
+7.388105E+9	+1.334929E-1	-9.058012E-1
+7.388120E+9	+1.324594E-1	-9.058515E-1
+7.388135E+9	+1.321800E-1	-9.058676E-1
+7.388150E+9	+1.320088E-1	-9.051985E-1
+7.388165E+9	+1.312911E-1	-9.060043E-1
+7.388180E+9	+1.308616E-1	-9.065420E-1
+7.388195E+9	+1.314844E-1	-9.063846E-1
+7.388210E+9	+1.305595E-1	-9.064223E-1
+7.388225E+9	+1.311462E-1	-9.058090E-1
+7.388240E+9	+1.312023E-1	-9.062694E-1
+7.388255E+9	+1.315062E-1	-9.068554E-1
+7.388270E+9	+1.311551E-1	-9.070315E-1
+7.388285E+9	+1.304129E-1	-9.064040E-1
+7.388300E+9	+1.309873E-1	-9.068882E-1
+7.388315E+9	+1.311156E-1	-9.070669E-1
+7.388330E+9	+1.301736E-1	-9.077592E-1
+7.388345E+9	+1.297341E-1	-9.067940E-1
+7.388360E+9	+1.295598E-1	-9.066505E-1
+7.388375E+9	+1.291840E-1	-9.063357E-1
+7.388390E+9	+1.287564E-1	-9.068183E-1
+7.388405E+9	+1.287442E-1	-9.062344E-1
+7.388420E+9	+1.277230E-1	-9.076981E-1
+7.388435E+9	+1.281235E-1	-9.087652E-1
+7.388450E+9	+1.289118E-1	-9.072221E-1
+7.388465E+9	+1.282566E-1	-9.074587E-1
+7.388480E+9	+1.279673E-1	-9.071827E-1
+7.388495E+9	+1.283051E-1	-9.067419E-1
+7.388510E+9	+1.281343E-1	-9.061700E-1
+7.388525E+9	+1.274164E-1	-9.081174E-1
+7.388540E+9	+1.261825E-1	-9.077042E-1
+7.388555E+9	+1.264766E-1	-9.071152E-1
+7.388570E+9	+1.266327E-1	-9.069030E-1
+7.388585E+9	+1.255634E-1	-9.074034E-1
+7.388600E+9	+1.269898E-1	-9.070202E-1
+7.388615E+9	+1.263534E-1	-9.075988E-1
+7.388630E+9	+1.252679E-1	-9.078484E-1
+7.388645E+9	+1.250943E-1	-9.080863E-1
+7.388660E+9	+1.244908E-1	-9.078228E-1
+7.388675E+9	+1.238358E-1	-9.067043E-1
+7.388690E+9	+1.247316E-1	-9.072578E-1
+7.388705E+9	+1.253063E-1	-9.076102E-1
+7.388720E+9	+1.245896E-1	-9.074119E-1
+7.388735E+9	+1.236789E-1	-9.070963E-1
+7.388750E+9	+1.225832E-1	-9.072715E-1
+7.388765E+9	+1.224728E-1	-9.065883E-1
+7.388780E+9	+1.247195E-1	-9.074065E-1
+7.388795E+9	+1.241322E-1	-9.076614E-1
+7.388810E+9	+1.230990E-1	-9.072978E-1
+7.388825E+9	+1.217850E-1	-9.070692E-1
+7.388840E+9	+1.212640E-1	-9.077333E-1
+7.388855E+9	+1.219408E-1	-9.062815E-1
+7.388870E+9	+1.219765E-1	-9.059513E-1
+7.388885E+9	+1.221634E-1	-9.066105E-1
+7.388900E+9	+1.227762E-1	-9.071576E-1
+7.388915E+9	+1.221055E-1	-9.076157E-1
+7.388930E+9	+1.213398E-1	-9.074291E-1
+7.388945E+9	+1.212345E-1	-9.080371E-1
+7.388960E+9	+1.207700E-1	-9.073962E-1
+7.388975E+9	+1.202719E-1	-9.070981E-1
+7.388990E+9	+1.203105E-1	-9.082372E-1
+7.389005E+9	+1.199933E-1	-9.092396E-1
+7.389020E+9	+1.202258E-1	-9.092971E-1
+7.389035E+9	+1.197434E-1	-9.087487E-1
+7.389050E+9	+1.195119E-1	-9.089319E-1
+7.389065E+9	+1.187413E-1	-9.089980E-1
+7.389080E+9	+1.181199E-1	-9.094116E-1
+7.389095E+9	+1.180608E-1	-9.083552E-1
+7.389110E+9	+1.181926E-1	-9.082710E-1
+7.389125E+9	+1.178421E-1	-9.088317E-1
+7.389140E+9	+1.171616E-1	-9.077549E-1
+7.389155E+9	+1.170770E-1	-9.070535E-1
+7.389170E+9	+1.172206E-1	-9.079978E-1
+7.389185E+9	+1.183177E-1	-9.082367E-1
+7.389200E+9	+1.169587E-1	-9.086432E-1
+7.389215E+9	+1.172120E-1	-9.088004E-1
+7.389230E+9	+1.168803E-1	-9.087390E-1
+7.389245E+9	+1.166238E-1	-9.086661E-1
+7.389260E+9	+1.158878E-1	-9.088088E-1
+7.389275E+9	+1.169053E-1	-9.097107E-1
+7.389290E+9	+1.159731E-1	-9.093689E-1
+7.389305E+9	+1.154810E-1	-9.087304E-1
+7.389320E+9	+1.155291E-1	-9.090928E-1
+7.389335E+9	+1.155726E-1	-9.095831E-1
+7.389350E+9	+1.159272E-1	-9.098093E-1
+7.389365E+9	+1.151768E-1	-9.088663E-1
+7.389380E+9	+1.143780E-1	-9.082756E-1
+7.389395E+9	+1.136710E-1	-9.073974E-1
+7.389410E+9	+1.140816E-1	-9.077969E-1
+7.389425E+9	+1.140623E-1	-9.087490E-1
+7.389440E+9	+1.141320E-1	-9.090451E-1
+7.389455E+9	+1.137227E-1	-9.087168E-1
+7.389470E+9	+1.131095E-1	-9.082537E-1
+7.389485E+9	+1.143877E-1	-9.083408E-1
+7.389500E+9	+1.142196E-1	-9.097871E-1
+7.389515E+9	+1.142129E-1	-9.096690E-1
+7.389530E+9	+1.134003E-1	-9.098549E-1
+7.389545E+9	+1.121574E-1	-9.095177E-1
+7.389560E+9	+1.118334E-1	-9.087831E-1
+7.389575E+9	+1.123547E-1	-9.087093E-1
+7.389590E+9	+1.119737E-1	-9.087084E-1
+7.389605E+9	+1.117214E-1	-9.086705E-1
+7.389620E+9	+1.114940E-1	-9.091119E-1
+7.389635E+9	+1.112210E-1	-9.093704E-1
+7.389650E+9	+1.109182E-1	-9.089236E-1
+7.389665E+9	+1.096397E-1	-9.094167E-1
+7.389680E+9	+1.113366E-1	-9.100123E-1
+7.389695E+9	+1.104646E-1	-9.103701E-1
+7.389710E+9	+1.097067E-1	-9.101570E-1
+7.389725E+9	+1.095217E-1	-9.089613E-1
+7.389740E+9	+1.094367E-1	-9.095700E-1
+7.389755E+9	+1.090832E-1	-9.092690E-1
+7.389770E+9	+1.092881E-1	-9.088347E-1
+7.389785E+9	+1.095447E-1	-9.085041E-1
+7.389800E+9	+1.097963E-1	-9.085548E-1
+7.389815E+9	+1.095282E-1	-9.085315E-1
+7.389830E+9	+1.090791E-1	-9.090119E-1
+7.389845E+9	+1.092296E-1	-9.093141E-1
+7.389860E+9	+1.091892E-1	-9.100787E-1
+7.389875E+9	+1.093688E-1	-9.089243E-1
+7.389890E+9	+1.084898E-1	-9.095774E-1
+7.389905E+9	+1.077743E-1	-9.099296E-1
+7.389920E+9	+1.071520E-1	-9.096689E-1
+7.389935E+9	+1.068388E-1	-9.099578E-1
+7.389950E+9	+1.062196E-1	-9.099462E-1
+7.389965E+9	+1.065099E-1	-9.109774E-1
+7.389980E+9	+1.067112E-1	-9.108694E-1
+7.389995E+9	+1.065517E-1	-9.091119E-1
+7.390010E+9	+1.063994E-1	-9.094835E-1
+7.390025E+9	+1.063900E-1	-9.110952E-1
+7.390040E+9	+1.060716E-1	-9.110597E-1
+7.390055E+9	+1.058707E-1	-9.106021E-1
+7.390070E+9	+1.058057E-1	-9.097015E-1
+7.390085E+9	+1.058417E-1	-9.097669E-1
+7.390100E+9	+1.060350E-1	-9.099753E-1
+7.390115E+9	+1.046914E-1	-9.088464E-1
+7.390130E+9	+1.041179E-1	-9.090193E-1
+7.390145E+9	+1.046385E-1	-9.094000E-1
+7.390160E+9	+1.041904E-1	-9.098445E-1
+7.390175E+9	+1.036221E-1	-9.104106E-1
+7.390190E+9	+1.031864E-1	-9.105844E-1
+7.390205E+9	+1.027516E-1	-9.097882E-1
+7.390220E+9	+1.034647E-1	-9.090607E-1
+7.390235E+9	+1.041839E-1	-9.095623E-1
+7.390250E+9	+1.035899E-1	-9.095833E-1
+7.390265E+9	+1.020899E-1	-9.090127E-1
+7.390280E+9	+1.019780E-1	-9.097691E-1
+7.390295E+9	+1.016019E-1	-9.101621E-1
+7.390310E+9	+1.015553E-1	-9.109904E-1
+7.390325E+9	+1.028637E-1	-9.106649E-1
+7.390340E+9	+1.021094E-1	-9.107206E-1
+7.390355E+9	+1.011797E-1	-9.103524E-1
+7.390370E+9	+1.017274E-1	-9.108217E-1
+7.390385E+9	+1.013908E-1	-9.104593E-1
+7.390400E+9	+1.021099E-1	-9.094900E-1
+7.390415E+9	+1.011273E-1	-9.100958E-1
+7.390430E+9	+1.010482E-1	-9.100509E-1
+7.390445E+9	+1.002374E-1	-9.094955E-1
+7.390460E+9	+9.879133E-2	-9.104341E-1
+7.390475E+9	+9.992463E-2	-9.113564E-1
+7.390490E+9	+9.931954E-2	-9.107362E-1
+7.390505E+9	+1.006327E-1	-9.103179E-1
+7.390520E+9	+1.002684E-1	-9.102736E-1
+7.390535E+9	+9.921188E-2	-9.104116E-1
+7.390550E+9	+9.922835E-2	-9.119661E-1
+7.390565E+9	+9.867593E-2	-9.109219E-1
+7.390580E+9	+9.839803E-2	-9.102385E-1
+7.390595E+9	+9.769811E-2	-9.105393E-1
+7.390610E+9	+9.758990E-2	-9.112767E-1
+7.390625E+9	+9.750092E-2	-9.114736E-1
+7.390640E+9	+9.625241E-2	-9.104555E-1
+7.390655E+9	+9.667990E-2	-9.097794E-1
+7.390670E+9	+9.726950E-2	-9.114404E-1
+7.390685E+9	+9.789747E-2	-9.118814E-1
+7.390700E+9	+9.638114E-2	-9.104774E-1
+7.390715E+9	+9.575715E-2	-9.113330E-1
+7.390730E+9	+9.561986E-2	-9.118399E-1
+7.390745E+9	+9.581525E-2	-9.119135E-1
+7.390760E+9	+9.637076E-2	-9.116154E-1
+7.390775E+9	+9.707032E-2	-9.107622E-1
+7.390790E+9	+9.667864E-2	-9.109130E-1
+7.390805E+9	+9.560680E-2	-9.112522E-1
+7.390820E+9	+9.526183E-2	-9.110135E-1
+7.390835E+9	+9.539550E-2	-9.105803E-1
+7.390850E+9	+9.574558E-2	-9.099331E-1
+7.390865E+9	+9.562043E-2	-9.106761E-1
+7.390880E+9	+9.389075E-2	-9.123676E-1
+7.390895E+9	+9.269195E-2	-9.117087E-1
+7.390910E+9	+9.214474E-2	-9.115532E-1
+7.390925E+9	+9.420039E-2	-9.092837E-1
+7.390940E+9	+9.310273E-2	-9.099200E-1
+7.390955E+9	+9.290446E-2	-9.114496E-1
+7.390970E+9	+9.284677E-2	-9.110318E-1
+7.390985E+9	+9.398400E-2	-9.107139E-1
+7.391000E+9	+9.272019E-2	-9.110863E-1
+7.391015E+9	+9.230842E-2	-9.116713E-1
+7.391030E+9	+9.133980E-2	-9.112012E-1
+7.391045E+9	+9.120487E-2	-9.116925E-1
+7.391060E+9	+9.164685E-2	-9.116353E-1
+7.391075E+9	+9.328063E-2	-9.117027E-1
+7.391090E+9	+9.220665E-2	-9.113930E-1
+7.391105E+9	+9.114844E-2	-9.114144E-1
+7.391120E+9	+9.012482E-2	-9.116070E-1
+7.391135E+9	+9.018479E-2	-9.119539E-1
+7.391150E+9	+9.077458E-2	-9.122234E-1
+7.391165E+9	+9.034068E-2	-9.117132E-1
+7.391180E+9	+9.056703E-2	-9.117391E-1
+7.391195E+9	+9.018939E-2	-9.121881E-1
+7.391210E+9	+9.027240E-2	-9.121455E-1
+7.391225E+9	+9.002478E-2	-9.119088E-1
+7.391240E+9	+8.933406E-2	-9.114180E-1
+7.391255E+9	+8.886447E-2	-9.105786E-1
+7.391270E+9	+8.899747E-2	-9.109984E-1
+7.391285E+9	+8.856239E-2	-9.113140E-1
+7.391300E+9	+8.734861E-2	-9.111789E-1
+7.391315E+9	+8.701464E-2	-9.120586E-1
+7.391330E+9	+8.668529E-2	-9.124061E-1
+7.391345E+9	+8.690264E-2	-9.117755E-1
+7.391360E+9	+8.733189E-2	-9.110776E-1
+7.391375E+9	+8.698680E-2	-9.117825E-1
+7.391390E+9	+8.699682E-2	-9.124041E-1
+7.391405E+9	+8.798927E-2	-9.130108E-1
+7.391420E+9	+8.773549E-2	-9.129393E-1
+7.391435E+9	+8.741408E-2	-9.126007E-1
+7.391450E+9	+8.665431E-2	-9.128284E-1
+7.391465E+9	+8.659670E-2	-9.115465E-1
+7.391480E+9	+8.692834E-2	-9.108999E-1
+7.391495E+9	+8.643722E-2	-9.114928E-1
+7.391510E+9	+8.608915E-2	-9.118496E-1
+7.391525E+9	+8.648514E-2	-9.118513E-1
+7.391540E+9	+8.491672E-2	-9.124366E-1
+7.391555E+9	+8.423641E-2	-9.127694E-1
+7.391570E+9	+8.430995E-2	-9.123081E-1
+7.391585E+9	+8.406156E-2	-9.117271E-1
+7.391600E+9	+8.430485E-2	-9.112033E-1
+7.391615E+9	+8.410582E-2	-9.110978E-1
+7.391630E+9	+8.412851E-2	-9.112720E-1
+7.391645E+9	+8.381900E-2	-9.113399E-1
+7.391660E+9	+8.300193E-2	-9.118948E-1
+7.391675E+9	+8.258998E-2	-9.131554E-1
+7.391690E+9	+8.258666E-2	-9.127243E-1
+7.391705E+9	+8.238636E-2	-9.118570E-1
+7.391720E+9	+8.188118E-2	-9.110256E-1
+7.391735E+9	+8.235494E-2	-9.120747E-1
+7.391750E+9	+8.279720E-2	-9.130146E-1
+7.391765E+9	+8.261334E-2	-9.131591E-1
+7.391780E+9	+8.307954E-2	-9.136586E-1
+7.391795E+9	+8.240924E-2	-9.137488E-1
+7.391810E+9	+8.118356E-2	-9.141936E-1
+7.391825E+9	+8.152224E-2	-9.141232E-1
+7.391840E+9	+8.017342E-2	-9.128436E-1
+7.391855E+9	+8.005545E-2	-9.116748E-1
+7.391870E+9	+7.987577E-2	-9.121870E-1
+7.391885E+9	+7.993865E-2	-9.124786E-1
+7.391900E+9	+8.015193E-2	-9.123589E-1
+7.391915E+9	+8.052837E-2	-9.123894E-1
+7.391930E+9	+8.049418E-2	-9.123601E-1
+7.391945E+9	+7.951169E-2	-9.126635E-1
+7.391960E+9	+7.930746E-2	-9.133817E-1
+7.391975E+9	+7.953961E-2	-9.134735E-1
+7.391990E+9	+7.956374E-2	-9.131782E-1
+7.392005E+9	+7.908431E-2	-9.130933E-1
+7.392020E+9	+7.811897E-2	-9.131184E-1
+7.392035E+9	+7.768062E-2	-9.138554E-1
+7.392050E+9	+7.793890E-2	-9.144564E-1
+7.392065E+9	+7.794237E-2	-9.141850E-1
+7.392080E+9	+7.770136E-2	-9.142381E-1
+7.392095E+9	+7.724532E-2	-9.141697E-1
+7.392110E+9	+7.712691E-2	-9.131234E-1
+7.392125E+9	+7.767834E-2	-9.130094E-1
+7.392140E+9	+7.735274E-2	-9.133720E-1
+7.392155E+9	+7.759692E-2	-9.129722E-1
+7.392170E+9	+7.677111E-2	-9.131840E-1
+7.392185E+9	+7.592079E-2	-9.131598E-1
+7.392200E+9	+7.638946E-2	-9.129591E-1
+7.392215E+9	+7.614282E-2	-9.136789E-1
+7.392230E+9	+7.583074E-2	-9.140867E-1
+7.392245E+9	+7.505273E-2	-9.149319E-1
+7.392260E+9	+7.490630E-2	-9.127016E-1
+7.392275E+9	+7.540755E-2	-9.114836E-1
+7.392290E+9	+7.498768E-2	-9.119439E-1
+7.392305E+9	+7.492374E-2	-9.130340E-1
+7.392320E+9	+7.502035E-2	-9.126090E-1
+7.392335E+9	+7.491258E-2	-9.130848E-1
+7.392350E+9	+7.534894E-2	-9.129673E-1
+7.392365E+9	+7.554033E-2	-9.119470E-1
+7.392380E+9	+7.512516E-2	-9.111633E-1
+7.392395E+9	+7.429275E-2	-9.112762E-1
+7.392410E+9	+7.284356E-2	-9.127750E-1
+7.392425E+9	+7.275464E-2	-9.141114E-1
+7.392440E+9	+7.248147E-2	-9.127290E-1
+7.392455E+9	+7.265269E-2	-9.121927E-1
+7.392470E+9	+7.283247E-2	-9.123192E-1
+7.392485E+9	+7.259436E-2	-9.127457E-1
+7.392500E+9	+7.147141E-2	-9.132539E-1
+7.392515E+9	+7.145004E-2	-9.136160E-1
+7.392530E+9	+7.194371E-2	-9.136262E-1
+7.392545E+9	+7.224615E-2	-9.138252E-1
+7.392560E+9	+7.226236E-2	-9.141530E-1
+7.392575E+9	+7.138403E-2	-9.139770E-1
+7.392590E+9	+7.061121E-2	-9.137766E-1
+7.392605E+9	+7.080727E-2	-9.136829E-1
+7.392620E+9	+6.988408E-2	-9.138501E-1
+7.392635E+9	+6.960909E-2	-9.140525E-1
+7.392650E+9	+6.947749E-2	-9.145015E-1
+7.392665E+9	+6.907129E-2	-9.146420E-1
+7.392680E+9	+7.007161E-2	-9.137076E-1
+7.392695E+9	+6.869452E-2	-9.128136E-1
+7.392710E+9	+6.917032E-2	-9.132259E-1
+7.392725E+9	+7.064758E-2	-9.136281E-1
+7.392740E+9	+6.962299E-2	-9.131502E-1
+7.392755E+9	+6.908405E-2	-9.128612E-1
+7.392770E+9	+6.891419E-2	-9.128131E-1
+7.392785E+9	+6.864383E-2	-9.133429E-1
+7.392800E+9	+6.813029E-2	-9.135765E-1
+7.392815E+9	+6.787587E-2	-9.139432E-1
+7.392830E+9	+6.752467E-2	-9.142123E-1
+7.392845E+9	+6.688771E-2	-9.151050E-1
+7.392860E+9	+6.677042E-2	-9.144596E-1
+7.392875E+9	+6.772854E-2	-9.133597E-1
+7.392890E+9	+6.754484E-2	-9.129493E-1
+7.392905E+9	+6.668112E-2	-9.146050E-1
+7.392920E+9	+6.660874E-2	-9.138749E-1
+7.392935E+9	+6.607670E-2	-9.137306E-1
+7.392950E+9	+6.622495E-2	-9.140517E-1
+7.392965E+9	+6.671185E-2	-9.145025E-1
+7.392980E+9	+6.646171E-2	-9.144419E-1
+7.392995E+9	+6.604545E-2	-9.139499E-1
+7.393010E+9	+6.613096E-2	-9.143889E-1
+7.393025E+9	+6.570795E-2	-9.145116E-1
+7.393040E+9	+6.504631E-2	-9.143390E-1
+7.393055E+9	+6.435017E-2	-9.144473E-1
+7.393070E+9	+6.319592E-2	-9.143166E-1
+7.393085E+9	+6.428477E-2	-9.146863E-1
+7.393100E+9	+6.447280E-2	-9.152476E-1
+7.393115E+9	+6.368998E-2	-9.140920E-1
+7.393130E+9	+6.354961E-2	-9.139003E-1
+7.393145E+9	+6.376327E-2	-9.148792E-1
+7.393160E+9	+6.367544E-2	-9.147958E-1
+7.393175E+9	+6.283272E-2	-9.149803E-1
+7.393190E+9	+6.246792E-2	-9.140108E-1
+7.393205E+9	+6.272305E-2	-9.142739E-1
+7.393220E+9	+6.303994E-2	-9.150789E-1
+7.393235E+9	+6.259021E-2	-9.146763E-1
+7.393250E+9	+6.203954E-2	-9.139102E-1
+7.393265E+9	+6.131622E-2	-9.139440E-1
+7.393280E+9	+6.110322E-2	-9.133924E-1
+7.393295E+9	+6.072893E-2	-9.133939E-1
+7.393310E+9	+6.015715E-2	-9.145602E-1
+7.393325E+9	+6.011354E-2	-9.151961E-1
+7.393340E+9	+6.021218E-2	-9.144954E-1
+7.393355E+9	+6.029866E-2	-9.148934E-1
+7.393370E+9	+5.980532E-2	-9.153474E-1
+7.393385E+9	+5.940129E-2	-9.150265E-1
+7.393400E+9	+5.927416E-2	-9.148179E-1
+7.393415E+9	+5.969740E-2	-9.152989E-1
+7.393430E+9	+6.017167E-2	-9.150153E-1
+7.393445E+9	+5.980681E-2	-9.141078E-1
+7.393460E+9	+5.963572E-2	-9.142391E-1
+7.393475E+9	+5.950292E-2	-9.146873E-1
+7.393490E+9	+5.856299E-2	-9.146137E-1
+7.393505E+9	+5.842238E-2	-9.143830E-1
+7.393520E+9	+5.870374E-2	-9.142940E-1
+7.393535E+9	+5.838388E-2	-9.145026E-1
+7.393550E+9	+5.835175E-2	-9.149920E-1
+7.393565E+9	+5.707548E-2	-9.150552E-1
+7.393580E+9	+5.684944E-2	-9.148596E-1
+7.393595E+9	+5.733574E-2	-9.147389E-1
+7.393610E+9	+5.699824E-2	-9.147596E-1
+7.393625E+9	+5.635517E-2	-9.149780E-1
+7.393640E+9	+5.638661E-2	-9.151105E-1
+7.393655E+9	+5.540865E-2	-9.154483E-1
+7.393670E+9	+5.504528E-2	-9.158590E-1
+7.393685E+9	+5.600401E-2	-9.149730E-1
+7.393700E+9	+5.597672E-2	-9.140699E-1
+7.393715E+9	+5.493601E-2	-9.142310E-1
+7.393730E+9	+5.532146E-2	-9.148106E-1
+7.393745E+9	+5.484009E-2	-9.152520E-1
+7.393760E+9	+5.466934E-2	-9.143436E-1
+7.393775E+9	+5.350524E-2	-9.137687E-1
+7.393790E+9	+5.309981E-2	-9.135988E-1
+7.393805E+9	+5.612877E-2	-9.162284E-1
+7.393820E+9	+5.548418E-2	-9.155456E-1
+7.393835E+9	+5.421040E-2	-9.134536E-1
+7.393850E+9	+5.362858E-2	-9.134808E-1
+7.393865E+9	+5.292923E-2	-9.135983E-1
+7.393880E+9	+5.397216E-2	-9.139337E-1
+7.393895E+9	+5.359684E-2	-9.136906E-1
+7.393910E+9	+5.367859E-2	-9.149517E-1
+7.393925E+9	+5.294813E-2	-9.145546E-1
+7.393940E+9	+5.299780E-2	-9.151924E-1
+7.393955E+9	+5.178823E-2	-9.146013E-1
+7.393970E+9	+5.169678E-2	-9.143758E-1
+7.393985E+9	+5.190707E-2	-9.147203E-1
+7.394000E+9	+5.151066E-2	-9.146359E-1
+7.394015E+9	+5.090231E-2	-9.151342E-1
+7.394030E+9	+5.067465E-2	-9.154099E-1
+7.394045E+9	+5.086350E-2	-9.150608E-1
+7.394060E+9	+5.072358E-2	-9.144599E-1
+7.394075E+9	+5.047086E-2	-9.149084E-1
+7.394090E+9	+5.019468E-2	-9.153951E-1
+7.394105E+9	+5.147717E-2	-9.151862E-1
+7.394120E+9	+5.068678E-2	-9.150308E-1
+7.394135E+9	+4.937768E-2	-9.150149E-1
+7.394150E+9	+4.926597E-2	-9.154192E-1
+7.394165E+9	+4.938958E-2	-9.156717E-1
+7.394180E+9	+4.988451E-2	-9.151268E-1
+7.394195E+9	+4.879939E-2	-9.151645E-1
+7.394210E+9	+4.799332E-2	-9.155865E-1
+7.394225E+9	+4.820134E-2	-9.158755E-1
+7.394240E+9	+4.777254E-2	-9.150786E-1
+7.394255E+9	+4.748153E-2	-9.147443E-1
+7.394270E+9	+4.666117E-2	-9.139171E-1
+7.394285E+9	+4.755754E-2	-9.142263E-1
+7.394300E+9	+4.780817E-2	-9.150472E-1
+7.394315E+9	+4.684663E-2	-9.152934E-1
+7.394330E+9	+4.750038E-2	-9.155450E-1
+7.394345E+9	+4.744492E-2	-9.144282E-1
+7.394360E+9	+4.725664E-2	-9.140164E-1
+7.394375E+9	+4.627290E-2	-9.152232E-1
+7.394390E+9	+4.686719E-2	-9.162216E-1
+7.394405E+9	+4.760344E-2	-9.154322E-1
+7.394420E+9	+4.655468E-2	-9.145706E-1
+7.394435E+9	+4.584596E-2	-9.144651E-1
+7.394450E+9	+4.491030E-2	-9.147986E-1
+7.394465E+9	+4.483388E-2	-9.151215E-1
+7.394480E+9	+4.519112E-2	-9.155736E-1
+7.394495E+9	+4.442237E-2	-9.155645E-1
+7.394510E+9	+4.380243E-2	-9.157610E-1
+7.394525E+9	+4.505109E-2	-9.158002E-1
+7.394540E+9	+4.355041E-2	-9.149290E-1
+7.394555E+9	+4.334423E-2	-9.139700E-1
+7.394570E+9	+4.436300E-2	-9.147815E-1
+7.394585E+9	+4.442864E-2	-9.158255E-1
+7.394600E+9	+4.398199E-2	-9.157759E-1
+7.394615E+9	+4.346218E-2	-9.165840E-1
+7.394630E+9	+4.412866E-2	-9.158820E-1
+7.394645E+9	+4.350599E-2	-9.155394E-1
+7.394660E+9	+4.335867E-2	-9.157015E-1
+7.394675E+9	+4.278977E-2	-9.157129E-1
+7.394690E+9	+4.265936E-2	-9.158234E-1
+7.394705E+9	+4.237413E-2	-9.154923E-1
+7.394720E+9	+4.221519E-2	-9.152125E-1
+7.394735E+9	+4.084337E-2	-9.147452E-1
+7.394750E+9	+4.112064E-2	-9.144624E-1
+7.394765E+9	+4.113166E-2	-9.152209E-1
+7.394780E+9	+4.129112E-2	-9.159189E-1
+7.394795E+9	+4.222988E-2	-9.165094E-1
+7.394810E+9	+4.173694E-2	-9.157752E-1
+7.394825E+9	+4.142153E-2	-9.140032E-1
+7.394840E+9	+4.121012E-2	-9.153850E-1
+7.394855E+9	+4.135748E-2	-9.160190E-1
+7.394870E+9	+4.040661E-2	-9.164446E-1
+7.394885E+9	+3.917258E-2	-9.156556E-1
+7.394900E+9	+4.069883E-2	-9.135925E-1
+7.394915E+9	+3.928049E-2	-9.146496E-1
+7.394930E+9	+3.846497E-2	-9.159299E-1
+7.394945E+9	+3.886262E-2	-9.171457E-1
+7.394960E+9	+3.878431E-2	-9.173128E-1
+7.394975E+9	+4.044890E-2	-9.153590E-1
+7.394990E+9	+3.918234E-2	-9.150830E-1
+7.395005E+9	+3.824248E-2	-9.147319E-1
+7.395020E+9	+3.776891E-2	-9.144778E-1
+7.395035E+9	+3.694322E-2	-9.148074E-1
+7.395050E+9	+3.729579E-2	-9.165580E-1
+7.395065E+9	+3.664590E-2	-9.156602E-1
+7.395080E+9	+3.659219E-2	-9.152572E-1
+7.395095E+9	+3.632138E-2	-9.156151E-1
+7.395110E+9	+3.594565E-2	-9.156611E-1
+7.395125E+9	+3.819972E-2	-9.156453E-1
+7.395140E+9	+3.688030E-2	-9.159081E-1
+7.395155E+9	+3.586624E-2	-9.158660E-1
+7.395170E+9	+3.579142E-2	-9.163707E-1
+7.395185E+9	+3.521012E-2	-9.163077E-1
+7.395200E+9	+3.589981E-2	-9.149045E-1
+7.395215E+9	+3.570344E-2	-9.159311E-1
+7.395230E+9	+3.514203E-2	-9.169909E-1
+7.395245E+9	+3.498690E-2	-9.173046E-1
+7.395260E+9	+3.398127E-2	-9.169757E-1
+7.395275E+9	+3.541805E-2	-9.151027E-1
+7.395290E+9	+3.466165E-2	-9.150612E-1
+7.395305E+9	+3.378022E-2	-9.152351E-1
+7.395320E+9	+3.323386E-2	-9.157961E-1
+7.395335E+9	+3.271497E-2	-9.154489E-1
+7.395350E+9	+3.553295E-2	-9.158567E-1
+7.395365E+9	+3.416781E-2	-9.160948E-1
+7.395380E+9	+3.290561E-2	-9.163132E-1
+7.395395E+9	+3.317360E-2	-9.151894E-1
+7.395410E+9	+3.252469E-2	-9.148876E-1
+7.395425E+9	+3.200820E-2	-9.154878E-1
+7.395440E+9	+3.187186E-2	-9.153275E-1
+7.395455E+9	+3.170975E-2	-9.158634E-1
+7.395470E+9	+3.178505E-2	-9.155742E-1
+7.395485E+9	+3.154588E-2	-9.155083E-1
+7.395500E+9	+3.128061E-2	-9.170978E-1
+7.395515E+9	+3.092197E-2	-9.165938E-1
+7.395530E+9	+3.020357E-2	-9.164499E-1
+7.395545E+9	+3.016678E-2	-9.162601E-1
+7.395560E+9	+3.124391E-2	-9.164402E-1
+7.395575E+9	+3.027157E-2	-9.145136E-1
+7.395590E+9	+3.061348E-2	-9.144867E-1
+7.395605E+9	+3.028040E-2	-9.152528E-1
+7.395620E+9	+2.951172E-2	-9.159290E-1
+7.395635E+9	+2.874763E-2	-9.159746E-1
+7.395650E+9	+2.957117E-2	-9.153857E-1
+7.395665E+9	+2.907298E-2	-9.153622E-1
+7.395680E+9	+2.839242E-2	-9.160611E-1
+7.395695E+9	+2.762784E-2	-9.168454E-1
+7.395710E+9	+2.907247E-2	-9.163658E-1
+7.395725E+9	+2.869403E-2	-9.132166E-1
+7.395740E+9	+2.880269E-2	-9.153387E-1
+7.395755E+9	+2.797581E-2	-9.161015E-1
+7.395770E+9	+2.803709E-2	-9.156449E-1
+7.395785E+9	+2.736741E-2	-9.154589E-1
+7.395800E+9	+2.566930E-2	-9.147508E-1
+7.395815E+9	+2.621254E-2	-9.144519E-1
+7.395830E+9	+2.699952E-2	-9.162525E-1
+7.395845E+9	+2.635003E-2	-9.166984E-1
+7.395860E+9	+2.616809E-2	-9.160332E-1
+7.395875E+9	+2.487459E-2	-9.148604E-1
+7.395890E+9	+2.538563E-2	-9.152386E-1
+7.395905E+9	+2.514924E-2	-9.159065E-1
+7.395920E+9	+2.489401E-2	-9.166283E-1
+7.395935E+9	+2.612006E-2	-9.163472E-1
+7.395950E+9	+2.628746E-2	-9.157838E-1
+7.395965E+9	+2.565353E-2	-9.166875E-1
+7.395980E+9	+2.531964E-2	-9.161375E-1
+7.395995E+9	+2.620769E-2	-9.159153E-1
+7.396010E+9	+2.581907E-2	-9.152413E-1
+7.396025E+9	+2.367952E-2	-9.155124E-1
+7.396040E+9	+2.326048E-2	-9.162516E-1
+7.396055E+9	+2.400701E-2	-9.172511E-1
+7.396070E+9	+2.392132E-2	-9.165073E-1
+7.396085E+9	+2.335746E-2	-9.156110E-1
+7.396100E+9	+2.282643E-2	-9.150269E-1
+7.396115E+9	+2.252513E-2	-9.143532E-1
+7.396130E+9	+2.357165E-2	-9.151563E-1
+7.396145E+9	+2.293689E-2	-9.157809E-1
+7.396160E+9	+2.197884E-2	-9.159957E-1
+7.396175E+9	+2.107764E-2	-9.151627E-1
+7.396190E+9	+2.131572E-2	-9.154672E-1
+7.396205E+9	+2.185302E-2	-9.156130E-1
+7.396220E+9	+2.304485E-2	-9.160108E-1
+7.396235E+9	+2.271526E-2	-9.161584E-1
+7.396250E+9	+2.161099E-2	-9.160304E-1
+7.396265E+9	+2.196633E-2	-9.164170E-1
+7.396280E+9	+2.199584E-2	-9.164796E-1
+7.396295E+9	+2.107448E-2	-9.164158E-1
+7.396310E+9	+2.061320E-2	-9.167151E-1
+7.396325E+9	+2.060735E-2	-9.165604E-1
+7.396340E+9	+1.991774E-2	-9.160353E-1
+7.396355E+9	+1.959281E-2	-9.159436E-1
+7.396370E+9	+1.958130E-2	-9.163303E-1
+7.396385E+9	+1.899358E-2	-9.170596E-1
+7.396400E+9	+1.888039E-2	-9.174623E-1
+7.396415E+9	+1.821018E-2	-9.165102E-1
+7.396430E+9	+1.817635E-2	-9.160930E-1
+7.396445E+9	+1.904392E-2	-9.158254E-1
+7.396460E+9	+1.882652E-2	-9.154011E-1
+7.396475E+9	+1.839561E-2	-9.156053E-1
+7.396490E+9	+1.865276E-2	-9.161468E-1
+7.396505E+9	+1.865582E-2	-9.162769E-1
+7.396520E+9	+1.827550E-2	-9.163563E-1
+7.396535E+9	+1.662014E-2	-9.177963E-1
+7.396550E+9	+1.793768E-2	-9.181146E-1
+7.396565E+9	+1.710726E-2	-9.159760E-1
+7.396580E+9	+1.660597E-2	-9.147591E-1
+7.396595E+9	+1.701566E-2	-9.152434E-1
+7.396610E+9	+1.685023E-2	-9.160125E-1
+7.396625E+9	+1.619346E-2	-9.157500E-1
+7.396640E+9	+1.590061E-2	-9.155106E-1
+7.396655E+9	+1.623895E-2	-9.148255E-1
+7.396670E+9	+1.569085E-2	-9.146539E-1
+7.396685E+9	+1.546869E-2	-9.153792E-1
+7.396700E+9	+1.516510E-2	-9.157509E-1
+7.396715E+9	+1.453496E-2	-9.160906E-1
+7.396730E+9	+1.431591E-2	-9.158820E-1
+7.396745E+9	+1.529314E-2	-9.158353E-1
+7.396760E+9	+1.515986E-2	-9.163846E-1
+7.396775E+9	+1.460984E-2	-9.170107E-1
+7.396790E+9	+1.472545E-2	-9.162301E-1
+7.396805E+9	+1.476018E-2	-9.162203E-1
+7.396820E+9	+1.462180E-2	-9.163888E-1
+7.396835E+9	+1.353424E-2	-9.167281E-1
+7.396850E+9	+1.304550E-2	-9.172310E-1
+7.396865E+9	+1.391511E-2	-9.172681E-1
+7.396880E+9	+1.389099E-2	-9.161097E-1
+7.396895E+9	+1.157477E-2	-9.158617E-1
+7.396910E+9	+1.198038E-2	-9.158779E-1
+7.396925E+9	+1.367327E-2	-9.160806E-1
+7.396940E+9	+1.238748E-2	-9.160975E-1
+7.396955E+9	+1.229260E-2	-9.166346E-1
+7.396970E+9	+1.138246E-2	-9.164582E-1
+7.396985E+9	+1.147760E-2	-9.152394E-1
+7.397000E+9	+1.232549E-2	-9.161211E-1
+7.397015E+9	+1.153840E-2	-9.166582E-1
+7.397030E+9	+1.089484E-2	-9.168029E-1
+7.397045E+9	+1.115047E-2	-9.168296E-1
+7.397060E+9	+1.130684E-2	-9.165774E-1
+7.397075E+9	+1.159340E-2	-9.161062E-1
+7.397090E+9	+1.086064E-2	-9.163694E-1
+7.397105E+9	+9.541105E-3	-9.169040E-1
+7.397120E+9	+9.602246E-3	-9.161873E-1
+7.397135E+9	+9.432637E-3	-9.158271E-1
+7.397150E+9	+9.593971E-3	-9.157487E-1
+7.397165E+9	+9.468936E-3	-9.155567E-1
+7.397180E+9	+1.005018E-2	-9.162627E-1
+7.397195E+9	+8.867752E-3	-9.167973E-1
+7.397210E+9	+8.489866E-3	-9.165227E-1
+7.397225E+9	+7.899229E-3	-9.156287E-1
+7.397240E+9	+6.996255E-3	-9.152581E-1
+7.397255E+9	+7.083915E-3	-9.151613E-1
+7.397270E+9	+7.810642E-3	-9.152445E-1
+7.397285E+9	+8.019163E-3	-9.150794E-1
+7.397300E+9	+7.949028E-3	-9.153391E-1
+7.397315E+9	+8.301475E-3	-9.170785E-1
+7.397330E+9	+7.344449E-3	-9.167572E-1
+7.397345E+9	+6.401942E-3	-9.163430E-1
+7.397360E+9	+6.068982E-3	-9.168524E-1
+7.397375E+9	+6.446178E-3	-9.169748E-1
+7.397390E+9	+6.556371E-3	-9.163312E-1
+7.397405E+9	+6.345746E-3	-9.163289E-1
+7.397420E+9	+5.918132E-3	-9.173697E-1
+7.397435E+9	+5.635852E-3	-9.170374E-1
+7.397450E+9	+4.982210E-3	-9.165609E-1
+7.397465E+9	+3.945631E-3	-9.164609E-1
+7.397480E+9	+4.982302E-3	-9.173291E-1
+7.397495E+9	+4.857058E-3	-9.177606E-1
+7.397510E+9	+4.302360E-3	-9.170496E-1
+7.397525E+9	+3.753987E-3	-9.164852E-1
+7.397540E+9	+3.512802E-3	-9.165755E-1
+7.397555E+9	+3.637427E-3	-9.165762E-1
+7.397570E+9	+3.416577E-3	-9.167389E-1
+7.397585E+9	+3.589266E-3	-9.148704E-1
+7.397600E+9	+2.807013E-3	-9.146162E-1
+7.397615E+9	+3.632824E-3	-9.156678E-1
+7.397630E+9	+3.414607E-3	-9.162285E-1
+7.397645E+9	+2.549784E-3	-9.165445E-1
+7.397660E+9	+2.034201E-3	-9.163728E-1
+7.397675E+9	+1.968471E-3	-9.152507E-1
+7.397690E+9	+1.840120E-3	-9.165604E-1
+7.397705E+9	+2.371002E-3	-9.173937E-1
+7.397720E+9	+2.410262E-3	-9.174980E-1
+7.397735E+9	+2.066239E-3	-9.169395E-1
+7.397750E+9	+1.073923E-3	-9.162595E-1
+7.397765E+9	+8.513765E-5	-9.156283E-1
+7.397780E+9	-6.344087E-4	-9.162198E-1
+7.397795E+9	-1.012900E-3	-9.170114E-1
+7.397810E+9	+6.226211E-4	-9.170725E-1
+7.397825E+9	-3.437767E-5	-9.158750E-1
+7.397840E+9	-4.690501E-4	-9.159149E-1
+7.397855E+9	-1.485789E-3	-9.168779E-1
+7.397870E+9	-1.479000E-3	-9.164355E-1
+7.397885E+9	-8.961361E-4	-9.171993E-1
+7.397900E+9	-9.759108E-4	-9.167573E-1
+7.397915E+9	-1.260640E-3	-9.164923E-1
+7.397930E+9	-1.036733E-3	-9.173403E-1
+7.397945E+9	-1.277608E-3	-9.187847E-1
+7.397960E+9	-1.185783E-3	-9.187478E-1
+7.397975E+9	-1.292100E-3	-9.165960E-1
+7.397990E+9	-8.807830E-4	-9.166175E-1
+7.398005E+9	-2.222163E-3	-9.180823E-1
+7.398020E+9	-2.868602E-3	-9.180828E-1
+7.398035E+9	-3.520703E-3	-9.170611E-1
+7.398050E+9	-2.925172E-3	-9.167448E-1
+7.398065E+9	-3.106765E-3	-9.167196E-1
+7.398080E+9	-3.126945E-3	-9.166921E-1
+7.398095E+9	-3.214398E-3	-9.168539E-1
+7.398110E+9	-2.680204E-3	-9.150434E-1
+7.398125E+9	-2.994858E-3	-9.166931E-1
+7.398140E+9	-2.997905E-3	-9.169255E-1
+7.398155E+9	-3.582318E-3	-9.168094E-1
+7.398170E+9	-5.297026E-3	-9.170454E-1
+7.398185E+9	-5.340108E-3	-9.164978E-1
+7.398200E+9	-4.646228E-3	-9.160532E-1
+7.398215E+9	-4.658672E-3	-9.164122E-1
+7.398230E+9	-4.629707E-3	-9.164737E-1
+7.398245E+9	-4.462664E-3	-9.167540E-1
+7.398260E+9	-4.113553E-3	-9.171111E-1
+7.398275E+9	-4.082884E-3	-9.168460E-1
+7.398290E+9	-5.411295E-3	-9.162569E-1
+7.398305E+9	-6.510380E-3	-9.155477E-1
+7.398320E+9	-6.980823E-3	-9.156101E-1
+7.398335E+9	-5.977489E-3	-9.160499E-1
+7.398350E+9	-5.862281E-3	-9.169072E-1
+7.398365E+9	-6.170672E-3	-9.167961E-1
+7.398380E+9	-7.529057E-3	-9.165027E-1
+7.398395E+9	-7.290184E-3	-9.166752E-1
+7.398410E+9	-7.516496E-3	-9.172755E-1
+7.398425E+9	-8.193357E-3	-9.170728E-1
+7.398440E+9	-8.407736E-3	-9.166961E-1
+7.398455E+9	-8.564264E-3	-9.164107E-1
+7.398470E+9	-8.214503E-3	-9.163244E-1
+7.398485E+9	-8.095802E-3	-9.161075E-1
+7.398500E+9	-8.741173E-3	-9.160394E-1
+7.398515E+9	-8.952531E-3	-9.161432E-1
+7.398530E+9	-9.313939E-3	-9.161228E-1
+7.398545E+9	-1.015944E-2	-9.160354E-1
+7.398560E+9	-9.508898E-3	-9.174079E-1
+7.398575E+9	-9.593355E-3	-9.173243E-1
+7.398590E+9	-9.213170E-3	-9.173143E-1
+7.398605E+9	-1.042776E-2	-9.160582E-1
+7.398620E+9	-1.027014E-2	-9.158715E-1
+7.398635E+9	-1.044120E-2	-9.159897E-1
+7.398650E+9	-1.100717E-2	-9.159945E-1
+7.398665E+9	-1.101290E-2	-9.158028E-1
+7.398680E+9	-1.131201E-2	-9.159018E-1
+7.398695E+9	-1.222044E-2	-9.159722E-1
+7.398710E+9	-1.059044E-2	-9.158979E-1
+7.398725E+9	-1.051330E-2	-9.155114E-1
+7.398740E+9	-1.108563E-2	-9.157146E-1
+7.398755E+9	-1.177955E-2	-9.161777E-1
+7.398770E+9	-1.307420E-2	-9.172097E-1
+7.398785E+9	-1.263214E-2	-9.169713E-1
+7.398800E+9	-1.348256E-2	-9.176065E-1
+7.398815E+9	-1.422566E-2	-9.169008E-1
+7.398830E+9	-1.256845E-2	-9.171841E-1
+7.398845E+9	-1.319218E-2	-9.173897E-1
+7.398860E+9	-1.402522E-2	-9.164324E-1
+7.398875E+9	-1.149804E-2	-9.166151E-1
+7.398890E+9	-1.237355E-2	-9.162542E-1
+7.398905E+9	-1.358135E-2	-9.162005E-1
+7.398920E+9	-1.415788E-2	-9.165371E-1
+7.398935E+9	-1.469626E-2	-9.166473E-1
+7.398950E+9	-1.535835E-2	-9.163362E-1
+7.398965E+9	-1.571885E-2	-9.163908E-1
+7.398980E+9	-1.526120E-2	-9.167932E-1
+7.398995E+9	-1.522687E-2	-9.171261E-1
+7.399010E+9	-1.554569E-2	-9.169611E-1
+7.399025E+9	-1.629142E-2	-9.160108E-1
+7.399040E+9	-1.624535E-2	-9.157867E-1
+7.399055E+9	-1.640037E-2	-9.158197E-1
+7.399070E+9	-1.702354E-2	-9.150581E-1
+7.399085E+9	-1.689924E-2	-9.153533E-1
+7.399100E+9	-1.674319E-2	-9.171385E-1
+7.399115E+9	-1.633647E-2	-9.165401E-1
+7.399130E+9	-1.645679E-2	-9.160729E-1
+7.399145E+9	-1.689690E-2	-9.165206E-1
+7.399160E+9	-1.768307E-2	-9.174969E-1
+7.399175E+9	-1.782580E-2	-9.161181E-1
+7.399190E+9	-1.847246E-2	-9.163931E-1
+7.399205E+9	-1.819536E-2	-9.164041E-1
+7.399220E+9	-1.848489E-2	-9.161922E-1
+7.399235E+9	-1.813233E-2	-9.162967E-1
+7.399250E+9	-1.790172E-2	-9.164387E-1
+7.399265E+9	-1.850847E-2	-9.170610E-1
+7.399280E+9	-1.854068E-2	-9.160526E-1
+7.399295E+9	-1.872708E-2	-9.159723E-1
+7.399310E+9	-1.966881E-2	-9.163992E-1
+7.399325E+9	-1.896280E-2	-9.154418E-1
+7.399340E+9	-1.926791E-2	-9.160455E-1
+7.399355E+9	-1.943059E-2	-9.165320E-1
+7.399370E+9	-1.987289E-2	-9.164133E-1
+7.399385E+9	-2.047630E-2	-9.171892E-1
+7.399400E+9	-2.077781E-2	-9.158404E-1
+7.399415E+9	-2.070819E-2	-9.164394E-1
+7.399430E+9	-2.133243E-2	-9.174498E-1
+7.399445E+9	-2.180449E-2	-9.167960E-1
+7.399460E+9	-2.138164E-2	-9.169421E-1
+7.399475E+9	-2.186150E-2	-9.156409E-1
+7.399490E+9	-2.150781E-2	-9.165092E-1
+7.399505E+9	-2.075516E-2	-9.161659E-1
+7.399520E+9	-2.157154E-2	-9.165139E-1
+7.399535E+9	-2.162843E-2	-9.170328E-1
+7.399550E+9	-2.227062E-2	-9.166925E-1
+7.399565E+9	-2.316380E-2	-9.168454E-1
+7.399580E+9	-2.366056E-2	-9.151243E-1
+7.399595E+9	-2.403026E-2	-9.155273E-1
+7.399610E+9	-2.266362E-2	-9.168804E-1
+7.399625E+9	-2.340196E-2	-9.165729E-1
+7.399640E+9	-2.411642E-2	-9.160789E-1
+7.399655E+9	-2.381855E-2	-9.153332E-1
+7.399670E+9	-2.403715E-2	-9.148238E-1
+7.399685E+9	-2.423420E-2	-9.155251E-1
+7.399700E+9	-2.437457E-2	-9.160110E-1
+7.399715E+9	-2.538375E-2	-9.160998E-1
+7.399730E+9	-2.538328E-2	-9.159373E-1
+7.399745E+9	-2.495296E-2	-9.155324E-1
+7.399760E+9	-2.464601E-2	-9.166943E-1
+7.399775E+9	-2.608707E-2	-9.177095E-1
+7.399790E+9	-2.621015E-2	-9.171312E-1
+7.399805E+9	-2.540169E-2	-9.154709E-1
+7.399820E+9	-2.599665E-2	-9.158624E-1
+7.399835E+9	-2.599481E-2	-9.167801E-1
+7.399850E+9	-2.552804E-2	-9.162982E-1
+7.399865E+9	-2.542404E-2	-9.161566E-1
+7.399880E+9	-2.567805E-2	-9.159115E-1
+7.399895E+9	-2.606395E-2	-9.161819E-1
+7.399910E+9	-2.632045E-2	-9.161535E-1
+7.399925E+9	-2.746799E-2	-9.166331E-1
+7.399940E+9	-2.842284E-2	-9.171351E-1
+7.399955E+9	-2.787979E-2	-9.162395E-1
+7.399970E+9	-2.841973E-2	-9.156407E-1
+7.399985E+9	-2.889594E-2	-9.159426E-1
+7.400000E+9	-2.921341E-2	-9.164897E-1
